Timestamp		Force Z		Comments
0   			-0.12   		   		
6   			-1.68   		   		
11   			-1.68   		   		
17   			-1.39   		   		
23   			-1.63   		   		
29   			-1.92   		   		
34   			-1.22   		   		
40   			-2.15   		   		
46   			-3.08   		   		
51   			-1.53   		   		
57   			-1.36   		   		
63   			-1.71   		   		
69   			-2.29   		   		
74   			-2.46   		   		
80   			-2.38   		   		
86   			-2.03   		   		
92   			-2.03   		   		
97   			-2.38   		   		
103   			-2.50   		   		
109   			-3.25   		   		
114   			-1.80   		   		
120   			-2.79   		   		
126   			-2.56   		   		
132   			-2.67   		   		
137   			-2.75   		   		
143   			-2.81   		   		
149   			-2.11   		   		
155   			-2.00   		   		
160   			-1.30   		   		
166   			-2.05   		   		
172   			-2.40   		   		
177   			-1.65   		   		
183   			-1.59   		   		
189   			-2.46   		   		
195   			-2.29   		   		
200   			-1.82   		   		
206   			-1.36   		   		
212   			-1.47   		   		
218   			-1.88   		   		
223   			-1.86   		   		
229   			-2.03   		   		
235   			-1.57   		   		
240   			-1.45   		   		
246   			-1.92   		   		
252   			-1.63   		   		
258   			-2.15   		   		
263   			-2.44   		   		
269   			-2.90   		   		
275   			-1.80   		   		
281   			-1.80   		   		
286   			-1.97   		   		
292   			-1.16   		   		
298   			-1.51   		   		
303   			-0.24   		   		
309   			-1.86   		   		
315   			-1.28   		   		
321   			-0.58   		   		
326   			-2.15   		   		
332   			-1.10   		   		
338   			-0.89   		   		
344   			-1.47   		   		
349   			-1.07   		   		
355   			-2.00   		   		
361   			-1.30   		   		
366   			-1.34   		   		
372   			-0.87   		   		
378   			-1.63   		   		
384   			-2.03   		   		
389   			-1.86   		   		
395   			-1.92   		   		
401   			-1.63   		   		
407   			-1.51   		   		
412   			-0.93   		   		
418   			-0.99   		   		
424   			-1.55   		   		
429   			-0.85   		   		
435   			-1.37   		   		
441   			-2.13   		   		
447   			-0.74   		   		
452   			-0.87   		   		
458   			-1.45   		   		
464   			-1.68   		   		
470   			-1.39   		   		
475   			-1.68   		   		
481   			-1.61   		   		
487   			-1.20   		   		
492   			-1.26   		   		
498   			-1.37   		   		
504   			-1.08   		   		
510   			-1.08   		   		
515   			-0.91   		   		
521   			-0.85   		   		
527   			-1.32   		   		
533   			-0.62   		   		
538   			-1.66   		   		
544   			-0.62   		   		
550   			-1.49   		   		
555   			-1.61   		   		
561   			-1.20   		   		
567   			-0.97   		   		
573   			-0.68   		   		
578   			-1.03   		   		
584   			-1.32   		   		
590   			-1.66   		   		
596   			-2.52   		   		
601   			-1.53   		   		
607   			-2.05   		   		
613   			-1.24   		   		
618   			-2.52   		   		
624   			-2.21   		   		
630   			-1.63   		   		
636   			-1.97   		   		
641   			-1.10   		   		
647   			-2.09   		   		
653   			-2.38   		   		
659   			-1.39   		   		
664   			-1.80   		   		
670   			-0.93   		   		
676   			-1.51   		   		
681   			-1.86   		   		
687   			-2.09   		   		
693   			-1.57   		   		
699   			-1.68   		   		
704   			-1.80   		   		
710   			-1.95   		   		
716   			-1.43   		   		
722   			-2.59   		   		
727   			-2.36   		   		
733   			-1.32   		   		
739   			-1.53   		   		
744   			-1.53   		   		
750   			-1.36   		   		
756   			-1.18   		   		
762   			-1.47   		   		
767   			-1.57   		   		
773   			-2.03   		   		
779   			-1.68   		   		
785   			-2.90   		   		
790   			-2.61   		   		
796   			-1.95   		   		
802   			-2.01   		   		
807   			-1.37   		   		
813   			-2.42   		   		
819   			-1.43   		   		
825   			-1.22   		   		
830   			-1.34   		   		
836   			-1.80   		   		
842   			-3.95   		   		
847   			-1.68   		   		
853   			-1.65   		   		
859   			-1.18   		   		
865   			-1.82   		   		
870   			-1.88   		   		
876   			-1.59   		   		
882   			-1.95   		   		
888   			-1.84   		   		
893   			-0.97   		   		
899   			-2.19   		   		
905   			-4.16   		   		
910   			-2.11   		   		
916   			-1.94   		   		
922   			-1.59   		   		
928   			-1.53   		   		
933   			-1.65   		   		
939   			-1.71   		   		
945   			-1.76   		   		
951   			-1.59   		   		
956   			-1.36   		   		
962   			-1.36   		   		
968   			-3.39   		   		
973   			-1.24   		   		
979   			-1.18   		   		
985   			-1.13   		   		
991   			-1.24   		   		
996   			-1.34   		   		
1002   			-1.86   		   		
1008   			-1.16   		   		
1014   			-1.80   		   		
1019   			-1.57   		   		
1025   			-1.43   		   		
1031   			-3.17   		   		
1036   			-1.14   		   		
1042   			-1.55   		   		
1048   			-1.49   		   		
1054   			-0.66   		   		
1059   			-1.94   		   		
1065   			-1.18   		   		
1071   			-1.24   		   		
1077   			-1.42   		   		
1082   			-1.10   		   		
1088   			-0.87   		   		
1094   			-2.03   		   		
1099   			-1.34   		   		
1105   			-1.22   		   		
1111   			-1.63   		   		
1117   			-2.03   		   		
1122   			-1.22   		   		
1128   			-1.22   		   		
1134   			-1.10   		   		
1140   			-1.68   		   		
1145   			-0.41   		   		
1151   			-1.39   		   		
1157   			-1.34   		   		
1162   			-0.87   		   		
1168   			-1.86   		   		
1174   			-1.97   		   		
1180   			-2.15   		   		
1185   			-1.39   		   		
1191   			-1.63   		   		
1197   			-1.42   		   		
1203   			-0.95   		   		
1208   			-1.42   		   		
1214   			-0.89   		   		
1220   			-1.07   		   		
1225   			-1.07   		   		
1231   			-1.13   		   		
1237   			-1.42   		   		
1243   			-1.94   		   		
1248   			-2.11   		   		
1254   			-1.28   		   		
1260   			-2.21   		   		
1266   			-1.92   		   		
1271   			-2.15   		   		
1277   			-1.97   		   		
1283   			-1.88   		   		
1288   			-0.84   		   		
1294   			-1.82   		   		
1300   			-1.30   		   		
1306   			-1.71   		   		
1311   			-0.79   		   		
1317   			-1.37   		   		
1323   			-1.95   		   		
1329   			-2.19   		   		
1334   			-1.43   		   		
1340   			-1.94   		   		
1346   			-1.07   		   		
1351   			-1.13   		   		
1357   			-1.30   		   		
1363   			-2.46   		   		
1369   			-2.21   		   		
1374   			-2.03   		   		
1380   			-2.44   		   		
1386   			-2.15   		   		
1392   			-2.56   		   		
1397   			-2.09   		   		
1403   			-1.22   		   		
1409   			-1.80   		   		
1414   			-1.16   		   		
1420   			-2.73   		   		
1426   			-2.56   		   		
1432   			-1.68   		   		
1437   			-1.74   		   		
1443   			-2.27   		   		
1449   			-1.39   		   		
1455   			-1.51   		   		
1460   			-1.51   		   		
1466   			-2.38   		   		
1472   			-2.67   		   		
1477   			-2.32   		   		
1483   			-2.15   		   		
1489   			-1.51   		   		
1495   			-2.27   		   		
1500   			-1.68   		   		
1506   			-1.57   		   		
1512   			-2.27   		   		
1518   			-2.27   		   		
1523   			-1.22   		   		
1529   			-1.22   		   		
1535   			-2.21   		   		
1540   			-1.61   		   		
1546   			-2.37   		   		
1552   			-1.73   		   		
1558   			-2.25   		   		
1563   			-2.83   		   		
1569   			-2.38   		   		
1575   			-2.15   		   		
1581   			-3.14   		   		
1586   			-2.09   		   		
1592   			-1.86   		   		
1598   			-1.86   		   		
1603   			-1.92   		   		
1609   			-1.92   		   		
1615   			-1.39   		   		
1621   			-1.28   		   		
1626   			-2.11   		   		
1632   			-1.88   		   		
1638   			-1.24   		   		
1643   			-1.47   		   		
1649   			-1.01   		   		
1655   			-1.28   		   		
1661   			-1.74   		   		
1666   			-1.34   		   		
1672   			-0.87   		   		
1678   			-1.92   		   		
1684   			-2.01   		   		
1689   			-0.74   		   		
1695   			-1.14   		   		
1701   			-0.56   		   		
1706   			-1.26   		   		
1712   			-0.58   		   		
1718   			-0.76   		   		
1724   			-0.64   		   		
1729   			-0.76   		   		
1735   			-1.45   		   		
1741   			-1.22   		   		
1747   			-1.80   		   		
1752   			-1.92   		   		
1758   			-1.39   		   		
1764   			-2.32   		   		
1769   			-1.14   		   		
1775   			-1.32   		   		
1781   			-1.26   		   		
1787   			-0.16   		   		
1792   			-0.45   		   		
1798   			-1.30   		   		
1804   			-0.60   		   		
1810   			-0.60   		   		
1815   			0.21   		   		
1821   			-0.72   		   		
1827   			-1.66   		   		
1832   			-0.74   		   		
1838   			0.08   		   		
1844   			-0.04   		   		
1850   			-0.50   		   		
1855   			-0.99   		   		
1861   			-0.41   		   		
1867   			-0.76   		   		
1873   			-1.05   		   		
1878   			-0.99   		   		
1884   			-0.95   		   		
1890   			-0.26   		   		
1895   			-0.66   		   		
1901   			0.09   		   		
1907   			-0.89   		   		
1913   			-0.66   		   		
1918   			-1.42   		   		
1924   			-0.95   		   		
1930   			-0.72   		   		
1936   			-0.84   		   		
1941   			-1.05   		   		
1947   			-0.24   		   		
1953   			0.34   		   		
1958   			-0.53   		   		
1964   			0.17   		   		
1970   			-1.10   		   		
1976   			-1.39   		   		
1981   			-0.58   		   		
1987   			-1.10   		   		
1993   			-1.05   		   		
1999   			-0.78   		   		
2004   			-1.18   		   		
2010   			-1.47   		   		
2016   			-0.43   		   		
2021   			-0.78   		   		
2027   			-0.76   		   		
2033   			-1.16   		   		
2039   			-0.35   		   		
2044   			-0.24   		   		
2050   			-1.22   		   		
2056   			-0.97   		   		
2062   			-0.97   		   		
2067   			-2.07   		   		
2073   			-1.55   		   		
2079   			-0.91   		   		
2084   			-1.45   		   		
2090   			-0.87   		   		
2096   			-1.45   		   		
2102   			-1.22   		   		
2107   			-0.93   		   		
2113   			0.02   		   		
2119   			-1.03   		   		
2125   			-2.01   		   		
2130   			-1.72   		   		
2136   			-1.14   		   		
2142   			-1.05   		   		
2147   			0.05   		   		
2153   			-0.41   		   		
2159   			-0.53   		   		
2165   			-0.99   		   		
2170   			-1.05   		   		
2176   			-0.18   		   		
2182   			-0.58   		   		
2188   			-0.53   		   		
2193   			-0.99   		   		
2199   			-0.84   		   		
2205   			-0.72   		   		
2210   			-0.72   		   		
2216   			-1.18   		   		
2222   			-0.31   		   		
2228   			-0.04   		   		
2233   			-0.39   		   		
2239   			-0.79   		   		
2245   			-0.45   		   		
2250   			-1.03   		   		
2256   			-0.93   		   		
2262   			-0.87   		   		
2268   			-1.63   		   		
2273   			-0.99   		   		
2279   			-0.70   		   		
2285   			-2.21   		   		
2291   			-2.03   		   		
2296   			-1.92   		   		
2302   			-0.70   		   		
2308   			-2.15   		   		
2313   			-1.13   		   		
2319   			-0.49   		   		
2325   			-0.84   		   		
2331   			-1.24   		   		
2336   			-0.37   		   		
2342   			-0.91   		   		
2348   			-0.04   		   		
2354   			-0.85   		   		
2359   			-0.56   		   		
2365   			-0.85   		   		
2371   			-0.35   		   		
2376   			-1.05   		   		
2382   			-0.35   		   		
2388   			-0.76   		   		
2394   			-1.39   		   		
2399   			-0.74   		   		
2405   			-0.50   		   		
2411   			-0.56   		   		
2417   			-0.33   		   		
2422   			-0.21   		   		
2428   			-0.85   		   		
2434   			-1.03   		   		
2439   			-0.50   		   		
2445   			-1.37   		   		
2451   			-1.55   		   		
2457   			-1.63   		   		
2462   			-1.68   		   		
2468   			-0.81   		   		
2474   			-0.93   		   		
2480   			-1.86   		   		
2485   			-2.01   		   		
2491   			-1.55   		   		
2497   			-0.50   		   		
2502   			-1.08   		   		
2508   			-1.66   		   		
2514   			-2.24   		   		
2520   			-1.84   		   		
2525   			-1.49   		   		
2531   			-0.97   		   		
2537   			-0.68   		   		
2543   			-1.15   		   		
2548   			-1.15   		   		
2554   			-0.45   		   		
2560   			-0.80   		   		
2565   			-0.63   		   		
2571   			-1.36   		   		
2577   			-0.66   		   		
2583   			-1.18   		   		
2588   			-0.14   		   		
2594   			-0.84   		   		
2600   			-0.12   		   		
2606   			-0.29   		   		
2611   			-0.29   		   		
2617   			-0.47   		   		
2623   			-0.70   		   		
2628   			-0.33   		   		
2634   			-0.10   		   		
2640   			-0.62   		   		
2646   			-1.20   		   		
2651   			-0.85   		   		
2657   			-0.53   		   		
2663   			-1.10   		   		
2669   			-1.22   		   		
2674   			-0.58   		   		
2680   			-0.76   		   		
2686   			-0.45   		   		
2691   			-0.34   		   		
2697   			-0.97   		   		
2703   			-1.49   		   		
2709   			-1.38   		   		
2714   			-1.45   		   		
2720   			-1.63   		   		
2726   			-1.39   		   		
2732   			-0.76   		   		
2737   			-0.12   		   		
2743   			-1.34   		   		
2749   			0.29   		   		
2754   			-0.93   		   		
2760   			-0.87   		   		
2766   			-0.58   		   		
2772   			-1.39   		   		
2777   			-0.93   		   		
2783   			-0.87   		   		
2789   			-0.18   		   		
2795   			-0.76   		   		
2800   			-0.02   		   		
2806   			0.15   		   		
2812   			0.44   		   		
2817   			-0.43   		   		
2823   			-0.55   		   		
2829   			-0.89   		   		
2835   			-0.66   		   		
2840   			-1.13   		   		
2846   			-0.43   		   		
2852   			-1.24   		   		
2858   			-1.18   		   		
2863   			-1.13   		   		
2869   			-0.20   		   		
2875   			-1.13   		   		
2880   			0.21   		   		
2886   			-0.89   		   		
2892   			-0.78   		   		
2898   			-0.66   		   		
2903   			-1.30   		   		
2909   			-1.18   		   		
2915   			-1.42   		   		
2921   			-1.53   		   		
2926   			-2.17   		   		
2932   			-0.55   		   		
2938   			-0.89   		   		
2943   			-0.37   		   		
2949   			-1.13   		   		
2955   			-1.30   		   		
2961   			0.32   		   		
2966   			-0.20   		   		
2972   			-0.43   		   		
2978   			-0.14   		   		
2984   			-0.66   		   		
2989   			-0.49   		   		
2995   			0.26   		   		
3001   			-0.81   		   		
3006   			-0.64   		   		
3012   			0.05   		   		
3018   			-0.81   		   		
3024   			-0.53   		   		
3029   			-0.43   		   		
3035   			-0.14   		   		
3041   			-0.14   		   		
3047   			0.32   		   		
3052   			-0.78   		   		
3058   			-0.66   		   		
3064   			-0.89   		   		
3069   			-1.13   		   		
3075   			-0.37   		   		
3081   			-0.84   		   		
3087   			-0.76   		   		
3092   			-1.28   		   		
3098   			-0.41   		   		
3104   			-3.02   		   		
3109   			-1.28   		   		
3115   			-2.21   		   		
3121   			-1.63   		   		
3127   			-1.51   		   		
3132   			-2.44   		   		
3138   			-1.45   		   		
3144   			-1.05   		   		
3150   			-2.09   		   		
3155   			-1.57   		   		
3161   			-2.21   		   		
3167   			-1.45   		   		
3172   			-1.76   		   		
3178   			-1.71   		   		
3184   			-2.11   		   		
3190   			-1.71   		   		
3195   			-1.13   		   		
3201   			-2.15   		   		
3207   			-1.80   		   		
3213   			-1.45   		   		
3218   			-1.10   		   		
3224   			-0.81   		   		
3230   			0.09   		   		
3235   			-0.43   		   		
3241   			-0.89   		   		
3247   			-1.24   		   		
3253   			-1.13   		   		
3258   			-2.21   		   		
3264   			-1.68   		   		
3270   			-1.86   		   		
3276   			-2.21   		   		
3281   			-1.74   		   		
3287   			-2.27   		   		
3293   			-2.15   		   		
3298   			-1.57   		   		
3304   			-1.57   		   		
3310   			-0.81   		   		
3316   			-1.51   		   		
3321   			-1.86   		   		
3327   			-0.76   		   		
3333   			-0.81   		   		
3339   			-1.22   		   		
3344   			-0.70   		   		
3350   			-1.51   		   		
3356   			-0.76   		   		
3361   			-0.76   		   		
3367   			-0.81   		   		
3373   			-1.76   		   		
3379   			-1.58   		   		
3384   			-0.43   		   		
3390   			-0.54   		   		
3396   			-0.77   		   		
3402   			-0.24   		   		
3407   			-0.12   		   		
3413   			-0.06   		   		
3419   			-0.24   		   		
3424   			-0.87   		   		
3430   			-1.16   		   		
3436   			0.00   		   		
3442   			-0.99   		   		
3447   			-1.39   		   		
3453   			-1.51   		   		
3459   			-1.63   		   		
3465   			-1.22   		   		
3470   			-1.57   		   		
3476   			-1.57   		   		
3482   			-1.57   		   		
3487   			-1.94   		   		
3493   			-1.36   		   		
3499   			-1.47   		   		
3505   			-1.71   		   		
3510   			-1.53   		   		
3516   			-1.45   		   		
3522   			-2.50   		   		
3527   			-1.51   		   		
3533   			-1.51   		   		
3539   			-0.99   		   		
3545   			-1.30   		   		
3550   			-0.95   		   		
3556   			-1.47   		   		
3562   			-1.18   		   		
3568   			-0.89   		   		
3573   			-1.16   		   		
3579   			-0.81   		   		
3585   			-2.73   		   		
3590   			-1.28   		   		
3596   			0.58   		   		
3602   			-1.14   		   		
3608   			-1.03   		   		
3613   			-1.14   		   		
3619   			-1.61   		   		
3625   			-1.08   		   		
3631   			-1.55   		   		
3636   			-1.73   		   		
3642   			-1.61   		   		
3648   			-0.97   		   		
3653   			-1.96   		   		
3659   			-1.07   		   		
3665   			-1.24   		   		
3671   			-1.94   		   		
3676   			-1.94   		   		
3682   			-2.34   		   		
3688   			-2.48   		   		
3694   			-1.66   		   		
3699   			-1.43   		   		
3705   			-1.43   		   		
3711   			-1.61   		   		
3716   			-1.39   		   		
3722   			-0.64   		   		
3728   			-0.53   		   		
3734   			-1.34   		   		
3739   			-2.09   		   		
3745   			-1.36   		   		
3751   			-0.84   		   		
3757   			-2.17   		   		
3762   			-1.76   		   		
3768   			-1.71   		   		
3774   			-1.28   		   		
3779   			-1.39   		   		
3785   			-0.87   		   		
3791   			-1.74   		   		
3797   			-1.92   		   		
3802   			-2.24   		   		
3808   			-1.84   		   		
3814   			-2.53   		   		
3820   			-1.37   		   		
3825   			-0.85   		   		
3831   			-1.68   		   		
3837   			-1.68   		   		
3842   			-1.97   		   		
3848   			-1.86   		   		
3854   			-2.50   		   		
3860   			-1.61   		   		
3865   			-0.85   		   		
3871   			-1.37   		   		
3877   			-0.56   		   		
3883   			-0.91   		   		
3888   			-0.76   		   		
3894   			-1.45   		   		
3900   			-0.87   		   		
3905   			-0.81   		   		
3911   			-1.45   		   		
3917   			-1.34   		   		
3923   			-0.99   		   		
3928   			-1.28   		   		
3934   			-1.22   		   		
3940   			-1.63   		   		
3946   			-1.95   		   		
3951   			-1.95   		   		
3957   			-1.37   		   		
3963   			-0.97   		   		
3968   			-1.43   		   		
3974   			-2.19   		   		
3980   			-1.26   		   		
3986   			-1.44   		   		
3991   			-1.84   		   		
3997   			-1.84   		   		
4003   			-1.03   		   		
4009   			-1.08   		   		
4014   			-2.01   		   		
4020   			-1.95   		   		
4026   			-1.90   		   		
4031   			-0.66   		   		
4037   			-1.18   		   		
4043   			-2.29   		   		
4049   			-1.82   		   		
4054   			-0.60   		   		
4060   			-1.08   		   		
4066   			-3.17   		   		
4071   			-1.55   		   		
4077   			-0.85   		   		
4083   			-0.21   		   		
4089   			-0.66   		   		
4094   			-1.07   		   		
4100   			-1.65   		   		
4106   			-1.36   		   		
4112   			-0.78   		   		
4117   			-1.47   		   		
4123   			-1.76   		   		
4129   			-3.39   		   		
4134   			-1.36   		   		
4140   			-1.18   		   		
4146   			-1.18   		   		
4152   			-0.89   		   		
4157   			-1.59   		   		
4163   			-1.82   		   		
4169   			-1.07   		   		
4175   			-1.01   		   		
4180   			-1.24   		   		
4186   			-0.95   		   		
4192   			-1.30   		   		
4197   			-1.94   		   		
4203   			-1.68   		   		
4209   			-0.93   		   		
4215   			-0.35   		   		
4220   			-0.99   		   		
4226   			-0.29   		   		
4232   			-1.92   		   		
4238   			-1.57   		   		
4243   			-1.34   		   		
4249   			-0.99   		   		
4255   			-1.34   		   		
4260   			-1.45   		   		
4266   			-0.53   		   		
4272   			-1.39   		   		
4278   			-1.80   		   		
4283   			-1.97   		   		
4289   			-1.76   		   		
4295   			-1.59   		   		
4301   			-0.26   		   		
4306   			-1.47   		   		
4312   			-2.00   		   		
4318   			-0.68   		   		
4323   			-1.55   		   		
4329   			-1.73   		   		
4335   			-1.61   		   		
4341   			-1.49   		   		
4346   			-0.87   		   		
4352   			-0.76   		   		
4358   			-1.28   		   		
4364   			-0.76   		   		
4369   			-0.93   		   		
4375   			-1.07   		   		
4381   			-0.84   		   		
4386   			-0.37   		   		
4392   			-1.18   		   		
4398   			-1.42   		   		
4404   			-0.55   		   		
4409   			-0.84   		   		
4415   			-0.26   		   		
4421   			-0.95   		   		
4427   			0.61   		   		
4432   			0.21   		   		
4438   			0.67   		   		
4444   			-0.20   		   		
4449   			0.21   		   		
4455   			-0.20   		   		
4461   			0.34   		   		
4467   			0.40   		   		
4472   			-0.18   		   		
4478   			0.63   		   		
4484   			-0.35   		   		
4489   			-1.65   		   		
4495   			-0.37   		   		
4501   			-0.55   		   		
4507   			-0.66   		   		
4512   			-0.84   		   		
4518   			-0.97   		   		
4524   			-0.45   		   		
4530   			0.08   		   		
4535   			-0.39   		   		
4541   			-0.33   		   		
4547   			-0.87   		   		
4552   			-0.06   		   		
4558   			0.05   		   		
4564   			-0.29   		   		
4570   			-1.45   		   		
4575   			-1.36   		   		
4581   			-1.71   		   		
4587   			-1.82   		   		
4593   			-1.24   		   		
4598   			-1.13   		   		
4604   			-1.80   		   		
4610   			-1.45   		   		
4615   			-1.68   		   		
4621   			-1.63   		   		
4627   			-1.10   		   		
4633   			-2.56   		   		
4638   			-2.44   		   		
4644   			-1.28   		   		
4650   			-1.80   		   		
4656   			-2.38   		   		
4661   			-1.63   		   		
4667   			-0.87   		   		
4673   			-1.28   		   		
4678   			-1.34   		   		
4684   			-1.45   		   		
4690   			-1.34   		   		
4696   			-1.74   		   		
4701   			-1.86   		   		
4707   			-1.05   		   		
4713   			-0.58   		   		
4719   			-1.51   		   		
4724   			-1.10   		   		
4730   			-0.12   		   		
4736   			-0.87   		   		
4741   			-1.22   		   		
4747   			-0.29   		   		
4753   			-0.93   		   		
4759   			-0.99   		   		
4764   			-0.76   		   		
4770   			-0.87   		   		
4776   			-0.93   		   		
4782   			-0.41   		   		
4787   			0.29   		   		
4793   			-0.06   		   		
4799   			-0.93   		   		
4804   			-0.74   		   		
4810   			-0.10   		   		
4816   			-0.74   		   		
4822   			-0.74   		   		
4827   			-0.45   		   		
4833   			-0.06   		   		
4839   			-0.47   		   		
4845   			-0.87   		   		
4850   			-1.05   		   		
4856   			-0.64   		   		
4862   			0.34   		   		
4867   			0.23   		   		
4873   			-0.47   		   		
4879   			-0.93   		   		
4885   			-1.10   		   		
4890   			-0.66   		   		
4896   			-0.95   		   		
4902   			-0.37   		   		
4908   			-0.72   		   		
4913   			-0.49   		   		
4919   			-0.89   		   		
4925   			-1.01   		   		
4930   			-1.36   		   		
4936   			-0.84   		   		
4942   			-0.31   		   		
4948   			-0.41   		   		
4953   			-0.12   		   		
4959   			-0.76   		   		
4965   			0.69   		   		
4970   			0.40   		   		
4976   			-0.02   		   		
4982   			-0.02   		   		
4988   			0.62   		   		
4993   			0.44   		   		
4999   			0.85   		   		
5005   			0.81   		   		
5011   			0.46   		   		
5016   			0.63   		   		
5022   			0.40   		   		
5028   			-0.47   		   		
5033   			1.39   		   		
5039   			0.63   		   		
5045   			1.04   		   		
5051   			0.23   		   		
5056   			0.86   		   		
5062   			-0.14   		   		
5068   			0.79   		   		
5074   			0.44   		   		
5079   			0.44   		   		
5085   			1.13   		   		
5091   			0.26   		   		
5096   			1.31   		   		
5102   			2.12   		   		
5108   			0.61   		   		
5114   			1.42   		   		
5119   			0.69   		   		
5125   			1.50   		   		
5131   			1.44   		   		
5137   			1.39   		   		
5142   			1.33   		   		
5148   			0.90   		   		
5154   			0.90   		   		
5159   			1.19   		   		
5165   			1.48   		   		
5171   			1.88   		   		
5177   			1.36   		   		
5182   			1.36   		   		
5188   			0.61   		   		
5194   			1.13   		   		
5200   			0.79   		   		
5205   			0.71   		   		
5211   			1.64   		   		
5217   			1.75   		   		
5222   			1.64   		   		
5228   			2.10   		   		
5234   			1.79   		   		
5240   			1.85   		   		
5245   			2.14   		   		
5251   			1.50   		   		
5257   			1.67   		   		
5263   			1.85   		   		
5268   			1.39   		   		
5274   			0.63   		   		
5280   			0.92   		   		
5285   			1.96   		   		
5291   			1.42   		   		
5297   			1.54   		   		
5303   			1.88   		   		
5308   			1.94   		   		
5314   			2.87   		   		
5320   			2.50   		   		
5326   			3.60   		   		
5331   			3.14   		   		
5337   			2.97   		   		
5343   			2.33   		   		
5348   			2.74   		   		
5354   			2.74   		   		
5360   			3.14   		   		
5366   			2.85   		   		
5371   			2.91   		   		
5377   			3.04   		   		
5383   			2.58   		   		
5389   			2.35   		   		
5394   			2.00   		   		
5400   			2.98   		   		
5406   			2.83   		   		
5411   			2.83   		   		
5417   			1.91   		   		
5423   			2.71   		   		
5429   			3.12   		   		
5434   			3.12   		   		
5440   			2.83   		   		
5446   			3.18   		   		
5452   			3.23   		   		
5457   			4.44   		   		
5463   			3.29   		   		
5469   			3.70   		   		
5474   			3.35   		   		
5480   			3.70   		   		
5486   			3.41   		   		
5492   			3.39   		   		
5497   			3.56   		   		
5503   			4.02   		   		
5509   			1.31   		   		
5514   			4.19   		   		
5520   			3.35   		   		
5526   			3.18   		   		
5532   			4.21   		   		
5537   			3.81   		   		
5543   			4.44   		   		
5549   			4.62   		   		
5555   			4.16   		   		
5560   			4.21   		   		
5566   			4.27   		   		
5572   			1.96   		   		
5577   			4.65   		   		
5583   			4.31   		   		
5589   			4.48   		   		
5595   			4.08   		   		
5600   			3.67   		   		
5606   			4.27   		   		
5612   			4.04   		   		
5618   			3.98   		   		
5623   			4.68   		   		
5629   			5.42   		   		
5635   			3.41   		   		
5640   			5.14   		   		
5646   			4.27   		   		
5652   			4.27   		   		
5658   			4.91   		   		
5663   			5.04   		   		
5669   			5.15   		   		
5675   			6.07   		   		
5681   			5.55   		   		
5686   			5.38   		   		
5692   			5.12   		   		
5698   			3.39   		   		
5703   			5.75   		   		
5709   			5.81   		   		
5715   			4.77   		   		
5721   			5.19   		   		
5726   			6.00   		   		
5732   			5.25   		   		
5738   			5.88   		   		
5744   			5.42   		   		
5749   			5.88   		   		
5755   			6.34   		   		
5761   			6.98   		   		
5766   			7.55   		   		
5772   			5.65   		   		
5778   			5.69   		   		
5784   			6.27   		   		
5789   			6.96   		   		
5795   			5.86   		   		
5801   			5.63   		   		
5807   			6.80   		   		
5812   			5.94   		   		
5818   			5.88   		   		
5824   			5.54   		   		
5829   			6.86   		   		
5835   			6.15   		   		
5841   			6.15   		   		
5847   			6.32   		   		
5852   			6.90   		   		
5858   			6.78   		   		
5864   			6.06   		   		
5870   			7.09   		   		
5875   			7.21   		   		
5881   			6.52   		   		
5887   			6.52   		   		
5892   			6.73   		   		
5898   			6.61   		   		
5904   			7.01   		   		
5910   			7.42   		   		
5915   			6.61   		   		
5921   			6.92   		   		
5927   			6.86   		   		
5933   			6.57   		   		
5938   			7.90   		   		
5944   			7.26   		   		
5950   			7.84   		   		
5955   			8.41   		   		
5961   			8.13   		   		
5967   			7.26   		   		
5973   			7.61   		   		
5978   			7.09   		   		
5984   			8.18   		   		
5990   			6.63   		   		
5996   			7.09   		   		
6001   			7.15   		   		
6007   			7.19   		   		
6013   			7.30   		   		
6018   			7.42   		   		
6024   			7.01   		   		
6030   			6.84   		   		
6036   			6.46   		   		
6041   			6.98   		   		
6047   			6.98   		   		
6053   			7.49   		   		
6059   			7.03   		   		
6064   			7.40   		   		
6070   			6.88   		   		
6076   			6.60   		   		
6081   			6.60   		   		
6087   			6.25   		   		
6093   			6.96   		   		
6099   			7.65   		   		
6104   			7.53   		   		
6110   			7.59   		   		
6116   			6.27   		   		
6121   			8.51   		   		
6127   			8.45   		   		
6133   			7.88   		   		
6139   			8.22   		   		
6144   			8.16   		   		
6150   			8.09   		   		
6156   			7.23   		   		
6162   			7.86   		   		
6167   			7.29   		   		
6173   			7.29   		   		
6179   			6.06   		   		
6184   			7.95   		   		
6190   			7.44   		   		
6196   			6.92   		   		
6202   			7.55   		   		
6207   			8.13   		   		
6213   			8.53   		   		
6219   			8.01   		   		
6225   			8.01   		   		
6230   			8.47   		   		
6236   			8.36   		   		
6242   			7.21   		   		
6247   			7.15   		   		
6253   			8.36   		   		
6259   			8.13   		   		
6265   			7.88   		   		
6270   			8.68   		   		
6276   			8.22   		   		
6282   			8.62   		   		
6288   			7.36   		   		
6293   			7.65   		   		
6299   			7.88   		   		
6305   			8.28   		   		
6310   			8.33   		   		
6316   			7.07   		   		
6322   			7.32   		   		
6328   			7.67   		   		
6333   			7.55   		   		
6339   			8.07   		   		
6345   			7.61   		   		
6351   			7.57   		   		
6356   			7.85   		   		
6362   			6.53   		   		
6368   			6.07   		   		
6373   			7.16   		   		
6379   			7.29   		   		
6385   			7.63   		   		
6391   			8.26   		   		
6396   			9.12   		   		
6402   			7.86   		   		
6408   			7.92   		   		
6414   			7.74   		   		
6419   			7.17   		   		
6425   			7.11   		   		
6431   			8.15   		   		
6436   			7.97   		   		
6442   			7.57   		   		
6448   			8.37   		   		
6454   			8.60   		   		
6459   			8.60   		   		
6465   			9.50   		   		
6471   			8.47   		   		
6477   			8.36   		   		
6482   			9.10   		   		
6488   			8.41   		   		
6494   			9.02   		   		
6499   			8.45   		   		
6505   			8.79   		   		
6511   			8.28   		   		
6517   			8.62   		   		
6522   			9.85   		   		
6528   			8.81   		   		
6534   			9.22   		   		
6540   			9.39   		   		
6545   			8.47   		   		
6551   			7.90   		   		
6557   			9.04   		   		
6562   			9.44   		   		
6568   			9.33   		   		
6574   			9.10   		   		
6580   			8.93   		   		
6585   			8.81   		   		
6591   			8.36   		   		
6597   			6.23   		   		
6602   			8.47   		   		
6608   			8.95   		   		
6614   			8.20   		   		
6620   			8.32   		   		
6625   			9.35   		   		
6631   			8.20   		   		
6637   			8.95   		   		
6643   			8.72   		   		
6648   			8.89   		   		
6654   			8.49   		   		
6660   			7.34   		   		
6665   			9.62   		   		
6671   			8.81   		   		
6677   			7.95   		   		
6683   			8.47   		   		
6688   			8.99   		   		
6694   			7.72   		   		
6700   			7.61   		   		
6706   			7.09   		   		
6711   			7.90   		   		
6717   			8.47   		   		
6723   			8.41   		   		
6728   			8.41   		   		
6734   			9.16   		   		
6740   			8.18   		   		
6746   			9.27   		   		
6751   			8.33   		   		
6757   			8.68   		   		
6763   			8.22   		   		
6769   			8.74   		   		
6774   			8.56   		   		
6780   			9.52   		   		
6786   			8.26   		   		
6791   			9.64   		   		
6797   			8.72   		   		
6803   			8.78   		   		
6809   			8.87   		   		
6814   			8.36   		   		
6820   			9.16   		   		
6826   			7.67   		   		
6832   			8.76   		   		
6837   			8.36   		   		
6843   			8.01   		   		
6849   			8.07   		   		
6854   			8.18   		   		
6860   			8.30   		   		
6866   			9.37   		   		
6872   			8.45   		   		
6877   			7.53   		   		
6883   			8.74   		   		
6889   			8.28   		   		
6895   			7.44   		   		
6900   			8.99   		   		
6906   			8.36   		   		
6912   			8.41   		   		
6917   			7.67   		   		
6923   			8.47   		   		
6929   			8.53   		   		
6935   			9.22   		   		
6940   			8.93   		   		
6946   			8.24   		   		
6952   			8.76   		   		
6958   			8.36   		   		
6963   			8.53   		   		
6969   			8.36   		   		
6975   			8.13   		   		
6980   			8.38   		   		
6986   			8.49   		   		
6992   			7.63   		   		
6998   			8.26   		   		
7003   			7.97   		   		
7009   			8.45   		   		
7015   			8.28   		   		
7021   			7.53   		   		
7026   			8.97   		   		
7032   			8.85   		   		
7038   			8.22   		   		
7043   			7.82   		   		
7049   			7.82   		   		
7055   			8.45   		   		
7061   			8.28   		   		
7066   			8.45   		   		
7072   			6.96   		   		
7078   			8.10   		   		
7084   			8.68   		   		
7089   			10.05   		   		
7095   			8.81   		   		
7101   			8.24   		   		
7106   			8.93   		   		
7112   			8.47   		   		
7118   			9.22   		   		
7124   			7.93   		   		
7129   			7.01   		   		
7135   			7.65   		   		
7141   			7.76   		   		
7147   			7.82   		   		
7152   			8.93   		   		
7158   			8.24   		   		
7164   			8.41   		   		
7169   			8.07   		   		
7175   			8.30   		   		
7181   			7.78   		   		
7187   			7.44   		   		
7192   			7.38   		   		
7198   			7.78   		   		
7204   			7.78   		   		
7210   			8.01   		   		
7215   			8.70   		   		
7221   			7.78   		   		
7227   			7.78   		   		
7232   			7.84   		   		
7238   			7.53   		   		
7244   			8.10   		   		
7250   			8.45   		   		
7255   			8.22   		   		
7261   			8.39   		   		
7267   			7.63   		   		
7272   			8.72   		   		
7278   			8.49   		   		
7284   			7.92   		   		
7290   			8.26   		   		
7295   			8.18   		   		
7301   			8.07   		   		
7307   			9.04   		   		
7313   			8.47   		   		
7318   			7.78   		   		
7324   			8.76   		   		
7330   			6.06   		   		
7336   			8.18   		   		
7341   			8.58   		   		
7347   			7.90   		   		
7353   			7.77   		   		
7358   			8.17   		   		
7364   			7.88   		   		
7370   			8.23   		   		
7376   			7.36   		   		
7381   			7.09   		   		
7387   			6.98   		   		
7393   			7.67   		   		
7399   			8.41   		   		
7404   			8.93   		   		
7410   			7.72   		   		
7416   			7.21   		   		
7421   			8.64   		   		
7427   			8.07   		   		
7433   			8.01   		   		
7439   			8.31   		   		
7444   			7.34   		   		
7450   			8.14   		   		
7456   			5.90   		   		
7461   			7.80   		   		
7467   			9.14   		   		
7473   			9.25   		   		
7479   			9.37   		   		
7484   			9.02   		   		
7490   			8.91   		   		
7496   			8.76   		   		
7502   			9.04   		   		
7507   			8.81   		   		
7513   			8.99   		   		
7519   			9.50   		   		
7524   			8.78   		   		
7530   			8.78   		   		
7536   			8.09   		   		
7542   			8.20   		   		
7547   			8.72   		   		
7553   			8.51   		   		
7559   			7.76   		   		
7565   			8.51   		   		
7570   			8.91   		   		
7576   			9.02   		   		
7582   			8.13   		   		
7588   			8.87   		   		
7593   			7.95   		   		
7599   			8.53   		   		
7605   			8.58   		   		
7610   			8.93   		   		
7616   			9.39   		   		
7622   			9.50   		   		
7628   			8.64   		   		
7633   			8.47   		   		
7639   			9.27   		   		
7645   			9.39   		   		
7651   			8.87   		   		
7656   			8.58   		   		
7662   			8.53   		   		
7668   			9.56   		   		
7673   			8.93   		   		
7679   			9.73   		   		
7685   			8.58   		   		
7691   			8.30   		   		
7696   			8.97   		   		
7702   			8.45   		   		
7708   			6.61   		   		
7713   			8.10   		   		
7719   			8.62   		   		
7725   			8.93   		   		
7731   			8.99   		   		
7736   			9.33   		   		
7742   			9.50   		   		
7748   			8.81   		   		
7754   			9.42   		   		
7759   			8.85   		   		
7765   			9.08   		   		
7771   			6.90   		   		
7776   			8.68   		   		
7782   			9.18   		   		
7788   			9.35   		   		
7794   			9.01   		   		
7799   			9.01   		   		
7805   			9.98   		   		
7811   			9.27   		   		
7817   			9.10   		   		
7822   			9.50   		   		
7828   			9.39   		   		
7834   			7.55   		   		
7839   			8.64   		   		
7845   			9.16   		   		
7851   			9.67   		   		
7857   			9.62   		   		
7862   			10.02   		   		
7868   			9.33   		   		
7874   			9.90   		   		
7880   			9.33   		   		
7885   			9.50   		   		
7891   			8.99   		   		
7897   			6.88   		   		
7902   			8.61   		   		
7908   			9.06   		   		
7914   			8.78   		   		
7920   			9.24   		   		
7925   			8.81   		   		
7931   			9.67   		   		
7937   			8.53   		   		
7943   			9.90   		   		
7948   			8.93   		   		
7954   			9.33   		   		
7960   			7.15   		   		
7965   			9.16   		   		
7971   			8.99   		   		
7977   			8.30   		   		
7983   			8.87   		   		
7988   			8.58   		   		
7994   			8.18   		   		
8000   			8.64   		   		
8006   			8.58   		   		
8011   			7.93   		   		
8017   			7.36   		   		
8023   			6.84   		   		
8028   			8.33   		   		
8034   			8.39   		   		
8040   			8.18   		   		
8046   			8.99   		   		
8051   			9.27   		   		
8057   			8.81   		   		
8063   			9.39   		   		
8069   			9.50   		   		
8074   			8.70   		   		
8080   			8.53   		   		
8086   			8.41   		   		
8091   			8.70   		   		
8097   			8.79   		   		
8103   			7.99   		   		
8109   			8.16   		   		
8114   			8.56   		   		
8120   			9.60   		   		
8126   			9.73   		   		
8132   			9.90   		   		
8137   			9.50   		   		
8143   			9.27   		   		
8149   			9.10   		   		
8154   			8.70   		   		
8160   			8.87   		   		
8166   			8.76   		   		
8172   			8.30   		   		
8177   			9.50   		   		
8183   			9.41   		   		
8189   			8.78   		   		
8195   			8.43   		   		
8200   			8.72   		   		
8206   			9.01   		   		
8212   			8.87   		   		
8217   			9.67   		   		
8223   			9.27   		   		
8229   			8.81   		   		
8235   			8.87   		   		
8240   			9.67   		   		
8246   			8.81   		   		
8252   			8.76   		   		
8258   			8.76   		   		
8263   			8.99   		   		
8269   			8.30   		   		
8275   			9.39   		   		
8280   			9.39   		   		
8286   			10.13   		   		
8292   			8.93   		   		
8298   			9.67   		   		
8303   			9.85   		   		
8309   			9.10   		   		
8315   			8.58   		   		
8321   			9.27   		   		
8326   			8.97   		   		
8332   			9.65   		   		
8338   			8.85   		   		
8343   			8.10   		   		
8349   			8.28   		   		
8355   			8.45   		   		
8361   			8.16   		   		
8366   			8.85   		   		
8372   			8.45   		   		
8378   			6.44   		   		
8383   			8.28   		   		
8389   			8.74   		   		
8395   			8.33   		   		
8401   			8.97   		   		
8406   			8.22   		   		
8412   			8.99   		   		
8418   			8.41   		   		
8424   			8.07   		   		
8429   			7.61   		   		
8435   			8.13   		   		
8441   			5.96   		   		
8446   			8.72   		   		
8452   			8.43   		   		
8458   			8.66   		   		
8464   			9.75   		   		
8469   			9.06   		   		
8475   			9.24   		   		
8481   			8.78   		   		
8487   			8.03   		   		
8492   			8.66   		   		
8498   			8.36   		   		
8504   			8.76   		   		
8509   			8.41   		   		
8515   			7.78   		   		
8521   			7.90   		   		
8527   			8.39   		   		
8532   			8.39   		   		
8538   			7.99   		   		
8544   			8.91   		   		
8550   			8.10   		   		
8555   			8.22   		   		
8561   			9.31   		   		
8567   			8.56   		   		
8572   			8.16   		   		
8578   			8.62   		   		
8584   			9.33   		   		
8590   			9.10   		   		
8595   			9.22   		   		
8601   			9.22   		   		
8607   			8.53   		   		
8613   			9.39   		   		
8618   			8.58   		   		
8624   			8.70   		   		
8630   			9.33   		   		
8635   			7.84   		   		
8641   			8.43   		   		
8647   			9.52   		   		
8653   			8.84   		   		
8658   			8.26   		   		
8664   			8.55   		   		
8670   			7.95   		   		
8676   			8.30   		   		
8681   			8.36   		   		
8687   			7.90   		   		
8693   			8.30   		   		
8698   			8.16   		   		
8704   			7.65   		   		
8710   			8.33   		   		
8716   			8.62   		   		
8721   			8.62   		   		
8727   			8.30   		   		
8733   			8.53   		   		
8739   			8.64   		   		
8744   			8.58   		   		
8750   			8.70   		   		
8756   			8.64   		   		
8761   			8.24   		   		
8767   			8.76   		   		
8773   			7.78   		   		
8779   			7.21   		   		
8784   			7.88   		   		
8790   			8.10   		   		
8796   			8.28   		   		
8802   			7.82   		   		
8807   			8.10   		   		
8813   			7.67   		   		
8819   			8.87   		   		
8824   			8.13   		   		
8830   			8.93   		   		
8836   			7.84   		   		
8842   			8.22   		   		
8847   			9.31   		   		
8853   			8.33   		   		
8859   			8.79   		   		
8865   			8.62   		   		
8870   			9.83   		   		
8876   			9.48   		   		
8882   			9.37   		   		
8887   			8.85   		   		
8893   			8.68   		   		
8899   			8.97   		   		
8905   			9.54   		   		
8910   			9.02   		   		
8916   			8.74   		   		
8922   			8.62   		   		
8927   			8.95   		   		
8933   			9.12   		   		
8939   			9.24   		   		
8945   			8.89   		   		
8950   			8.78   		   		
8956   			9.18   		   		
8962   			8.55   		   		
8968   			8.72   		   		
8973   			8.49   		   		
8979   			8.66   		   		
8985   			9.16   		   		
8991   			9.27   		   		
8996   			9.10   		   		
9002   			7.84   		   		
9008   			9.50   		   		
9013   			9.04   		   		
9019   			8.58   		   		
9025   			8.64   		   		
9031   			9.27   		   		
9036   			10.36   		   		
9042   			9.54   		   		
9048   			6.61   		   		
9053   			8.79   		   		
9059   			9.08   		   		
9065   			8.97   		   		
9071   			9.79   		   		
9076   			9.56   		   		
9082   			8.87   		   		
9088   			8.36   		   		
9094   			8.99   		   		
9099   			8.20   		   		
9105   			9.23   		   		
9111   			6.88   		   		
9116   			8.31   		   		
9122   			8.43   		   		
9128   			8.41   		   		
9134   			8.87   		   		
9139   			9.10   		   		
9145   			8.81   		   		
9151   			9.62   		   		
9157   			9.16   		   		
9162   			8.64   		   		
9168   			8.81   		   		
9174   			9.39   		   		
9179   			9.27   		   		
9185   			9.50   		   		
9191   			8.53   		   		
9197   			9.33   		   		
9202   			9.56   		   		
9208   			8.81   		   		
9214   			8.70   		   		
9220   			8.81   		   		
9225   			9.50   		   		
9231   			8.99   		   		
9237   			8.81   		   		
9242   			10.10   		   		
9248   			9.12   		   		
9254   			8.32   		   		
9260   			9.98   		   		
9265   			9.01   		   		
9271   			8.84   		   		
9277   			10.04   		   		
9283   			8.43   		   		
9288   			8.95   		   		
9294   			9.24   		   		
9300   			8.22   		   		
9305   			9.94   		   		
9311   			9.54   		   		
9317   			9.25   		   		
9323   			9.08   		   		
9328   			9.62   		   		
9334   			9.62   		   		
9340   			8.87   		   		
9346   			9.39   		   		
9351   			9.16   		   		
9357   			9.65   		   		
9363   			9.88   		   		
9368   			8.05   		   		
9374   			8.56   		   		
9380   			9.31   		   		
9386   			9.08   		   		
9391   			8.33   		   		
9397   			9.08   		   		
9403   			9.71   		   		
9409   			8.39   		   		
9414   			8.47   		   		
9420   			8.36   		   		
9426   			8.41   		   		
9431   			9.33   		   		
9437   			8.41   		   		
9443   			8.13   		   		
9449   			8.70   		   		
9454   			8.30   		   		
9460   			8.41   		   		
9466   			8.30   		   		
9472   			8.58   		   		
9477   			7.49   		   		
9483   			9.10   		   		
9489   			8.53   		   		
9494   			8.53   		   		
9500   			7.44   		   		
9506   			8.01   		   		
9512   			7.67   		   		
9517   			7.49   		   		
9523   			8.18   		   		
9529   			8.09   		   		
9535   			8.03   		   		
9540   			8.89   		   		
9546   			7.80   		   		
9552   			8.66   		   		
9557   			8.22   		   		
9563   			8.51   		   		
9569   			8.79   		   		
9575   			8.51   		   		
9580   			8.39   		   		
9586   			7.61   		   		
9592   			7.95   		   		
9598   			7.15   		   		
9603   			8.24   		   		
9609   			8.07   		   		
9615   			8.16   		   		
9620   			7.82   		   		
9626   			8.05   		   		
9632   			8.56   		   		
9638   			8.22   		   		
9643   			7.72   		   		
9649   			8.93   		   		
9655   			8.30   		   		
9661   			9.04   		   		
9666   			8.76   		   		
9672   			8.97   		   		
9678   			8.16   		   		
9683   			7.99   		   		
9689   			8.10   		   		
9695   			7.93   		   		
9701   			8.79   		   		
9706   			7.88   		   		
9712   			7.93   		   		
9718   			6.61   		   		
9724   			7.88   		   		
9729   			8.45   		   		
9735   			8.39   		   		
9741   			7.36   		   		
9746   			8.51   		   		
9752   			7.82   		   		
9758   			7.84   		   		
9764   			9.04   		   		
9769   			8.13   		   		
9775   			8.24   		   		
9781   			6.46   		   		
9786   			8.58   		   		
9792   			8.30   		   		
9798   			9.33   		   		
9804   			9.62   		   		
9809   			9.67   		   		
9815   			8.53   		   		
9821   			9.22   		   		
9827   			8.76   		   		
9832   			9.79   		   		
9838   			9.67   		   		
9844   			7.95   		   		
9849   			10.13   		   		
9855   			9.62   		   		
9861   			9.67   		   		
9867   			9.79   		   		
9872   			9.37   		   		
9878   			9.19   		   		
9884   			9.65   		   		
9890   			8.97   		   		
9895   			9.48   		   		
9901   			10.08   		   		
9907   			9.67   		   		
9912   			9.96   		   		
9918   			9.79   		   		
9924   			9.56   		   		
9930   			9.70   		   		
9935   			9.87   		   		
9941   			8.38   		   		
9947   			8.55   		   		
9953   			8.95   		   		
9958   			9.27   		   		
9964   			8.81   		   		
9970   			9.62   		   		
9975   			8.47   		   		
9981   			8.81   		   		
9987   			8.95   		   		
9993   			8.32   		   		
9998   			8.78   		   		
10004   			8.61   		   		
10010   			7.92   		   		
10016   			8.36   		   		
10021   			7.95   		   		
10027   			7.90   		   		
10033   			8.07   		   		
10038   			8.18   		   		
10044   			8.01   		   		
10050   			8.13   		   		
10056   			7.49   		   		
10061   			8.13   		   		
10067   			8.64   		   		
10073   			8.13   		   		
10079   			8.93   		   		
10084   			8.93   		   		
10090   			8.58   		   		
10096   			8.58   		   		
10101   			8.85   		   		
10107   			9.02   		   		
10113   			9.31   		   		
10119   			8.97   		   		
10124   			9.42   		   		
10130   			9.29   		   		
10136   			9.64   		   		
10142   			9.75   		   		
10147   			8.61   		   		
10153   			9.12   		   		
10159   			8.87   		   		
10164   			8.76   		   		
10170   			8.93   		   		
10176   			8.47   		   		
10182   			8.81   		   		
10187   			8.36   		   		
10193   			8.64   		   		
10199   			8.58   		   		
10205   			8.47   		   		
10210   			8.70   		   		
10216   			8.10   		   		
10222   			7.65   		   		
10227   			8.05   		   		
10233   			7.99   		   		
10239   			8.51   		   		
10245   			9.16   		   		
10250   			8.76   		   		
10256   			8.58   		   		
10262   			8.47   		   		
10268   			8.47   		   		
10273   			7.49   		   		
10279   			8.47   		   		
10285   			7.55   		   		
10290   			7.84   		   		
10296   			8.70   		   		
10302   			8.55   		   		
10308   			7.97   		   		
10313   			9.35   		   		
10319   			9.06   		   		
10325   			8.20   		   		
10331   			9.19   		   		
10336   			8.16   		   		
10342   			9.42   		   		
10348   			8.39   		   		
10353   			8.33   		   		
10359   			8.74   		   		
10365   			9.19   		   		
10371   			9.08   		   		
10376   			7.93   		   		
10382   			9.08   		   		
10388   			8.86   		   		
10394   			8.17   		   		
10399   			8.05   		   		
10405   			8.51   		   		
10411   			8.97   		   		
10416   			8.78   		   		
10422   			8.66   		   		
10428   			8.49   		   		
10434   			9.12   		   		
10439   			9.24   		   		
10445   			8.13   		   		
10451   			8.81   		   		
10457   			8.76   		   		
10462   			7.95   		   		
10468   			8.53   		   		
10474   			8.30   		   		
10479   			8.13   		   		
10485   			8.47   		   		
10491   			8.13   		   		
10497   			8.30   		   		
10502   			9.16   		   		
10508   			8.81   		   		
10514   			9.10   		   		
10520   			8.07   		   		
10525   			9.44   		   		
10531   			8.20   		   		
10537   			8.89   		   		
10542   			7.80   		   		
10548   			8.26   		   		
10554   			8.32   		   		
10560   			8.16   		   		
10565   			8.97   		   		
10571   			7.36   		   		
10577   			7.93   		   		
10583   			7.59   		   		
10588   			8.49   		   		
10594   			8.38   		   		
10600   			7.86   		   		
10605   			7.97   		   		
10611   			8.72   		   		
10617   			8.09   		   		
10623   			7.69   		   		
10628   			7.63   		   		
10634   			8.66   		   		
10640   			2.79   		   		
10646   			7.93   		   		
10651   			7.70   		   		
10657   			8.22   		   		
10663   			8.10   		   		
10668   			8.22   		   		
10674   			7.70   		   		
10680   			8.05   		   		
10686   			8.39   		   		
10691   			7.47   		   		
10697   			8.10   		   		
10703   			2.98   		   		
10709   			8.97   		   		
10714   			8.68   		   		
10720   			8.68   		   		
10726   			8.56   		   		
10731   			9.08   		   		
10737   			8.79   		   		
10743   			8.68   		   		
10749   			8.91   		   		
10754   			8.91   		   		
10760   			9.33   		   		
10766   			4.04   		   		
10772   			8.81   		   		
10777   			8.81   		   		
10783   			8.41   		   		
10789   			8.76   		   		
10794   			9.22   		   		
10800   			8.30   		   		
10806   			8.47   		   		
10812   			8.70   		   		
10817   			8.70   		   		
10823   			9.10   		   		
10829   			9.16   		   		
10835   			8.70   		   		
10840   			9.62   		   		
10846   			8.91   		   		
10852   			8.97   		   		
10857   			7.93   		   		
10863   			8.51   		   		
10869   			9.08   		   		
10875   			9.04   		   		
10880   			8.81   		   		
10886   			9.56   		   		
10892   			9.85   		   		
10897   			8.53   		   		
10903   			8.66   		   		
10909   			9.35   		   		
10915   			8.72   		   		
10920   			9.29   		   		
10926   			8.95   		   		
10932   			8.16   		   		
10938   			9.25   		   		
10943   			8.79   		   		
10949   			9.65   		   		
10955   			7.76   		   		
10960   			9.27   		   		
10966   			8.87   		   		
10972   			8.36   		   		
10978   			8.30   		   		
10983   			9.39   		   		
10989   			9.35   		   		
10995   			9.18   		   		
11001   			10.04   		   		
11006   			10.27   		   		
11012   			9.75   		   		
11018   			7.69   		   		
11023   			9.01   		   		
11029   			9.18   		   		
11035   			9.41   		   		
11041   			10.10   		   		
11046   			8.53   		   		
11052   			9.67   		   		
11058   			9.96   		   		
11064   			9.73   		   		
11069   			10.02   		   		
11075   			10.13   		   		
11081   			9.39   		   		
11086   			9.27   		   		
11092   			8.99   		   		
11098   			9.16   		   		
11104   			9.88   		   		
11109   			10.23   		   		
11115   			9.77   		   		
11121   			10.05   		   		
11127   			9.48   		   		
11132   			9.42   		   		
11138   			10.34   		   		
11144   			8.74   		   		
11149   			9.83   		   		
11155   			10.28   		   		
11161   			9.01   		   		
11167   			9.92   		   		
11172   			8.49   		   		
11178   			9.24   		   		
11184   			9.47   		   		
11190   			9.06   		   		
11195   			8.95   		   		
11201   			9.81   		   		
11207   			8.95   		   		
11212   			8.95   		   		
11218   			9.24   		   		
11224   			9.01   		   		
11230   			8.89   		   		
11235   			8.38   		   		
11241   			8.20   		   		
11247   			8.68   		   		
11253   			8.62   		   		
11258   			8.16   		   		
11264   			8.51   		   		
11270   			8.39   		   		
11275   			8.58   		   		
11281   			7.61   		   		
11287   			8.18   		   		
11293   			7.95   		   		
11298   			8.24   		   		
11304   			8.64   		   		
11310   			8.81   		   		
11316   			8.47   		   		
11321   			8.64   		   		
11327   			7.78   		   		
11333   			7.30   		   		
11338   			7.93   		   		
11344   			8.05   		   		
11350   			8.28   		   		
11356   			8.39   		   		
11361   			7.82   		   		
11367   			8.51   		   		
11373   			7.88   		   		
11379   			8.45   		   		
11384   			8.16   		   		
11390   			8.61   		   		
11396   			8.55   		   		
11401   			7.80   		   		
11407   			8.49   		   		
11413   			8.20   		   		
11419   			8.45   		   		
11424   			8.05   		   		
11430   			8.68   		   		
11436   			8.51   		   		
11442   			9.25   		   		
11447   			8.40   		   		
11453   			8.74   		   		
11459   			9.03   		   		
11464   			9.09   		   		
11470   			8.34   		   		
11476   			8.93   		   		
11482   			8.93   		   		
11487   			8.36   		   		
11493   			7.78   		   		
11499   			8.01   		   		
11505   			7.82   		   		
11510   			7.53   		   		
11516   			7.88   		   		
11522   			8.33   		   		
11527   			8.39   		   		
11533   			7.82   		   		
11539   			8.86   		   		
11545   			9.03   		   		
11550   			8.51   		   		
11556   			8.74   		   		
11562   			7.61   		   		
11567   			9.10   		   		
11573   			8.76   		   		
11579   			9.22   		   		
11585   			8.18   		   		
11590   			7.72   		   		
11596   			8.30   		   		
11602   			7.67   		   		
11608   			8.01   		   		
11613   			8.81   		   		
11619   			8.24   		   		
11625   			5.42   		   		
11630   			8.36   		   		
11636   			8.24   		   		
11642   			8.30   		   		
11648   			9.08   		   		
11653   			8.74   		   		
11659   			8.91   		   		
11665   			7.88   		   		
11671   			8.56   		   		
11676   			8.24   		   		
11682   			7.61   		   		
11688   			5.94   		   		
11693   			8.07   		   		
11699   			7.61   		   		
11705   			7.97   		   		
11711   			8.38   		   		
11716   			7.57   		   		
11722   			8.20   		   		
11728   			8.43   		   		
11734   			8.68   		   		
11739   			8.33   		   		
11745   			7.93   		   		
11751   			7.42   		   		
11756   			8.22   		   		
11762   			8.20   		   		
11768   			7.46   		   		
11774   			7.63   		   		
11779   			8.20   		   		
11785   			7.92   		   		
11791   			7.01   		   		
11797   			7.99   		   		
11802   			7.76   		   		
11808   			7.76   		   		
11814   			7.93   		   		
11819   			8.26   		   		
11825   			7.86   		   		
11831   			7.69   		   		
11837   			8.72   		   		
11842   			8.38   		   		
11848   			8.13   		   		
11854   			7.84   		   		
11860   			8.81   		   		
11865   			8.93   		   		
11871   			8.30   		   		
11877   			8.97   		   		
11882   			8.74   		   		
11888   			9.31   		   		
11894   			9.02   		   		
11900   			9.71   		   		
11905   			9.41   		   		
11911   			9.18   		   		
11917   			9.52   		   		
11923   			7.97   		   		
11928   			8.03   		   		
11934   			8.36   		   		
11940   			8.70   		   		
11945   			8.64   		   		
11951   			8.53   		   		
11957   			8.58   		   		
11963   			8.87   		   		
11968   			8.70   		   		
11974   			8.76   		   		
11980   			8.99   		   		
11986   			9.79   		   		
11991   			9.31   		   		
11997   			8.80   		   		
12003   			8.45   		   		
12008   			8.63   		   		
12014   			8.91   		   		
12020   			9.06   		   		
12026   			8.78   		   		
12031   			8.43   		   		
12037   			9.24   		   		
12043   			9.06   		   		
12049   			9.04   		   		
12054   			9.73   		   		
12060   			8.81   		   		
12066   			9.33   		   		
12071   			8.99   		   		
12077   			8.58   		   		
12083   			8.99   		   		
12089   			8.99   		   		
12094   			8.87   		   		
12100   			8.30   		   		
12106   			8.76   		   		
12112   			9.39   		   		
12117   			7.95   		   		
12123   			8.93   		   		
12129   			9.90   		   		
12134   			9.24   		   		
12140   			9.87   		   		
12146   			8.89   		   		
12152   			9.75   		   		
12157   			9.29   		   		
12163   			9.73   		   		
12169   			8.01   		   		
12174   			8.87   		   		
12180   			9.27   		   		
12186   			9.50   		   		
12192   			9.14   		   		
12197   			9.08   		   		
12203   			9.60   		   		
12209   			9.60   		   		
12215   			8.62   		   		
12220   			8.78   		   		
12226   			9.12   		   		
12232   			7.57   		   		
12237   			9.52   		   		
12243   			9.06   		   		
12249   			8.76   		   		
12255   			9.33   		   		
12260   			9.44   		   		
12266   			9.33   		   		
12272   			9.10   		   		
12278   			8.26   		   		
12283   			8.83   		   		
12289   			8.43   		   		
12295   			6.94   		   		
12300   			9.57   		   		
12306   			9.77   		   		
12312   			9.77   		   		
12318   			10.05   		   		
12323   			9.25   		   		
12329   			9.14   		   		
12335   			10.10   		   		
12341   			9.06   		   		
12346   			9.47   		   		
12352   			9.41   		   		
12358   			7.97   		   		
12363   			9.04   		   		
12369   			7.84   		   		
12375   			8.07   		   		
12381   			9.27   		   		
12386   			8.53   		   		
12392   			7.88   		   		
12398   			8.10   		   		
12404   			7.99   		   		
12409   			7.76   		   		
12415   			8.62   		   		
12421   			9.18   		   		
12426   			8.43   		   		
12432   			9.24   		   		
12438   			8.89   		   		
12444   			9.12   		   		
12449   			8.20   		   		
12455   			9.29   		   		
12461   			8.94   		   		
12467   			8.94   		   		
12472   			9.46   		   		
12478   			8.64   		   		
12484   			9.27   		   		
12489   			9.39   		   		
12495   			8.76   		   		
12501   			8.18   		   		
12507   			8.99   		   		
12512   			8.30   		   		
12518   			8.47   		   		
12524   			8.47   		   		
12530   			8.87   		   		
12535   			8.43   		   		
12541   			8.66   		   		
12547   			8.66   		   		
12552   			8.32   		   		
12558   			8.55   		   		
12564   			7.97   		   		
12570   			8.20   		   		
12575   			8.43   		   		
12581   			7.97   		   		
12587   			8.20   		   		
12593   			8.53   		   		
12598   			9.39   		   		
12604   			8.93   		   		
12610   			8.01   		   		
12615   			8.93   		   		
12621   			8.95   		   		
12627   			8.78   		   		
12633   			8.26   		   		
12638   			8.43   		   		
12644   			9.41   		   		
12650   			8.41   		   		
12656   			8.64   		   		
12661   			8.41   		   		
12667   			8.58   		   		
12673   			7.21   		   		
12678   			8.93   		   		
12684   			8.76   		   		
12690   			7.26   		   		
12696   			7.15   		   		
12701   			8.81   		   		
12707   			8.15   		   		
12713   			7.86   		   		
12719   			7.69   		   		
12724   			7.86   		   		
12730   			7.74   		   		
12736   			7.26   		   		
12741   			7.21   		   		
12747   			7.09   		   		
12753   			7.95   		   		
12759   			8.18   		   		
12764   			8.07   		   		
12770   			8.76   		   		
12776   			8.93   		   		
12782   			8.87   		   		
12787   			9.10   		   		
12793   			8.13   		   		
12799   			8.07   		   		
12804   			8.41   		   		
12810   			8.70   		   		
12816   			8.01   		   		
12822   			8.49   		   		
12827   			8.55   		   		
12833   			8.43   		   		
12839   			8.95   		   		
12845   			8.49   		   		
12850   			7.78   		   		
12856   			8.18   		   		
12862   			8.18   		   		
12867   			8.76   		   		
12873   			7.95   		   		
12879   			8.18   		   		
12885   			8.36   		   		
12890   			7.95   		   		
12896   			8.13   		   		
12902   			7.03   		   		
12907   			8.66   		   		
12913   			8.43   		   		
12919   			8.78   		   		
12925   			8.55   		   		
12930   			9.18   		   		
12936   			8.49   		   		
12942   			8.89   		   		
12948   			8.38   		   		
12953   			8.78   		   		
12959   			9.29   		   		
12965   			7.72   		   		
12970   			8.47   		   		
12976   			8.01   		   		
12982   			9.10   		   		
12988   			7.84   		   		
12993   			8.93   		   		
12999   			8.30   		   		
13005   			8.76   		   		
13011   			9.62   		   		
13016   			9.16   		   		
13022   			8.01   		   		
13028   			7.44   		   		
13033   			8.47   		   		
13039   			8.24   		   		
13045   			8.07   		   		
13051   			8.18   		   		
13056   			8.47   		   		
13062   			8.24   		   		
13068   			8.30   		   		
13074   			8.81   		   		
13079   			8.64   		   		
13085   			9.27   		   		
13091   			8.99   		   		
13096   			8.93   		   		
13102   			8.18   		   		
13108   			8.61   		   		
13114   			8.32   		   		
13119   			9.06   		   		
13125   			9.24   		   		
13131   			8.78   		   		
13137   			8.70   		   		
13142   			8.70   		   		
13148   			8.58   		   		
13154   			8.76   		   		
13159   			8.01   		   		
13165   			8.15   		   		
13171   			8.55   		   		
13177   			9.41   		   		
13182   			8.95   		   		
13188   			8.38   		   		
13194   			8.43   		   		
13200   			7.46   		   		
13205   			8.15   		   		
13211   			8.26   		   		
13217   			7.86   		   		
13222   			8.01   		   		
13228   			8.36   		   		
13234   			8.87   		   		
13240   			8.24   		   		
13245   			8.24   		   		
13251   			9.18   		   		
13257   			8.03   		   		
13263   			8.43   		   		
13268   			8.20   		   		
13274   			7.46   		   		
13280   			7.59   		   		
13285   			8.62   		   		
13291   			7.13   		   		
13297   			7.07   		   		
13303   			7.30   		   		
13308   			8.24   		   		
13314   			9.22   		   		
13320   			7.90   		   		
13326   			8.01   		   		
13331   			8.24   		   		
13337   			7.70   		   		
13343   			7.24   		   		
13348   			7.82   		   		
13354   			7.76   		   		
13360   			8.10   		   		
13366   			7.84   		   		
13371   			7.32   		   		
13377   			8.24   		   		
13383   			8.18   		   		
13389   			7.84   		   		
13394   			7.93   		   		
13400   			7.99   		   		
13406   			8.68   		   		
13411   			9.08   		   		
13417   			8.39   		   		
13423   			8.15   		   		
13429   			8.61   		   		
13434   			8.61   		   		
13440   			7.92   		   		
13446   			8.38   		   		
13452   			7.67   		   		
13457   			8.70   		   		
13463   			8.24   		   		
13469   			8.47   		   		
13474   			8.47   		   		
13480   			8.62   		   		
13486   			8.28   		   		
13492   			8.62   		   		
13497   			8.56   		   		
13503   			8.22   		   		
13509   			7.67   		   		
13515   			7.90   		   		
13520   			8.13   		   		
13526   			8.13   		   		
13532   			8.36   		   		
13537   			8.18   		   		
13543   			8.01   		   		
13549   			8.53   		   		
13555   			8.07   		   		
13560   			7.26   		   		
13566   			7.55   		   		
13572   			8.01   		   		
13578   			7.72   		   		
13583   			7.26   		   		
13589   			7.21   		   		
13595   			8.13   		   		
13600   			7.90   		   		
13606   			7.44   		   		
13612   			8.70   		   		
13618   			7.84   		   		
13623   			8.47   		   		
13629   			8.30   		   		
13635   			7.67   		   		
13641   			7.72   		   		
13646   			8.36   		   		
13652   			7.59   		   		
13658   			7.53   		   		
13663   			7.70   		   		
13669   			7.70   		   		
13675   			7.36   		   		
13681   			7.49   		   		
13686   			7.90   		   		
13692   			8.30   		   		
13698   			8.01   		   		
13704   			7.95   		   		
13709   			6.92   		   		
13715   			7.72   		   		
13721   			7.49   		   		
13726   			7.67   		   		
13732   			7.95   		   		
13738   			7.69   		   		
13744   			7.46   		   		
13749   			7.74   		   		
13755   			8.49   		   		
13761   			7.06   		   		
13766   			8.81   		   		
13772   			8.58   		   		
13778   			8.24   		   		
13784   			8.36   		   		
13789   			8.24   		   		
13795   			8.09   		   		
13801   			9.01   		   		
13807   			7.57   		   		
13812   			7.86   		   		
13818   			8.78   		   		
13824   			7.61   		   		
13829   			7.67   		   		
13835   			7.72   		   		
13841   			7.26   		   		
13847   			8.13   		   		
13852   			9.04   		   		
13858   			8.76   		   		
13864   			8.64   		   		
13870   			8.13   		   		
13875   			8.76   		   		
13881   			8.30   		   		
13887   			6.34   		   		
13892   			8.36   		   		
13898   			8.58   		   		
13904   			8.30   		   		
13910   			8.24   		   		
13915   			8.36   		   		
13921   			8.18   		   		
13927   			7.21   		   		
13933   			6.86   		   		
13938   			7.29   		   		
13944   			7.23   		   		
13950   			5.45   		   		
13955   			8.09   		   		
13961   			8.89   		   		
13967   			7.78   		   		
13973   			8.41   		   		
13978   			8.13   		   		
13984   			8.58   		   		
13990   			8.41   		   		
13996   			7.63   		   		
14001   			8.32   		   		
14007   			8.89   		   		
14013   			8.20   		   		
14018   			7.74   		   		
14024   			9.22   		   		
14030   			8.87   		   		
14036   			8.58   		   		
14041   			8.47   		   		
14047   			8.01   		   		
14053   			8.64   		   		
14059   			7.61   		   		
14064   			7.61   		   		
14070   			7.72   		   		
14076   			8.13   		   		
14081   			8.07   		   		
14087   			8.53   		   		
14093   			8.76   		   		
14099   			8.18   		   		
14104   			7.61   		   		
14110   			8.07   		   		
14116   			8.24   		   		
14122   			7.38   		   		
14127   			8.53   		   		
14133   			7.44   		   		
14139   			7.82   		   		
14144   			7.76   		   		
14150   			8.33   		   		
14156   			7.53   		   		
14162   			7.99   		   		
14167   			7.61   		   		
14173   			8.13   		   		
14179   			7.72   		   		
14185   			8.76   		   		
14190   			8.41   		   		
14196   			8.18   		   		
14202   			8.01   		   		
14207   			7.67   		   		
14213   			7.84   		   		
14219   			7.38   		   		
14225   			7.09   		   		
14230   			7.26   		   		
14236   			7.15   		   		
14242   			7.49   		   		
14248   			7.67   		   		
14253   			7.53   		   		
14259   			8.68   		   		
14265   			8.91   		   		
14270   			8.91   		   		
14276   			9.19   		   		
14282   			8.24   		   		
14288   			8.76   		   		
14293   			7.78   		   		
14299   			7.78   		   		
14305   			7.61   		   		
14311   			8.01   		   		
14316   			7.21   		   		
14322   			7.09   		   		
14328   			7.95   		   		
14333   			7.32   		   		
14339   			8.51   		   		
14345   			7.93   		   		
14351   			7.19   		   		
14356   			8.33   		   		
14362   			7.70   		   		
14368   			7.59   		   		
14374   			7.76   		   		
14379   			6.84   		   		
14385   			7.30   		   		
14391   			7.19   		   		
14396   			7.44   		   		
14402   			8.64   		   		
14408   			6.98   		   		
14414   			7.21   		   		
14419   			6.46   		   		
14425   			6.23   		   		
14431   			4.56   		   		
14436   			6.46   		   		
14442   			7.55   		   		
14448   			7.90   		   		
14454   			6.84   		   		
14459   			7.07   		   		
14465   			7.53   		   		
14471   			7.88   		   		
14477   			8.16   		   		
14482   			7.49   		   		
14488   			7.95   		   		
14494   			6.06   		   		
14499   			8.13   		   		
14505   			8.36   		   		
14511   			8.07   		   		
14517   			8.36   		   		
14522   			8.70   		   		
14528   			8.64   		   		
14534   			8.01   		   		
14540   			8.01   		   		
14545   			8.13   		   		
14551   			7.72   		   		
14557   			8.24   		   		
14562   			8.58   		   		
14568   			8.18   		   		
14574   			7.49   		   		
14580   			7.15   		   		
14585   			7.26   		   		
14591   			7.61   		   		
14597   			7.23   		   		
14603   			6.94   		   		
14608   			7.69   		   		
14614   			8.09   		   		
14620   			8.20   		   		
14625   			7.95   		   		
14631   			8.41   		   		
14637   			8.53   		   		
14643   			7.90   		   		
14648   			8.07   		   		
14654   			7.76   		   		
14660   			7.76   		   		
14666   			7.65   		   		
14671   			7.88   		   		
14677   			7.30   		   		
14683   			8.83   		   		
14688   			8.66   		   		
14694   			8.14   		   		
14700   			8.14   		   		
14706   			7.57   		   		
14711   			7.55   		   		
14717   			7.15   		   		
14723   			7.55   		   		
14729   			7.90   		   		
14734   			8.07   		   		
14740   			8.01   		   		
14746   			7.55   		   		
14751   			7.55   		   		
14757   			7.38   		   		
14763   			7.38   		   		
14769   			7.40   		   		
14774   			6.48   		   		
14780   			7.40   		   		
14786   			6.77   		   		
14792   			6.37   		   		
14797   			7.19   		   		
14803   			7.13   		   		
14809   			8.39   		   		
14814   			7.93   		   		
14820   			8.56   		   		
14826   			7.90   		   		
14832   			7.90   		   		
14837   			8.30   		   		
14843   			8.70   		   		
14849   			8.13   		   		
14855   			8.62   		   		
14860   			9.31   		   		
14866   			9.02   		   		
14872   			8.91   		   		
14877   			8.51   		   		
14883   			8.78   		   		
14889   			8.20   		   		
14895   			7.57   		   		
14900   			7.92   		   		
14906   			8.55   		   		
14912   			7.38   		   		
14918   			8.58   		   		
14923   			8.24   		   		
14929   			7.55   		   		
14935   			7.72   		   		
14940   			8.70   		   		
14946   			9.27   		   		
14952   			8.93   		   		
14958   			8.58   		   		
14963   			8.70   		   		
14969   			8.64   		   		
14975   			6.80   		   		
14980   			8.18   		   		
14986   			8.53   		   		
14992   			7.61   		   		
14998   			7.70   		   		
15003   			7.93   		   		
15009   			8.22   		   		
15015   			8.33   		   		
15021   			8.74   		   		
15026   			7.78   		   		
15032   			8.30   		   		
15038   			6.57   		   		
15043   			8.36   		   		
15049   			7.44   		   		
15055   			8.24   		   		
15061   			8.41   		   		
15066   			7.09   		   		
15072   			8.53   		   		
15078   			8.41   		   		
15084   			9.52   		   		
15089   			8.78   		   		
15095   			8.72   		   		
15101   			7.40   		   		
15106   			9.52   		   		
15112   			9.47   		   		
15118   			9.18   		   		
15124   			8.38   		   		
15129   			8.38   		   		
15135   			7.97   		   		
15141   			8.41   		   		
15147   			8.47   		   		
15152   			8.53   		   		
15158   			8.76   		   		
15164   			8.36   		   		
15169   			8.61   		   		
15175   			7.69   		   		
15181   			8.55   		   		
15187   			8.78   		   		
15192   			8.61   		   		
15198   			8.18   		   		
15204   			8.18   		   		
15210   			8.13   		   		
15215   			7.78   		   		
15221   			8.53   		   		
15227   			8.91   		   		
15232   			8.39   		   		
15238   			8.91   		   		
15244   			7.65   		   		
15250   			8.97   		   		
15255   			8.33   		   		
15261   			8.51   		   		
15267   			8.45   		   		
15273   			7.42   		   		
15278   			7.36   		   		
15284   			7.84   		   		
15290   			8.13   		   		
15295   			7.78   		   		
15301   			7.78   		   		
15307   			7.84   		   		
15313   			8.05   		   		
15318   			8.74   		   		
15324   			8.56   		   		
15330   			7.88   		   		
15336   			8.22   		   		
15341   			8.24   		   		
15347   			7.90   		   		
15353   			7.61   		   		
15358   			7.15   		   		
15364   			8.24   		   		
15370   			7.91   		   		
15376   			8.26   		   		
15381   			8.08   		   		
15387   			7.80   		   		
15393   			6.82   		   		
15399   			7.74   		   		
15404   			6.88   		   		
15410   			6.31   		   		
15416   			6.19   		   		
15421   			6.37   		   		
15427   			6.37   		   		
15433   			6.08   		   		
15439   			5.39   		   		
15444   			5.39   		   		
15450   			5.50   		   		
15456   			5.81   		   		
15462   			6.09   		   		
15467   			5.86   		   		
15473   			4.94   		   		
15479   			4.25   		   		
15484   			4.54   		   		
15490   			4.65   		   		
15496   			4.71   		   		
15502   			4.77   		   		
15507   			4.14   		   		
15513   			4.16   		   		
15519   			4.39   		   		
15525   			3.75   		   		
15530   			4.27   		   		
15536   			4.50   		   		
15542   			4.39   		   		
15547   			3.64   		   		
15553   			3.58   		   		
15559   			3.93   		   		
15565   			2.60   		   		
15570   			3.72   		   		
15576   			2.56   		   		
15582   			2.50   		   		
15588   			3.25   		   		
15593   			3.08   		   		
15599   			3.49   		   		
15605   			3.14   		   		
15610   			3.66   		   		
15616   			2.68   		   		
15622   			2.04   		   		
15628   			2.06   		   		
15633   			2.35   		   		
15639   			2.40   		   		
15645   			2.87   		   		
15651   			2.92   		   		
15656   			1.94   		   		
15662   			3.21   		   		
15668   			2.69   		   		
15673   			2.81   		   		
15679   			2.75   		   		
15685   			2.89   		   		
15691   			3.35   		   		
15696   			2.31   		   		
15702   			2.95   		   		
15708   			2.48   		   		
15714   			3.37   		   		
15719   			3.49   		   		
15725   			3.20   		   		
15731   			2.74   		   		
15736   			2.79   		   		
15742   			2.10   		   		
15748   			1.75   		   		
15754   			0.83   		   		
15759   			1.81   		   		
15765   			1.17   		   		
15771   			0.63   		   		
15777   			0.69   		   		
15782   			0.46   		   		
15788   			1.27   		   		
15794   			0.81   		   		
15799   			0.75   		   		
15805   			1.33   		   		
15811   			1.96   		   		
15817   			1.33   		   		
15822   			0.86   		   		
15828   			0.81   		   		
15834   			1.39   		   		
15840   			0.92   		   		
15845   			1.62   		   		
15851   			1.62   		   		
15857   			1.50   		   		
15862   			0.75   		   		
15868   			0.63   		   		
15874   			0.92   		   		
15880   			0.75   		   		
15885   			0.77   		   		
15891   			1.00   		   		
15897   			-0.50   		   		
15902   			0.65   		   		
15908   			0.31   		   		
15914   			-0.20   		   		
15920   			-0.20   		   		
15925   			0.61   		   		
15931   			0.79   		   		
15937   			0.21   		   		
15943   			1.17   		   		
15948   			0.65   		   		
15954   			0.94   		   		
15960   			0.36   		   		
15965   			0.48   		   		
15971   			0.75   		   		
15977   			0.75   		   		
15983   			0.23   		   		
15988   			0.11   		   		
15994   			1.27   		   		
16000   			0.58   		   		
16006   			0.17   		   		
16011   			-0.12   		   		
16017   			0.00   		   		
16023   			-0.47   		   		
16028   			-0.20   		   		
16034   			-0.08   		   		
16040   			0.50   		   		
16046   			0.15   		   		
16051   			-0.60   		   		
16057   			-0.29   		   		
16063   			-0.99   		   		
16069   			-0.06   		   		
16074   			0.00   		   		
16080   			0.34   		   		
16086   			-0.02   		   		
16091   			0.32   		   		
16097   			-0.49   		   		
16103   			-0.26   		   		
16109   			-0.20   		   		
16114   			0.17   		   		
16120   			0.52   		   		
16126   			0.17   		   		
16132   			-0.81   		   		
16137   			-0.58   		   		
16143   			-0.20   		   		
16149   			-0.55   		   		
16154   			0.50   		   		
16160   			-0.37   		   		
16166   			0.03   		   		
16172   			0.44   		   		
16177   			-0.14   		   		
16183   			0.84   		   		
16189   			-0.37   		   		
16195   			-0.37   		   		
16200   			0.15   		   		
16206   			-0.31   		   		
16212   			-0.14   		   		
16217   			-0.31   		   		
16223   			-0.31   		   		
16229   			0.26   		   		
16235   			0.15   		   		
16240   			-0.60   		   		
16246   			0.03   		   		
16252   			-0.95   		   		
16258   			-0.91   		   		
16263   			-0.45   		   		
16269   			-0.74   		   		
16275   			-1.03   		   		
16280   			-1.90   		   		
16286   			-1.32   		   		
16292   			-1.03   		   		
16298   			-0.50   		   		
16303   			-0.79   		   		
16309   			-0.85   		   		
16315   			-1.20   		   		
16321   			-0.91   		   		
16326   			-0.74   		   		
16332   			-0.97   		   		
16338   			-0.68   		   		
16343   			-1.36   		   		
16349   			-2.23   		   		
16355   			-1.76   		   		
16361   			-1.18   		   		
16366   			-1.13   		   		
16372   			-0.70   		   		
16378   			-1.57   		   		
16384   			-1.68   		   		
16389   			-0.53   		   		
16395   			-0.87   		   		
16401   			-0.35   		   		
16406   			-1.28   		   		
16412   			-1.57   		   		
16418   			-1.28   		   		
16424   			-1.22   		   		
16429   			-0.41   		   		
16435   			-1.57   		   		
16441   			-1.68   		   		
16447   			-1.86   		   		
16452   			-1.92   		   		
16458   			-1.97   		   		
16464   			-1.68   		   		
16469   			-1.74   		   		
16475   			-1.97   		   		
16481   			-0.81   		   		
16487   			-1.47   		   		
16492   			-0.31   		   		
16498   			-0.60   		   		
16504   			-0.89   		   		
16510   			-0.84   		   		
16515   			-2.11   		   		
16521   			-1.42   		   		
16527   			-1.82   		   		
16532   			-1.59   		   		
16538   			-2.00   		   		
16544   			-1.86   		   		
16550   			-1.34   		   		
16555   			-1.16   		   		
16561   			-1.05   		   		
16567   			-2.79   		   		
16572   			-0.64   		   		
16578   			-1.28   		   		
16584   			-2.03   		   		
16590   			-1.22   		   		
16595   			-1.51   		   		
16601   			-1.57   		   		
16607   			-1.16   		   		
16613   			-1.34   		   		
16618   			-1.22   		   		
16624   			-1.68   		   		
16630   			-3.17   		   		
16635   			-1.37   		   		
16641   			-1.37   		   		
16647   			-1.90   		   		
16653   			-1.72   		   		
16658   			-1.80   		   		
16664   			-2.32   		   		
16670   			-1.74   		   		
16676   			-0.99   		   		
16681   			-0.99   		   		
16687   			-0.99   		   		
16693   			-3.78   		   		
16698   			-1.74   		   		
16704   			-0.87   		   		
16710   			-2.32   		   		
16716   			-1.90   		   		
16721   			-1.55   		   		
16727   			-1.32   		   		
16733   			-1.26   		   		
16739   			-1.49   		   		
16744   			-1.59   		   		
16750   			-2.00   		   		
16756   			-3.56   		   		
16761   			-1.36   		   		
16767   			-0.78   		   		
16773   			-0.64   		   		
16779   			-1.34   		   		
16784   			-1.51   		   		
16790   			-1.86   		   		
16796   			-1.51   		   		
16802   			-1.94   		   		
16807   			-1.01   		   		
16813   			-1.53   		   		
16819   			-1.30   		   		
16824   			-2.11   		   		
16830   			-1.65   		   		
16836   			-0.49   		   		
16842   			-1.18   		   		
16847   			-1.82   		   		
16853   			-1.76   		   		
16859   			-0.99   		   		
16865   			-0.70   		   		
16870   			-1.63   		   		
16876   			-1.05   		   		
16882   			0.05   		   		
16887   			-1.66   		   		
16893   			-0.91   		   		
16899   			-1.49   		   		
16905   			-1.08   		   		
16910   			-1.37   		   		
16916   			-0.64   		   		
16922   			0.05   		   		
16928   			-0.24   		   		
16933   			-0.29   		   		
16939   			-1.16   		   		
16945   			-0.64   		   		
16950   			-1.51   		   		
16956   			-0.35   		   		
16962   			-0.70   		   		
16968   			-0.58   		   		
16973   			-0.41   		   		
16979   			-0.76   		   		
16985   			-0.18   		   		
16991   			-0.29   		   		
16996   			-0.76   		   		
17002   			-0.99   		   		
17008   			-1.10   		   		
17013   			-0.41   		   		
17019   			-1.16   		   		
17025   			-1.10   		   		
17031   			-0.70   		   		
17036   			-0.24   		   		
17042   			-0.47   		   		
17048   			0.34   		   		
17054   			-0.24   		   		
17059   			-0.41   		   		
17065   			-0.70   		   		
17071   			-0.35   		   		
17076   			-0.99   		   		
17082   			-0.81   		   		
17088   			-1.51   		   		
17094   			-0.81   		   		
17099   			-1.10   		   		
17105   			-1.05   		   		
17111   			-1.92   		   		
17117   			-2.03   		   		
17122   			-1.16   		   		
17128   			-1.68   		   		
17134   			-1.34   		   		
17139   			-1.57   		   		
17145   			-0.89   		   		
17151   			-1.47   		   		
17157   			-1.82   		   		
17162   			-1.76   		   		
17168   			-1.82   		   		
17174   			-1.34   		   		
17180   			-2.15   		   		
17185   			-0.87   		   		
17191   			-0.76   		   		
17197   			-0.81   		   		
17202   			-1.16   		   		
17208   			-0.53   		   		
17214   			-0.47   		   		
17220   			-1.10   		   		
17225   			-0.87   		   		
17231   			-0.89   		   		
17237   			-1.13   		   		
17243   			-1.07   		   		
17248   			-0.37   		   		
17254   			-1.01   		   		
17260   			-0.58   		   		
17265   			-0.47   		   		
17271   			-0.70   		   		
17277   			0.11   		   		
17283   			-0.99   		   		
17288   			0.02   		   		
17294   			-0.50   		   		
17300   			-1.14   		   		
17306   			-0.85   		   		
17311   			-0.68   		   		
17317   			-0.21   		   		
17323   			-0.74   		   		
17328   			-0.16   		   		
17334   			0.89   		   		
17340   			-0.85   		   		
17346   			-1.26   		   		
17351   			-0.62   		   		
17357   			-0.50   		   		
17363   			-0.62   		   		
17368   			0.36   		   		
17374   			-0.24   		   		
17380   			0.00   		   		
17386   			-0.64   		   		
17391   			0.52   		   		
17397   			-0.87   		   		
17403   			-0.81   		   		
17409   			-0.87   		   		
17414   			0.23   		   		
17420   			-0.87   		   		
17426   			-2.61   		   		
17431   			-0.64   		   		
17437   			-0.64   		   		
17443   			-0.64   		   		
17449   			-1.22   		   		
17454   			-0.58   		   		
17460   			-0.87   		   		
17466   			-1.10   		   		
17472   			-1.34   		   		
17477   			-0.35   		   		
17483   			0.05   		   		
17489   			-3.06   		   		
17494   			-0.97   		   		
17500   			-1.55   		   		
17506   			-0.16   		   		
17512   			-0.27   		   		
17517   			-1.22   		   		
17523   			-0.87   		   		
17529   			-0.29   		   		
17535   			-0.93   		   		
17540   			-1.05   		   		
17546   			-1.28   		   		
17552   			-2.15   		   		
17557   			-1.39   		   		
17563   			-1.34   		   		
17569   			-1.16   		   		
17575   			-1.72   		   		
17580   			-1.66   		   		
17586   			-1.32   		   		
17592   			-1.14   		   		
17598   			-1.20   		   		
17603   			-2.19   		   		
17609   			-1.66   		   		
17615   			-2.42   		   		
17620   			-2.65   		   		
17626   			-2.13   		   		
17632   			-1.63   		   		
17638   			-2.03   		   		
17643   			-1.92   		   		
17649   			-1.05   		   		
17655   			-1.80   		   		
17661   			-1.34   		   		
17666   			-1.28   		   		
17672   			-1.28   		   		
17678   			-2.38   		   		
17683   			-1.39   		   		
17689   			-1.08   		   		
17695   			-1.55   		   		
17701   			-1.72   		   		
17706   			-1.72   		   		
17712   			-1.90   		   		
17718   			-1.13   		   		
17724   			-1.13   		   		
17729   			-0.89   		   		
17735   			-1.42   		   		
17741   			-1.01   		   		
17746   			-0.68   		   		
17752   			-0.79   		   		
17758   			-0.68   		   		
17764   			-1.08   		   		
17769   			-1.49   		   		
17775   			-0.24   		   		
17781   			-0.93   		   		
17787   			-0.35   		   		
17792   			-1.74   		   		
17798   			-1.39   		   		
17804   			-1.14   		   		
17809   			-1.26   		   		
17815   			-1.61   		   		
17821   			-2.30   		   		
17827   			-1.26   		   		
17832   			-1.57   		   		
17838   			-0.47   		   		
17844   			-1.74   		   		
17850   			-0.58   		   		
17855   			-0.70   		   		
17861   			-0.99   		   		
17867   			-1.51   		   		
17872   			-1.51   		   		
17878   			-1.74   		   		
17884   			-1.16   		   		
17890   			-0.91   		   		
17895   			-1.72   		   		
17901   			-1.37   		   		
17907   			-1.95   		   		
17913   			-1.20   		   		
17918   			-1.14   		   		
17924   			-1.32   		   		
17930   			-0.56   		   		
17935   			-1.37   		   		
17941   			-1.14   		   		
17947   			-0.91   		   		
17953   			-1.32   		   		
17958   			-1.20   		   		
17964   			-1.32   		   		
17970   			-1.37   		   		
17976   			-1.57   		   		
17981   			-1.05   		   		
17987   			-1.05   		   		
17993   			-1.86   		   		
17998   			-1.28   		   		
18004   			-1.34   		   		
18010   			-1.57   		   		
18016   			-1.68   		   		
18021   			-0.35   		   		
18027   			-1.57   		   		
18033   			-1.01   		   		
18039   			-1.94   		   		
18044   			-1.65   		   		
18050   			-1.65   		   		
18056   			-1.82   		   		
18061   			-1.95   		   		
18067   			-1.72   		   		
18073   			-1.61   		   		
18079   			-1.32   		   		
18084   			-1.49   		   		
18090   			-1.74   		   		
18096   			-1.34   		   		
18102   			-0.18   		   		
18107   			-0.35   		   		
18113   			-0.58   		   		
18119   			-0.74   		   		
18124   			-1.32   		   		
18130   			-1.72   		   		
18136   			-1.55   		   		
18142   			0.08   		   		
18147   			-0.85   		   		
18153   			0.08   		   		
18159   			-1.03   		   		
18165   			-1.03   		   		
18170   			-0.97   		   		
18176   			-0.99   		   		
18182   			-0.93   		   		
18187   			-0.41   		   		
18193   			-0.93   		   		
18199   			-0.06   		   		
18205   			-0.74   		   		
18210   			-0.85   		   		
18216   			-1.03   		   		
18222   			-0.33   		   		
18228   			-1.03   		   		
18233   			-0.55   		   		
18239   			-0.31   		   		
18245   			-0.43   		   		
18250   			-1.01   		   		
18256   			-1.13   		   		
18262   			-1.16   		   		
18268   			-1.63   		   		
18273   			-0.70   		   		
18279   			-0.29   		   		
18285   			-1.63   		   		
18290   			-1.76   		   		
18296   			-1.65   		   		
18302   			-0.89   		   		
18308   			-0.66   		   		
18313   			-2.34   		   		
18319   			-1.82   		   		
18325   			-0.66   		   		
18331   			-0.49   		   		
18336   			0.26   		   		
18342   			-0.66   		   		
18348   			-3.49   		   		
18354   			-1.45   		   		
18359   			-1.22   		   		
18365   			-0.47   		   		
18371   			-1.63   		   		
18376   			-0.84   		   		
18382   			-1.07   		   		
18388   			-1.30   		   		
18394   			-1.36   		   		
18399   			-0.78   		   		
18405   			-1.14   		   		
18411   			-2.30   		   		
18416   			-0.56   		   		
18422   			-0.74   		   		
18428   			-0.74   		   		
18434   			-1.22   		   		
18439   			0.34   		   		
18445   			-0.53   		   		
18451   			0.40   		   		
18457   			-0.99   		   		
18462   			-1.39   		   		
18468   			-1.10   		   		
18474   			-3.14   		   		
18479   			-1.16   		   		
18485   			-0.70   		   		
18491   			-1.30   		   		
18497   			-1.53   		   		
18502   			-1.71   		   		
18508   			-2.00   		   		
18514   			-1.82   		   		
18520   			-2.11   		   		
18525   			-2.34   		   		
18531   			-2.40   		   		
18537   			-2.98   		   		
18542   			-1.94   		   		
18548   			-1.82   		   		
18554   			-1.24   		   		
18560   			-1.76   		   		
18565   			-1.18   		   		
18571   			-1.30   		   		
18577   			-1.94   		   		
18583   			-1.47   		   		
18588   			-2.40   		   		
18594   			-1.42   		   		
18600   			-2.87   		   		
18605   			-1.86   		   		
18611   			-1.34   		   		
18617   			-0.64   		   		
18623   			-1.34   		   		
18628   			-0.87   		   		
18634   			-0.87   		   		
18640   			-1.57   		   		
18646   			-1.39   		   		
18651   			-0.64   		   		
18657   			-0.64   		   		
18663   			-0.25   		   		
18668   			-0.54   		   		
18674   			-0.83   		   		
18680   			-0.31   		   		
18686   			-1.00   		   		
18691   			-0.18   		   		
18697   			-0.64   		   		
18703   			-1.51   		   		
18709   			-0.99   		   		
18714   			-1.05   		   		
18720   			-0.68   		   		
18726   			-1.14   		   		
18731   			-1.20   		   		
18737   			-0.45   		   		
18743   			-1.66   		   		
18749   			0.05   		   		
18754   			-0.47   		   		
18760   			-1.05   		   		
18766   			-0.35   		   		
18772   			0.05   		   		
18777   			-0.41   		   		
18783   			-0.24   		   		
18789   			-1.22   		   		
18794   			0.46   		   		
18800   			-1.63   		   		
18806   			-1.57   		   		
18812   			-1.39   		   		
18817   			-0.76   		   		
18823   			-0.53   		   		
18829   			-0.64   		   		
18835   			-0.78   		   		
18840   			-0.26   		   		
18846   			-0.08   		   		
18852   			-0.26   		   		
18857   			-0.26   		   		
18863   			-0.10   		   		
18869   			-0.33   		   		
18875   			-0.39   		   		
18880   			-1.03   		   		
18886   			-0.16   		   		
18892   			-0.33   		   		
18898   			-0.62   		   		
18903   			0.19   		   		
18909   			0.42   		   		
18915   			0.36   		   		
18920   			0.55   		   		
18926   			0.15   		   		
18932   			0.21   		   		
18938   			-0.31   		   		
18943   			0.09   		   		
18949   			0.52   		   		
18955   			0.40   		   		
18961   			0.05   		   		
18966   			0.63   		   		
18972   			0.29   		   		
18978   			0.02   		   		
18983   			0.19   		   		
18989   			-0.39   		   		
18995   			0.36   		   		
19001   			0.54   		   		
19006   			0.40   		   		
19012   			-0.06   		   		
19018   			0.23   		   		
19024   			-0.47   		   		
19029   			-0.12   		   		
19035   			-0.66   		   		
19041   			-0.37   		   		
19046   			-0.55   		   		
19052   			-0.84   		   		
19058   			-0.43   		   		
19064   			-0.97   		   		
19069   			1.12   		   		
19075   			-0.97   		   		
19081   			-1.66   		   		
19086   			-0.85   		   		
19092   			-0.27   		   		
19098   			-0.21   		   		
19104   			1.06   		   		
19109   			-0.27   		   		
19115   			-0.04   		   		
19121   			0.44   		   		
19127   			0.38   		   		
19132   			-0.60   		   		
19138   			-0.55   		   		
19144   			-1.82   		   		
19149   			-0.06   		   		
19155   			0.46   		   		
19161   			0.11   		   		
19167   			-0.93   		   		
19172   			0.17   		   		
19178   			-0.39   		   		
19184   			-0.04   		   		
19190   			0.77   		   		
19195   			0.13   		   		
19201   			-0.74   		   		
19207   			-0.60   		   		
19212   			-0.37   		   		
19218   			-1.07   		   		
19224   			-0.55   		   		
19230   			0.15   		   		
19235   			1.21   		   		
19241   			0.98   		   		
19247   			0.52   		   		
19253   			0.58   		   		
19258   			0.17   		   		
19264   			-0.24   		   		
19270   			0.00   		   		
19275   			-0.64   		   		
19281   			-0.47   		   		
19287   			-0.76   		   		
19293   			0.63   		   		
19298   			0.17   		   		
19304   			-0.18   		   		
19310   			-0.93   		   		
19316   			0.23   		   		
19321   			-0.41   		   		
19327   			-0.99   		   		
19333   			-0.35   		   		
19338   			0.29   		   		
19344   			-0.87   		   		
19350   			-0.95   		   		
19356   			0.61   		   		
19361   			-0.72   		   		
19367   			-0.43   		   		
19373   			-0.08   		   		
19379   			0.03   		   		
19384   			0.26   		   		
19390   			0.67   		   		
19396   			-0.26   		   		
19401   			-0.14   		   		
19407   			0.23   		   		
19413   			1.21   		   		
19419   			0.11   		   		
19424   			-0.18   		   		
19430   			0.75   		   		
19436   			0.40   		   		
19442   			-0.06   		   		
19447   			-0.35   		   		
19453   			0.00   		   		
19459   			-0.12   		   		
19464   			-0.26   		   		
19470   			-0.20   		   		
19476   			-0.78   		   		
19482   			-0.66   		   		
19487   			-0.89   		   		
19493   			-0.56   		   		
