Timestamp		Force Z		Comments
0   			-1.43   		   		
6   			-1.14   		   		
12   			-1.03   		   		
17   			-0.85   		   		
23   			-1.51   		   		
29   			-1.45   		   		
34   			-1.22   		   		
40   			-0.87   		   		
46   			-0.81   		   		
52   			-0.33   		   		
57   			-0.68   		   		
63   			-0.97   		   		
69   			-0.85   		   		
75   			-0.79   		   		
80   			-0.39   		   		
86   			-0.68   		   		
92   			-0.62   		   		
97   			-1.55   		   		
103   			-0.39   		   		
109   			-0.39   		   		
115   			-0.21   		   		
120   			-0.79   		   		
126   			-0.97   		   		
132   			-0.62   		   		
138   			-1.08   		   		
143   			-0.39   		   		
149   			-0.50   		   		
155   			-0.79   		   		
160   			-0.27   		   		
166   			-0.39   		   		
172   			-0.33   		   		
178   			0.08   		   		
183   			-0.16   		   		
189   			-0.74   		   		
195   			-0.79   		   		
200   			-0.85   		   		
206   			-0.74   		   		
212   			-1.03   		   		
218   			-0.45   		   		
223   			-0.79   		   		
229   			0.83   		   		
235   			0.83   		   		
241   			0.08   		   		
246   			-0.33   		   		
252   			-0.08   		   		
258   			-1.99   		   		
263   			-0.31   		   		
269   			-0.02   		   		
275   			-0.19   		   		
281   			-0.77   		   		
286   			-0.43   		   		
292   			-0.14   		   		
298   			0.15   		   		
304   			-1.12   		   		
309   			-1.35   		   		
315   			-0.14   		   		
321   			-1.58   		   		
326   			-1.06   		   		
332   			-0.89   		   		
338   			-0.68   		   		
344   			0.13   		   		
349   			-0.39   		   		
355   			0.31   		   		
361   			-0.16   		   		
367   			-0.50   		   		
372   			0.13   		   		
378   			-0.27   		   		
384   			-0.97   		   		
389   			-0.10   		   		
395   			0.02   		   		
401   			0.19   		   		
407   			-0.56   		   		
412   			-0.39   		   		
418   			-0.33   		   		
424   			-0.48   		   		
430   			-0.19   		   		
435   			-0.31   		   		
441   			0.33   		   		
447   			-0.37   		   		
452   			0.15   		   		
458   			-0.08   		   		
464   			0.15   		   		
470   			-0.02   		   		
475   			-1.12   		   		
481   			-0.17   		   		
487   			0.46   		   		
493   			-0.58   		   		
498   			0.46   		   		
504   			0.23   		   		
510   			-0.79   		   		
515   			0.08   		   		
521   			-0.27   		   		
527   			-0.21   		   		
533   			-0.04   		   		
538   			0.15   		   		
544   			0.04   		   		
550   			0.39   		   		
556   			-0.48   		   		
561   			-0.77   		   		
567   			-0.25   		   		
573   			-0.31   		   		
578   			0.68   		   		
584   			0.27   		   		
590   			-0.02   		   		
596   			0.25   		   		
601   			-0.45   		   		
607   			0.31   		   		
613   			0.36   		   		
619   			-0.50   		   		
624   			0.33   		   		
630   			0.73   		   		
636   			0.27   		   		
641   			-0.19   		   		
647   			0.04   		   		
653   			-0.04   		   		
659   			-0.04   		   		
664   			-1.32   		   		
670   			-0.39   		   		
676   			0.60   		   		
682   			1.02   		   		
687   			-0.26   		   		
693   			0.90   		   		
699   			0.61   		   		
704   			0.90   		   		
710   			0.71   		   		
716   			-0.10   		   		
722   			0.36   		   		
727   			-0.62   		   		
733   			0.19   		   		
739   			0.19   		   		
745   			-0.91   		   		
750   			-0.33   		   		
756   			0.19   		   		
762   			-0.50   		   		
767   			-0.16   		   		
773   			0.31   		   		
779   			0.19   		   		
785   			-0.33   		   		
790   			-0.39   		   		
796   			-1.05   		   		
802   			-0.58   		   		
807   			-0.99   		   		
813   			-0.47   		   		
819   			-0.64   		   		
825   			-0.27   		   		
830   			-1.14   		   		
836   			-0.45   		   		
842   			-0.97   		   		
848   			-0.45   		   		
853   			-0.06   		   		
859   			-0.41   		   		
865   			-1.45   		   		
870   			1.04   		   		
876   			0.05   		   		
882   			-0.21   		   		
888   			0.02   		   		
893   			0.08   		   		
899   			0.54   		   		
905   			0.13   		   		
911   			0.02   		   		
916   			-0.04   		   		
922   			0.31   		   		
928   			-1.78   		   		
933   			-0.04   		   		
939   			0.31   		   		
945   			-0.68   		   		
951   			-0.33   		   		
956   			0.31   		   		
962   			-0.79   		   		
968   			-0.50   		   		
974   			-0.16   		   		
979   			-0.45   		   		
985   			-0.21   		   		
991   			-2.13   		   		
996   			-0.64   		   		
1002   			-0.24   		   		
1008   			-0.47   		   		
1014   			0.29   		   		
1019   			0.40   		   		
1025   			-0.27   		   		
1031   			-0.79   		   		
1037   			-0.45   		   		
1042   			-0.33   		   		
1048   			0.13   		   		
1054   			-1.26   		   		
1059   			0.19   		   		
1065   			0.31   		   		
1071   			0.60   		   		
1077   			-0.56   		   		
1082   			1.29   		   		
1088   			-0.27   		   		
1094   			-0.45   		   		
1100   			-0.74   		   		
1105   			-0.91   		   		
1111   			-0.37   		   		
1117   			-2.22   		   		
1122   			-0.83   		   		
1128   			-0.37   		   		
1134   			-0.19   		   		
1140   			-0.27   		   		
1145   			-0.27   		   		
1151   			0.13   		   		
1157   			0.02   		   		
1163   			-0.39   		   		
1168   			-0.91   		   		
1174   			-0.27   		   		
1180   			-1.90   		   		
1185   			-1.32   		   		
1191   			-0.16   		   		
1197   			-0.64   		   		
1203   			-0.41   		   		
1208   			-0.93   		   		
1214   			0.69   		   		
1220   			-0.58   		   		
1226   			-0.19   		   		
1231   			-0.54   		   		
1237   			-0.14   		   		
1243   			-1.24   		   		
1248   			-0.19   		   		
1254   			-0.97   		   		
1260   			-0.33   		   		
1266   			-1.32   		   		
1271   			-2.13   		   		
1277   			-1.43   		   		
1283   			-0.99   		   		
1289   			-0.93   		   		
1294   			-1.16   		   		
1300   			-1.34   		   		
1306   			-1.28   		   		
1311   			-1.20   		   		
1317   			-1.72   		   		
1323   			-1.03   		   		
1329   			-1.08   		   		
1334   			-1.32   		   		
1340   			-0.21   		   		
1346   			0.25   		   		
1352   			-0.50   		   		
1357   			-0.39   		   		
1363   			-0.74   		   		
1369   			-1.49   		   		
1374   			-0.62   		   		
1380   			0.08   		   		
1386   			0.13   		   		
1392   			-0.62   		   		
1397   			-0.50   		   		
1403   			-0.62   		   		
1409   			0.31   		   		
1415   			-0.39   		   		
1420   			-0.68   		   		
1426   			-0.85   		   		
1432   			-0.16   		   		
1437   			-0.91   		   		
1443   			-0.68   		   		
1449   			-0.39   		   		
1455   			-0.58   		   		
1460   			-0.93   		   		
1466   			-1.10   		   		
1472   			-0.93   		   		
1478   			-1.05   		   		
1483   			-0.91   		   		
1489   			-0.79   		   		
1495   			-1.43   		   		
1500   			-0.79   		   		
1506   			-0.56   		   		
1512   			-0.97   		   		
1518   			-0.91   		   		
1523   			-0.45   		   		
1529   			-0.85   		   		
1535   			-0.39   		   		
1541   			-0.56   		   		
1546   			-0.45   		   		
1552   			-1.61   		   		
1558   			-2.01   		   		
1563   			-1.90   		   		
1569   			-0.85   		   		
1575   			-0.39   		   		
1581   			-0.85   		   		
1586   			-0.33   		   		
1592   			-0.56   		   		
1598   			-0.41   		   		
1604   			0.00   		   		
1609   			-0.87   		   		
1615   			-0.06   		   		
1621   			0.23   		   		
1626   			0.19   		   		
1632   			1.12   		   		
1638   			1.17   		   		
1644   			-0.56   		   		
1649   			-0.21   		   		
1655   			0.13   		   		
1661   			0.19   		   		
1667   			0.42   		   		
1672   			0.77   		   		
1678   			0.31   		   		
1684   			0.25   		   		
1689   			1.06   		   		
1695   			0.36   		   		
1701   			0.13   		   		
1707   			0.08   		   		
1712   			-0.27   		   		
1718   			-0.62   		   		
1724   			0.02   		   		
1730   			-0.56   		   		
1735   			-0.91   		   		
1741   			-0.68   		   		
1747   			-0.50   		   		
1752   			-0.97   		   		
1758   			-1.14   		   		
1764   			-1.08   		   		
1770   			-1.55   		   		
1775   			-0.97   		   		
1781   			-0.27   		   		
1787   			-3.12   		   		
1792   			-0.33   		   		
1798   			-0.97   		   		
1804   			-1.43   		   		
1810   			-0.91   		   		
1815   			-0.21   		   		
1821   			0.02   		   		
1827   			-0.49   		   		
1833   			-0.72   		   		
1838   			-0.20   		   		
1844   			-0.14   		   		
1850   			-2.34   		   		
1855   			-1.20   		   		
1861   			-0.39   		   		
1867   			-0.91   		   		
1873   			0.08   		   		
1878   			-0.33   		   		
1884   			0.75   		   		
1890   			-0.12   		   		
1896   			-0.29   		   		
1901   			0.81   		   		
1907   			0.75   		   		
1913   			-0.97   		   		
1918   			0.31   		   		
1924   			0.48   		   		
1930   			-0.21   		   		
1936   			-0.62   		   		
1941   			-0.45   		   		
1947   			-0.39   		   		
1953   			-0.74   		   		
1959   			-1.08   		   		
1964   			-1.37   		   		
1970   			-0.89   		   		
1976   			-0.89   		   		
1981   			-0.83   		   		
1987   			-0.43   		   		
1993   			-1.29   		   		
1999   			-0.66   		   		
2004   			-1.41   		   		
2010   			-0.48   		   		
2016   			-1.18   		   		
2022   			-1.53   		   		
2027   			-1.55   		   		
2033   			-1.61   		   		
2039   			-1.49   		   		
2044   			-1.26   		   		
2050   			-1.72   		   		
2056   			-1.03   		   		
2062   			0.42   		   		
2067   			-0.50   		   		
2073   			-1.03   		   		
2079   			-1.08   		   		
2085   			-0.74   		   		
2090   			-0.97   		   		
2096   			-1.08   		   		
2102   			-0.50   		   		
2107   			-0.91   		   		
2113   			-0.53   		   		
2119   			-0.06   		   		
2125   			-0.41   		   		
2130   			-0.47   		   		
2136   			-0.70   		   		
2142   			-0.83   		   		
2148   			-0.08   		   		
2153   			-0.08   		   		
2159   			-1.18   		   		
2165   			-1.06   		   		
2170   			-0.68   		   		
2176   			0.25   		   		
2182   			-0.10   		   		
2188   			-0.45   		   		
2193   			-0.97   		   		
2199   			-0.89   		   		
2205   			-0.08   		   		
2211   			-0.66   		   		
2216   			-0.37   		   		
2222   			-1.12   		   		
2228   			-0.83   		   		
2233   			-0.08   		   		
2239   			-0.54   		   		
2245   			-0.43   		   		
2251   			-0.54   		   		
2256   			-0.25   		   		
2262   			-0.31   		   		
2268   			-0.31   		   		
2274   			-1.18   		   		
2279   			-0.54   		   		
2285   			-0.56   		   		
2291   			-0.27   		   		
2296   			-0.45   		   		
2302   			-0.97   		   		
2308   			-1.37   		   		
2314   			-1.29   		   		
2319   			-0.60   		   		
2325   			0.27   		   		
2331   			-2.46   		   		
2336   			0.15   		   		
2342   			0.36   		   		
2348   			-1.43   		   		
2354   			-0.45   		   		
2359   			-0.91   		   		
2365   			-1.32   		   		
2371   			-0.70   		   		
2377   			-0.64   		   		
2382   			-0.64   		   		
2388   			-0.24   		   		
2394   			-2.32   		   		
2399   			-0.64   		   		
2405   			-1.16   		   		
2411   			-1.51   		   		
2417   			-1.34   		   		
2422   			-0.64   		   		
2428   			-0.62   		   		
2434   			-0.79   		   		
2440   			0.13   		   		
2445   			-0.27   		   		
2451   			0.31   		   		
2457   			0.56   		   		
2462   			-0.25   		   		
2468   			-0.25   		   		
2474   			0.91   		   		
2480   			0.33   		   		
2485   			-0.48   		   		
2491   			-0.02   		   		
2497   			0.39   		   		
2503   			0.56   		   		
2508   			0.68   		   		
2514   			0.56   		   		
2520   			0.44   		   		
2525   			-0.14   		   		
2531   			-1.29   		   		
2537   			-0.31   		   		
2543   			-0.33   		   		
2548   			-0.45   		   		
2554   			-0.04   		   		
2560   			-0.50   		   		
2566   			-0.04   		   		
2571   			-0.10   		   		
2577   			0.83   		   		
2583   			-0.39   		   		
2588   			-0.16   		   		
2594   			-0.16   		   		
2600   			-0.27   		   		
2606   			-0.79   		   		
2611   			-0.16   		   		
2617   			-0.50   		   		
2623   			-0.56   		   		
2629   			-0.77   		   		
2634   			-0.37   		   		
2640   			-0.48   		   		
2646   			-0.54   		   		
2651   			-0.02   		   		
2657   			-0.35   		   		
2663   			-0.53   		   		
2669   			-0.81   		   		
2674   			-0.81   		   		
2680   			-1.74   		   		
2686   			-2.01   		   		
2692   			-0.91   		   		
2697   			-1.55   		   		
2703   			-0.79   		   		
2709   			-1.20   		   		
2714   			-1.32   		   		
2720   			-0.97   		   		
2726   			-0.68   		   		
2732   			-1.49   		   		
2737   			-1.61   		   		
2743   			-0.97   		   		
2749   			-1.49   		   		
2755   			-1.49   		   		
2760   			0.48   		   		
2766   			-0.74   		   		
2772   			-1.55   		   		
2777   			-0.79   		   		
2783   			-1.32   		   		
2789   			-0.56   		   		
2795   			-0.33   		   		
2800   			-0.97   		   		
2806   			-0.10   		   		
2812   			-0.74   		   		
2818   			-1.37   		   		
2823   			-0.62   		   		
2829   			-0.21   		   		
2835   			-0.62   		   		
2840   			-0.74   		   		
2846   			-1.37   		   		
2852   			-1.20   		   		
2858   			-0.37   		   		
2863   			-0.71   		   		
2869   			-1.70   		   		
2875   			-0.19   		   		
2881   			-0.60   		   		
2886   			-0.68   		   		
2892   			-1.14   		   		
2898   			-1.32   		   		
2903   			-1.20   		   		
2909   			-1.08   		   		
2915   			-1.74   		   		
2921   			-0.76   		   		
2926   			-0.76   		   		
2932   			-1.68   		   		
2938   			-0.41   		   		
2944   			-0.62   		   		
2949   			-1.32   		   		
2955   			-0.91   		   		
2961   			-0.68   		   		
2966   			-0.74   		   		
2972   			-0.77   		   		
2978   			-0.19   		   		
2984   			-0.37   		   		
2989   			-0.71   		   		
2995   			-0.89   		   		
3001   			-2.13   		   		
3006   			-0.10   		   		
3012   			0.19   		   		
3018   			-0.91   		   		
3024   			-0.68   		   		
3029   			-1.08   		   		
3035   			-0.56   		   		
3041   			0.54   		   		
3047   			-0.10   		   		
3052   			0.48   		   		
3058   			-0.12   		   		
3064   			-2.21   		   		
3069   			-0.12   		   		
3075   			-0.41   		   		
3081   			-0.58   		   		
3087   			0.39   		   		
3092   			0.27   		   		
3098   			0.50   		   		
3104   			-0.48   		   		
3110   			-0.14   		   		
3115   			0.25   		   		
3121   			0.48   		   		
3127   			-0.45   		   		
3132   			-0.33   		   		
3138   			-0.10   		   		
3144   			-0.41   		   		
3150   			0.11   		   		
3155   			0.05   		   		
3161   			-0.06   		   		
3167   			-0.87   		   		
3173   			-0.39   		   		
3178   			0.13   		   		
3184   			-0.56   		   		
3190   			-0.79   		   		
3195   			-0.45   		   		
3201   			0.00   		   		
3207   			-0.52   		   		
3213   			-1.33   		   		
3218   			-0.29   		   		
3224   			-0.46   		   		
3230   			-1.03   		   		
3236   			-0.27   		   		
3241   			-0.10   		   		
3247   			-0.62   		   		
3253   			-0.10   		   		
3258   			0.00   		   		
3264   			-0.93   		   		
3270   			-0.35   		   		
3276   			0.52   		   		
3281   			0.05   		   		
3287   			0.05   		   		
3293   			0.92   		   		
3299   			0.17   		   		
3304   			-0.70   		   		
3310   			-0.53   		   		
3316   			-0.21   		   		
3321   			0.25   		   		
3327   			-1.61   		   		
3333   			-0.04   		   		
3339   			-0.74   		   		
3344   			-0.85   		   		
3350   			-0.50   		   		
3356   			-0.27   		   		
3362   			-0.74   		   		
3367   			-0.91   		   		
3373   			0.04   		   		
3379   			0.21   		   		
3384   			0.39   		   		
3390   			0.04   		   		
3396   			-0.02   		   		
3402   			0.29   		   		
3407   			-0.76   		   		
3413   			0.23   		   		
3419   			0.40   		   		
3425   			-0.99   		   		
3430   			-0.21   		   		
3436   			0.25   		   		
3442   			0.08   		   		
3447   			-0.79   		   		
3453   			-0.21   		   		
3459   			-0.31   		   		
3465   			-0.54   		   		
3470   			0.10   		   		
3476   			0.10   		   		
3482   			-1.70   		   		
3487   			-0.97   		   		
3493   			0.08   		   		
3499   			-1.08   		   		
3505   			-1.32   		   		
3510   			-0.50   		   		
3516   			-0.85   		   		
3522   			-1.14   		   		
3528   			-1.03   		   		
3533   			-0.21   		   		
3539   			-0.85   		   		
3545   			-2.13   		   		
3550   			-1.20   		   		
3556   			-1.03   		   		
3562   			-0.56   		   		
3568   			-0.91   		   		
3573   			0.08   		   		
3579   			-0.27   		   		
3585   			-1.49   		   		
3591   			-1.66   		   		
3596   			-0.68   		   		
3602   			-0.21   		   		
3608   			-1.03   		   		
3613   			-1.32   		   		
3619   			-0.27   		   		
3625   			-1.26   		   		
3631   			-0.16   		   		
3636   			-0.74   		   		
3642   			-0.62   		   		
3648   			-0.74   		   		
3654   			-1.72   		   		
3659   			-0.89   		   		
3665   			-0.77   		   		
3671   			-1.64   		   		
3676   			-1.76   		   		
3682   			-1.29   		   		
3688   			-2.09   		   		
3694   			-2.27   		   		
3699   			-2.21   		   		
3705   			-2.09   		   		
3711   			-0.99   		   		
3717   			-0.76   		   		
3722   			-0.24   		   		
3728   			-0.58   		   		
3734   			-1.10   		   		
3739   			-0.76   		   		
3745   			-0.87   		   		
3751   			-0.35   		   		
3757   			-0.69   		   		
3762   			-1.10   		   		
3768   			-0.58   		   		
3774   			-0.91   		   		
3780   			-0.50   		   		
3785   			0.42   		   		
3791   			0.31   		   		
3797   			-0.62   		   		
3802   			-0.87   		   		
3808   			-0.46   		   		
3814   			-0.29   		   		
3820   			-0.23   		   		
3825   			-0.17   		   		
3831   			0.08   		   		
3837   			0.19   		   		
3843   			0.25   		   		
3848   			0.60   		   		
3854   			-0.50   		   		
3860   			-0.16   		   		
3865   			0.42   		   		
3871   			-0.39   		   		
3877   			-1.03   		   		
3883   			-1.08   		   		
3888   			-0.10   		   		
3894   			-0.62   		   		
3900   			-0.79   		   		
3906   			-0.91   		   		
3911   			-1.03   		   		
3917   			-0.16   		   		
3923   			-0.16   		   		
3928   			-0.10   		   		
3934   			-0.16   		   		
3940   			-0.39   		   		
3946   			-0.50   		   		
3951   			-0.21   		   		
3957   			-0.62   		   		
3963   			-2.13   		   		
3968   			-0.45   		   		
3974   			-0.62   		   		
3980   			-0.97   		   		
3986   			-0.85   		   		
3991   			-0.62   		   		
3997   			-0.56   		   		
4003   			-0.71   		   		
4009   			-1.18   		   		
4014   			-1.06   		   		
4020   			-0.95   		   		
4026   			-2.75   		   		
4031   			-1.43   		   		
4037   			-1.37   		   		
4043   			0.19   		   		
4049   			-0.68   		   		
4054   			-0.04   		   		
4060   			-0.66   		   		
4066   			-0.77   		   		
4072   			0.39   		   		
4077   			-0.54   		   		
4083   			-0.89   		   		
4089   			-1.58   		   		
4094   			-1.00   		   		
4100   			-0.02   		   		
4106   			-0.54   		   		
4112   			-1.18   		   		
4117   			-0.45   		   		
4123   			-1.37   		   		
4129   			-0.68   		   		
4135   			-1.32   		   		
4140   			-0.91   		   		
4146   			-0.45   		   		
4152   			0.02   		   		
4157   			0.08   		   		
4163   			-0.97   		   		
4169   			-0.85   		   		
4175   			-0.39   		   		
4180   			-0.33   		   		
4186   			-1.03   		   		
4192   			-0.68   		   		
4198   			-1.26   		   		
4203   			-1.61   		   		
4209   			-1.20   		   		
4215   			-1.20   		   		
4220   			-0.97   		   		
4226   			-0.97   		   		
4232   			-0.50   		   		
4238   			-2.19   		   		
4243   			-0.91   		   		
4249   			0.08   		   		
4255   			-0.10   		   		
4261   			-0.60   		   		
4266   			-0.25   		   		
4272   			-0.48   		   		
4278   			-1.24   		   		
4283   			-0.77   		   		
4289   			0.25   		   		
4295   			-1.14   		   		
4301   			-0.91   		   		
4306   			-0.27   		   		
4312   			-0.85   		   		
4318   			-1.49   		   		
4324   			-1.95   		   		
4329   			-1.08   		   		
4335   			-0.79   		   		
4341   			-0.74   		   		
4346   			-0.93   		   		
4352   			-1.16   		   		
4358   			-1.39   		   		
4364   			-0.81   		   		
4369   			-1.45   		   		
4375   			-1.65   		   		
4381   			-1.59   		   		
4386   			-1.94   		   		
4392   			-2.11   		   		
4398   			-1.36   		   		
4404   			-2.86   		   		
4409   			-2.17   		   		
4415   			-3.04   		   		
4421   			-1.58   		   		
4427   			-1.76   		   		
4432   			-2.09   		   		
4438   			-1.86   		   		
4444   			-4.77   		   		
4449   			-1.28   		   		
4455   			-0.76   		   		
4461   			-0.08   		   		
4467   			-1.41   		   		
4472   			-1.06   		   		
4478   			-0.83   		   		
4484   			-1.53   		   		
4490   			-0.56   		   		
4495   			-0.79   		   		
4501   			-1.03   		   		
4507   			-1.43   		   		
4512   			-0.04   		   		
4518   			-0.74   		   		
4524   			-0.39   		   		
4530   			0.19   		   		
4535   			-0.27   		   		
4541   			-1.32   		   		
4547   			-0.91   		   		
4553   			-0.85   		   		
4558   			-1.37   		   		
4564   			-0.68   		   		
4570   			-2.94   		   		
4575   			-1.03   		   		
4581   			-1.14   		   		
4587   			-0.50   		   		
4593   			-1.14   		   		
4598   			-0.39   		   		
4604   			-0.56   		   		
4610   			0.02   		   		
4616   			-0.56   		   		
4621   			-0.33   		   		
4627   			-0.04   		   		
4633   			-0.45   		   		
4638   			-0.91   		   		
4644   			0.19   		   		
4650   			-1.08   		   		
4656   			-0.68   		   		
4661   			-1.06   		   		
4667   			-0.08   		   		
4673   			-0.43   		   		
4679   			-1.00   		   		
4684   			-0.25   		   		
4690   			-0.50   		   		
4696   			-1.26   		   		
4701   			-0.79   		   		
4707   			-0.45   		   		
4713   			-0.91   		   		
4719   			-0.33   		   		
4724   			-0.74   		   		
4730   			-1.43   		   		
4736   			-0.97   		   		
4742   			-0.74   		   		
4747   			-1.43   		   		
4753   			-1.08   		   		
4759   			-0.79   		   		
4764   			-1.66   		   		
4770   			-0.33   		   		
4776   			-1.08   		   		
4782   			-0.39   		   		
4787   			-0.62   		   		
4793   			-1.43   		   		
4799   			-0.39   		   		
4805   			-0.37   		   		
4810   			-0.25   		   		
4816   			-0.54   		   		
4822   			-0.54   		   		
4827   			-0.71   		   		
4833   			-0.37   		   		
4839   			-0.02   		   		
4845   			-0.83   		   		
4850   			-0.60   		   		
4856   			-1.00   		   		
4862   			-0.99   		   		
4868   			-0.41   		   		
4873   			-0.81   		   		
4879   			-0.93   		   		
4885   			-0.18   		   		
4890   			-0.91   		   		
4896   			0.13   		   		
4902   			-1.08   		   		
4908   			-0.62   		   		
4913   			-0.68   		   		
4919   			-1.06   		   		
4925   			-1.06   		   		
4931   			-1.00   		   		
4936   			-0.48   		   		
4942   			-0.66   		   		
4948   			0.02   		   		
4953   			-0.91   		   		
4959   			-0.21   		   		
4965   			-0.56   		   		
4971   			-0.45   		   		
4976   			0.13   		   		
4982   			-0.16   		   		
4988   			1.17   		   		
4994   			0.08   		   		
4999   			1.06   		   		
5005   			0.27   		   		
5011   			-0.25   		   		
5016   			0.44   		   		
5022   			0.15   		   		
5028   			1.02   		   		
5034   			-0.62   		   		
5039   			0.19   		   		
5045   			-0.21   		   		
5051   			-2.53   		   		
5056   			-0.62   		   		
5062   			0.08   		   		
5068   			-0.10   		   		
5074   			-0.39   		   		
5079   			-0.39   		   		
5085   			-0.45   		   		
5091   			0.02   		   		
5097   			-0.27   		   		
5102   			-0.56   		   		
5108   			0.42   		   		
5114   			0.02   		   		
5119   			0.05   		   		
5125   			0.00   		   		
5131   			0.86   		   		
5137   			0.29   		   		
5142   			0.81   		   		
5148   			0.04   		   		
5154   			-0.19   		   		
5160   			-1.00   		   		
5165   			-0.31   		   		
5171   			0.15   		   		
5177   			0.63   		   		
5182   			1.50   		   		
5188   			0.46   		   		
5194   			0.92   		   		
5200   			0.40   		   		
5205   			0.40   		   		
5211   			1.15   		   		
5217   			0.58   		   		
5223   			0.11   		   		
5228   			-0.47   		   		
5234   			1.12   		   		
5240   			0.31   		   		
5245   			0.48   		   		
5251   			0.83   		   		
5257   			0.36   		   		
5263   			-0.53   		   		
5268   			-0.53   		   		
5274   			-0.24   		   		
5280   			0.17   		   		
5286   			0.46   		   		
5291   			0.36   		   		
5297   			0.48   		   		
5303   			0.48   		   		
5308   			1.58   		   		
5314   			1.81   		   		
5320   			1.41   		   		
5326   			0.31   		   		
5331   			-0.04   		   		
5337   			1.64   		   		
5343   			1.06   		   		
5349   			0.81   		   		
5354   			0.40   		   		
5360   			0.46   		   		
5366   			0.34   		   		
5371   			0.86   		   		
5377   			0.68   		   		
5383   			1.43   		   		
5389   			2.06   		   		
5394   			0.44   		   		
5400   			1.14   		   		
5406   			1.39   		   		
5412   			1.04   		   		
5417   			1.33   		   		
5423   			0.75   		   		
5429   			1.10   		   		
5434   			1.08   		   		
5440   			1.66   		   		
5446   			2.12   		   		
5452   			2.41   		   		
5457   			2.01   		   		
5463   			1.52   		   		
5469   			2.85   		   		
5475   			2.50   		   		
5480   			2.62   		   		
5486   			2.27   		   		
5492   			2.74   		   		
5497   			2.04   		   		
5503   			1.46   		   		
5509   			1.81   		   		
5515   			1.70   		   		
5520   			2.39   		   		
5526   			3.02   		   		
5532   			3.08   		   		
5538   			2.50   		   		
5543   			3.02   		   		
5549   			2.76   		   		
5555   			2.76   		   		
5560   			3.68   		   		
5566   			2.93   		   		
5572   			1.83   		   		
5578   			3.54   		   		
5583   			3.54   		   		
5589   			3.25   		   		
5595   			3.49   		   		
5600   			3.60   		   		
5606   			3.25   		   		
5612   			2.50   		   		
5618   			3.37   		   		
5623   			2.74   		   		
5629   			2.91   		   		
5635   			2.81   		   		
5641   			3.68   		   		
5646   			2.99   		   		
5652   			2.99   		   		
5658   			1.43   		   		
5663   			3.12   		   		
5669   			2.71   		   		
5675   			3.35   		   		
5681   			3.41   		   		
5686   			3.98   		   		
5692   			3.72   		   		
5698   			3.49   		   		
5704   			3.54   		   		
5709   			3.14   		   		
5715   			3.20   		   		
5721   			1.89   		   		
5726   			3.45   		   		
5732   			3.16   		   		
5738   			2.53   		   		
5744   			2.47   		   		
5749   			3.18   		   		
5755   			3.64   		   		
5761   			3.18   		   		
5767   			4.27   		   		
5772   			4.39   		   		
5778   			4.20   		   		
5784   			2.76   		   		
5789   			4.08   		   		
5795   			4.14   		   		
5801   			4.26   		   		
5807   			4.79   		   		
5812   			4.50   		   		
5818   			5.60   		   		
5824   			4.16   		   		
5830   			4.27   		   		
5835   			4.93   		   		
5841   			5.27   		   		
5847   			3.77   		   		
5852   			4.87   		   		
5858   			4.70   		   		
5864   			5.27   		   		
5870   			4.52   		   		
5875   			4.64   		   		
5881   			4.75   		   		
5887   			5.68   		   		
5893   			4.96   		   		
5898   			3.87   		   		
5904   			4.62   		   		
5910   			5.31   		   		
5915   			4.91   		   		
5921   			5.73   		   		
5927   			5.39   		   		
5933   			4.87   		   		
5938   			4.87   		   		
5944   			5.16   		   		
5950   			5.29   		   		
5956   			6.16   		   		
5961   			6.21   		   		
5967   			5.52   		   		
5973   			5.87   		   		
5978   			5.79   		   		
5984   			5.62   		   		
5990   			5.62   		   		
5996   			5.39   		   		
6001   			5.62   		   		
6007   			5.88   		   		
6013   			5.37   		   		
6019   			5.54   		   		
6024   			6.23   		   		
6030   			6.52   		   		
6036   			6.56   		   		
6041   			6.73   		   		
6047   			6.67   		   		
6053   			6.39   		   		
6059   			6.79   		   		
6064   			6.06   		   		
6070   			6.58   		   		
6076   			5.77   		   		
6082   			6.24   		   		
6087   			7.16   		   		
6093   			6.62   		   		
6099   			7.77   		   		
6104   			7.59   		   		
6110   			8.00   		   		
6116   			8.11   		   		
6122   			8.00   		   		
6127   			7.31   		   		
6133   			7.77   		   		
6139   			8.05   		   		
6145   			7.08   		   		
6150   			7.88   		   		
6156   			7.65   		   		
6162   			7.42   		   		
6167   			7.19   		   		
6173   			7.65   		   		
6179   			6.98   		   		
6185   			6.98   		   		
6190   			6.69   		   		
6196   			6.92   		   		
6202   			7.09   		   		
6208   			7.23   		   		
6213   			7.80   		   		
6219   			7.74   		   		
6225   			8.20   		   		
6230   			8.66   		   		
6236   			8.38   		   		
6242   			8.09   		   		
6248   			7.29   		   		
6253   			8.09   		   		
6259   			7.92   		   		
6265   			7.48   		   		
6271   			8.11   		   		
6276   			8.45   		   		
6282   			8.57   		   		
6288   			8.45   		   		
6293   			7.69   		   		
6299   			7.46   		   		
6305   			8.09   		   		
6311   			8.43   		   		
6316   			8.55   		   		
6322   			9.37   		   		
6328   			9.14   		   		
6334   			8.45   		   		
6339   			8.68   		   		
6345   			8.11   		   		
6351   			8.57   		   		
6356   			9.37   		   		
6362   			8.74   		   		
6368   			9.14   		   		
6374   			9.14   		   		
6379   			8.97   		   		
6385   			8.23   		   		
6391   			8.28   		   		
6397   			9.77   		   		
6402   			9.83   		   		
6408   			10.04   		   		
6414   			9.52   		   		
6419   			10.15   		   		
6425   			9.92   		   		
6431   			10.55   		   		
6437   			10.70   		   		
6442   			10.02   		   		
6448   			9.85   		   		
6454   			10.13   		   		
6460   			10.65   		   		
6465   			10.55   		   		
6471   			10.44   		   		
6477   			10.44   		   		
6482   			10.84   		   		
6488   			10.67   		   		
6494   			10.02   		   		
6500   			9.79   		   		
6505   			9.85   		   		
6511   			10.08   		   		
6517   			8.07   		   		
6522   			9.35   		   		
6528   			8.89   		   		
6534   			8.95   		   		
6540   			8.38   		   		
6545   			9.06   		   		
6551   			8.80   		   		
6557   			9.31   		   		
6563   			10.06   		   		
6568   			10.17   		   		
6574   			9.95   		   		
6580   			8.00   		   		
6585   			9.20   		   		
6591   			9.14   		   		
6597   			9.77   		   		
6603   			9.54   		   		
6608   			10.08   		   		
6614   			10.76   		   		
6620   			10.36   		   		
6626   			10.08   		   		
6631   			10.30   		   		
6637   			10.48   		   		
6643   			9.39   		   		
6648   			11.96   		   		
6654   			10.65   		   		
6660   			10.88   		   		
6666   			11.05   		   		
6671   			11.22   		   		
6677   			9.90   		   		
6683   			10.88   		   		
6689   			10.25   		   		
6694   			10.33   		   		
6700   			10.67   		   		
6706   			9.06   		   		
6711   			10.44   		   		
6717   			10.21   		   		
6723   			9.35   		   		
6729   			10.55   		   		
6734   			10.73   		   		
6740   			10.27   		   		
6746   			10.61   		   		
6752   			11.24   		   		
6757   			10.84   		   		
6763   			10.55   		   		
6769   			11.07   		   		
6774   			9.92   		   		
6780   			10.21   		   		
6786   			11.18   		   		
6792   			10.61   		   		
6797   			10.04   		   		
6803   			10.61   		   		
6809   			10.06   		   		
6815   			10.29   		   		
6820   			9.95   		   		
6826   			9.95   		   		
6832   			10.12   		   		
6837   			11.07   		   		
6843   			10.55   		   		
6849   			10.04   		   		
6855   			10.90   		   		
6860   			9.98   		   		
6866   			10.90   		   		
6872   			10.33   		   		
6878   			10.33   		   		
6883   			9.92   		   		
6889   			9.75   		   		
6895   			8.89   		   		
6900   			8.84   		   		
6906   			9.52   		   		
6912   			9.98   		   		
6918   			8.72   		   		
6923   			10.00   		   		
6929   			9.94   		   		
6935   			9.42   		   		
6941   			9.48   		   		
6946   			9.42   		   		
6952   			9.70   		   		
6958   			10.15   		   		
6963   			10.73   		   		
6969   			10.44   		   		
6975   			11.36   		   		
6981   			11.03   		   		
6986   			9.66   		   		
6992   			10.12   		   		
6998   			9.77   		   		
7004   			9.95   		   		
7009   			10.06   		   		
7015   			10.40   		   		
7021   			10.52   		   		
7026   			10.06   		   		
7032   			9.83   		   		
7038   			9.71   		   		
7044   			9.88   		   		
7049   			9.19   		   		
7055   			9.77   		   		
7061   			9.94   		   		
7067   			9.35   		   		
7072   			10.21   		   		
7078   			9.29   		   		
7084   			10.04   		   		
7089   			9.81   		   		
7095   			9.64   		   		
7101   			10.10   		   		
7107   			9.98   		   		
7112   			10.67   		   		
7118   			9.24   		   		
7124   			9.24   		   		
7130   			9.98   		   		
7135   			10.67   		   		
7141   			9.92   		   		
7147   			10.33   		   		
7152   			9.12   		   		
7158   			8.78   		   		
7164   			9.06   		   		
7170   			9.81   		   		
7175   			9.52   		   		
7181   			9.43   		   		
7187   			8.40   		   		
7192   			10.40   		   		
7198   			9.26   		   		
7204   			9.89   		   		
7210   			9.27   		   		
7215   			9.22   		   		
7221   			9.16   		   		
7227   			8.81   		   		
7233   			8.18   		   		
7238   			9.01   		   		
7244   			9.52   		   		
7250   			6.94   		   		
7255   			8.61   		   		
7261   			9.47   		   		
7267   			9.35   		   		
7273   			9.24   		   		
7278   			9.29   		   		
7284   			9.35   		   		
7290   			10.21   		   		
7296   			9.49   		   		
7301   			9.77   		   		
7307   			8.97   		   		
7313   			9.09   		   		
7318   			9.20   		   		
7324   			9.87   		   		
7330   			9.64   		   		
7336   			9.35   		   		
7341   			8.84   		   		
7347   			9.24   		   		
7353   			9.24   		   		
7359   			9.58   		   		
7364   			9.58   		   		
7370   			9.87   		   		
7376   			9.01   		   		
7381   			10.21   		   		
7387   			9.01   		   		
7393   			9.70   		   		
7399   			9.01   		   		
7404   			9.58   		   		
7410   			8.80   		   		
7416   			9.03   		   		
7422   			9.43   		   		
7427   			8.91   		   		
7433   			9.09   		   		
7439   			8.66   		   		
7444   			8.78   		   		
7450   			8.72   		   		
7456   			9.41   		   		
7462   			9.24   		   		
7467   			8.84   		   		
7473   			9.06   		   		
7479   			8.89   		   		
7485   			8.84   		   		
7490   			9.47   		   		
7496   			9.09   		   		
7502   			9.49   		   		
7507   			9.03   		   		
7513   			9.66   		   		
7519   			9.54   		   		
7525   			9.98   		   		
7530   			8.55   		   		
7536   			9.41   		   		
7542   			9.06   		   		
7548   			9.35   		   		
7553   			8.55   		   		
7559   			8.72   		   		
7565   			9.52   		   		
7570   			9.87   		   		
7576   			9.58   		   		
7582   			9.75   		   		
7588   			9.12   		   		
7593   			9.18   		   		
7599   			9.06   		   		
7605   			9.35   		   		
7611   			8.84   		   		
7616   			8.66   		   		
7622   			9.64   		   		
7628   			9.52   		   		
7633   			8.84   		   		
7639   			8.84   		   		
7645   			9.01   		   		
7651   			9.24   		   		
7656   			8.72   		   		
7662   			8.78   		   		
7668   			9.01   		   		
7674   			8.72   		   		
7679   			8.26   		   		
7685   			7.69   		   		
7691   			7.97   		   		
7696   			7.97   		   		
7702   			8.84   		   		
7708   			9.12   		   		
7714   			8.32   		   		
7719   			8.15   		   		
7725   			7.92   		   		
7731   			7.63   		   		
7737   			7.63   		   		
7742   			8.32   		   		
7748   			8.78   		   		
7754   			7.77   		   		
7759   			8.00   		   		
7765   			9.03   		   		
7771   			9.31   		   		
7777   			8.40   		   		
7782   			8.81   		   		
7788   			8.58   		   		
7794   			8.47   		   		
7800   			8.58   		   		
7805   			9.44   		   		
7811   			9.39   		   		
7817   			10.13   		   		
7822   			8.76   		   		
7828   			8.36   		   		
7834   			8.41   		   		
7840   			8.97   		   		
7845   			9.03   		   		
7851   			8.68   		   		
7857   			7.13   		   		
7862   			8.74   		   		
7868   			9.29   		   		
7874   			8.78   		   		
7880   			9.47   		   		
7885   			9.24   		   		
7891   			9.35   		   		
7897   			8.72   		   		
7903   			9.87   		   		
7908   			9.12   		   		
7914   			9.06   		   		
7920   			7.06   		   		
7925   			8.15   		   		
7931   			8.09   		   		
7937   			8.03   		   		
7943   			8.49   		   		
7948   			8.03   		   		
7954   			8.49   		   		
7960   			8.95   		   		
7966   			9.06   		   		
7971   			8.32   		   		
7977   			9.52   		   		
7983   			6.54   		   		
7988   			7.97   		   		
7994   			8.09   		   		
8000   			8.20   		   		
8006   			9.18   		   		
8011   			8.72   		   		
8017   			9.70   		   		
8023   			9.35   		   		
8029   			8.95   		   		
8034   			9.98   		   		
8040   			8.80   		   		
8046   			8.05   		   		
8051   			7.94   		   		
8057   			9.14   		   		
8063   			9.31   		   		
8069   			8.89   		   		
8074   			9.70   		   		
8080   			9.47   		   		
8086   			8.66   		   		
8092   			9.12   		   		
8097   			9.16   		   		
8103   			9.44   		   		
8109   			7.84   		   		
8114   			8.01   		   		
8120   			8.99   		   		
8126   			8.45   		   		
8132   			8.63   		   		
8137   			8.80   		   		
8143   			8.68   		   		
8149   			8.74   		   		
8155   			8.45   		   		
8160   			8.68   		   		
8166   			8.63   		   		
8172   			8.80   		   		
8177   			8.11   		   		
8183   			8.86   		   		
8189   			8.57   		   		
8195   			8.86   		   		
8200   			9.09   		   		
8206   			9.43   		   		
8212   			9.98   		   		
8218   			9.01   		   		
8223   			9.06   		   		
8229   			9.41   		   		
8235   			8.61   		   		
8240   			8.84   		   		
8246   			7.80   		   		
8252   			9.12   		   		
8258   			8.61   		   		
8263   			8.43   		   		
8269   			8.68   		   		
8275   			8.80   		   		
8281   			8.57   		   		
8286   			8.97   		   		
8292   			8.91   		   		
8298   			8.89   		   		
8303   			8.03   		   		
8309   			9.18   		   		
8315   			8.61   		   		
8321   			8.09   		   		
8326   			8.95   		   		
8332   			9.01   		   		
8338   			9.41   		   		
8344   			9.06   		   		
8349   			8.95   		   		
8355   			9.14   		   		
8361   			9.72   		   		
8366   			9.20   		   		
8372   			9.20   		   		
8378   			9.31   		   		
8384   			8.89   		   		
8389   			9.29   		   		
8395   			8.89   		   		
8401   			8.61   		   		
8407   			8.43   		   		
8412   			8.78   		   		
8418   			10.04   		   		
8424   			9.70   		   		
8429   			8.32   		   		
8435   			9.24   		   		
8441   			9.14   		   		
8447   			9.14   		   		
8452   			8.45   		   		
8458   			7.54   		   		
8464   			8.63   		   		
8470   			8.56   		   		
8475   			9.08   		   		
8481   			8.62   		   		
8487   			8.68   		   		
8492   			8.56   		   		
8498   			9.03   		   		
8504   			8.68   		   		
8510   			8.45   		   		
8515   			8.34   		   		
8521   			8.74   		   		
8527   			8.84   		   		
8533   			8.89   		   		
8538   			8.66   		   		
8544   			9.01   		   		
8550   			9.01   		   		
8555   			9.72   		   		
8561   			9.37   		   		
8567   			9.09   		   		
8573   			8.57   		   		
8578   			8.51   		   		
8584   			8.84   		   		
8590   			8.66   		   		
8596   			8.49   		   		
8601   			8.72   		   		
8607   			8.78   		   		
8613   			8.18   		   		
8618   			8.70   		   		
8624   			8.30   		   		
8630   			8.76   		   		
8636   			8.93   		   		
8641   			8.84   		   		
8647   			9.64   		   		
8653   			9.18   		   		
8659   			7.46   		   		
8664   			8.66   		   		
8670   			8.78   		   		
8676   			8.55   		   		
8681   			8.66   		   		
8687   			7.86   		   		
8693   			8.20   		   		
8699   			8.32   		   		
8704   			8.61   		   		
8710   			7.17   		   		
8716   			5.50   		   		
8721   			8.20   		   		
8727   			8.28   		   		
8733   			7.82   		   		
8739   			8.40   		   		
8744   			8.63   		   		
8750   			8.63   		   		
8756   			8.40   		   		
8762   			8.80   		   		
8767   			7.77   		   		
8773   			8.05   		   		
8779   			7.82   		   		
8784   			8.72   		   		
8790   			8.84   		   		
8796   			8.84   		   		
8802   			7.97   		   		
8807   			8.20   		   		
8813   			8.72   		   		
8819   			8.15   		   		
8825   			8.49   		   		
8830   			8.43   		   		
8836   			7.69   		   		
8842   			8.86   		   		
8847   			9.37   		   		
8853   			8.51   		   		
8859   			8.40   		   		
8865   			8.00   		   		
8870   			8.05   		   		
8876   			8.11   		   		
8882   			7.88   		   		
8888   			8.00   		   		
8893   			8.23   		   		
8899   			8.09   		   		
8905   			9.29   		   		
8910   			7.63   		   		
8916   			8.55   		   		
8922   			8.03   		   		
8928   			8.95   		   		
8933   			9.24   		   		
8939   			8.20   		   		
8945   			9.58   		   		
8951   			9.18   		   		
8956   			9.43   		   		
8962   			8.28   		   		
8968   			8.97   		   		
8973   			8.05   		   		
8979   			8.05   		   		
8985   			7.08   		   		
8991   			7.82   		   		
8996   			8.68   		   		
9002   			9.14   		   		
9008   			9.09   		   		
9014   			9.18   		   		
9019   			8.43   		   		
9025   			8.15   		   		
9031   			8.09   		   		
9036   			8.09   		   		
9042   			8.15   		   		
9048   			7.80   		   		
9054   			7.69   		   		
9059   			8.03   		   		
9065   			8.26   		   		
9071   			8.09   		   		
9077   			8.09   		   		
9082   			8.66   		   		
9088   			9.58   		   		
9094   			8.89   		   		
9099   			8.55   		   		
9105   			8.61   		   		
9111   			8.32   		   		
9117   			7.46   		   		
9122   			8.38   		   		
9128   			8.19   		   		
9134   			9.85   		   		
9140   			9.05   		   		
9145   			8.93   		   		
9151   			8.59   		   		
9157   			7.86   		   		
9162   			7.86   		   		
9168   			9.01   		   		
9174   			8.72   		   		
9180   			8.49   		   		
9185   			8.74   		   		
9191   			8.80   		   		
9197   			8.57   		   		
9203   			8.28   		   		
9208   			8.86   		   		
9214   			8.63   		   		
9220   			8.63   		   		
9225   			8.68   		   		
9231   			8.57   		   		
9237   			9.03   		   		
9243   			8.66   		   		
9248   			8.61   		   		
9254   			8.32   		   		
9260   			6.48   		   		
9265   			8.15   		   		
9271   			8.03   		   		
9277   			9.01   		   		
9283   			8.43   		   		
9288   			8.89   		   		
9294   			9.01   		   		
9300   			8.74   		   		
9306   			8.57   		   		
9311   			9.14   		   		
9317   			9.20   		   		
9323   			6.85   		   		
9328   			8.28   		   		
9334   			9.31   		   		
9340   			9.20   		   		
9346   			8.97   		   		
9351   			8.57   		   		
9357   			8.57   		   		
9363   			8.17   		   		
9369   			9.26   		   		
9374   			9.43   		   		
9380   			10.06   		   		
9386   			7.63   		   		
9391   			8.72   		   		
9397   			8.55   		   		
9403   			9.12   		   		
9409   			8.95   		   		
9414   			9.73   		   		
9420   			9.50   		   		
9426   			9.33   		   		
9432   			9.04   		   		
9437   			9.56   		   		
9443   			8.95   		   		
9449   			7.23   		   		
9454   			8.38   		   		
9460   			8.26   		   		
9466   			8.66   		   		
9472   			8.80   		   		
9477   			9.26   		   		
9483   			8.91   		   		
9489   			8.74   		   		
9495   			8.40   		   		
9500   			9.20   		   		
9506   			9.20   		   		
9512   			9.83   		   		
9517   			9.09   		   		
9523   			9.37   		   		
9529   			10.23   		   		
9535   			9.14   		   		
9540   			9.31   		   		
9546   			8.00   		   		
9552   			8.86   		   		
9558   			9.12   		   		
9563   			9.29   		   		
9569   			9.41   		   		
9575   			9.35   		   		
9580   			10.10   		   		
9586   			9.70   		   		
9592   			9.06   		   		
9598   			9.35   		   		
9603   			9.12   		   		
9609   			8.84   		   		
9615   			9.12   		   		
9621   			9.75   		   		
9626   			9.64   		   		
9632   			9.18   		   		
9638   			9.47   		   		
9643   			9.79   		   		
9649   			10.25   		   		
9655   			9.62   		   		
9661   			9.10   		   		
9666   			8.76   		   		
9672   			8.43   		   		
9678   			8.38   		   		
9684   			8.78   		   		
9689   			8.72   		   		
9695   			8.49   		   		
9701   			8.64   		   		
9706   			7.84   		   		
9712   			8.30   		   		
9718   			8.47   		   		
9724   			8.07   		   		
9729   			8.55   		   		
9735   			8.38   		   		
9741   			9.12   		   		
9747   			8.09   		   		
9752   			8.03   		   		
9758   			8.68   		   		
9764   			9.66   		   		
9769   			8.23   		   		
9775   			9.20   		   		
9781   			8.97   		   		
9787   			8.88   		   		
9792   			9.62   		   		
9798   			8.93   		   		
9804   			9.16   		   		
9810   			8.65   		   		
9815   			8.40   		   		
9821   			9.37   		   		
9827   			8.51   		   		
9832   			8.68   		   		
9838   			8.74   		   		
9844   			8.20   		   		
9850   			8.09   		   		
9855   			7.92   		   		
9861   			9.92   		   		
9867   			9.01   		   		
9873   			8.84   		   		
9878   			8.84   		   		
9884   			8.61   		   		
9890   			8.89   		   		
9895   			8.49   		   		
9901   			9.72   		   		
9907   			9.66   		   		
9913   			9.14   		   		
9918   			9.49   		   		
9924   			8.63   		   		
9930   			9.06   		   		
9936   			8.49   		   		
9941   			8.09   		   		
9947   			8.38   		   		
9953   			8.72   		   		
9958   			9.01   		   		
9964   			8.55   		   		
9970   			8.38   		   		
9976   			8.55   		   		
9981   			8.66   		   		
9987   			9.16   		   		
9993   			9.51   		   		
9999   			8.02   		   		
10004   			7.50   		   		
10010   			8.25   		   		
10016   			9.26   		   		
10021   			8.97   		   		
10027   			9.26   		   		
10033   			9.49   		   		
10039   			8.68   		   		
10044   			8.53   		   		
10050   			9.90   		   		
10056   			9.62   		   		
10062   			8.81   		   		
10067   			9.04   		   		
10073   			9.18   		   		
10079   			8.55   		   		
10084   			9.01   		   		
10090   			9.01   		   		
10096   			8.26   		   		
10102   			8.78   		   		
10107   			9.18   		   		
10113   			8.72   		   		
10119   			9.12   		   		
10125   			8.89   		   		
10130   			9.28   		   		
10136   			9.16   		   		
10142   			9.91   		   		
10147   			9.85   		   		
10153   			8.88   		   		
10159   			9.01   		   		
10165   			9.70   		   		
10170   			8.43   		   		
10176   			8.38   		   		
10182   			7.34   		   		
10187   			8.18   		   		
10193   			9.16   		   		
10199   			8.47   		   		
10205   			9.16   		   		
10210   			9.73   		   		
10216   			9.75   		   		
10222   			9.18   		   		
10228   			8.03   		   		
10233   			9.12   		   		
10239   			8.66   		   		
10245   			6.75   		   		
10250   			8.30   		   		
10256   			8.13   		   		
10262   			8.13   		   		
10268   			8.70   		   		
10273   			8.84   		   		
10279   			8.61   		   		
10285   			8.66   		   		
10291   			8.49   		   		
10296   			7.97   		   		
10302   			8.23   		   		
10308   			8.51   		   		
10313   			8.17   		   		
10319   			7.59   		   		
10325   			8.68   		   		
10331   			8.15   		   		
10336   			8.03   		   		
10342   			7.34   		   		
10348   			7.63   		   		
10354   			7.74   		   		
10359   			7.74   		   		
10365   			8.03   		   		
10371   			8.43   		   		
10376   			8.66   		   		
10382   			8.20   		   		
10388   			8.36   		   		
10394   			8.24   		   		
10399   			7.84   		   		
10405   			7.38   		   		
10411   			8.24   		   		
10417   			8.18   		   		
10422   			8.53   		   		
10428   			8.30   		   		
10434   			8.24   		   		
10439   			7.38   		   		
10445   			7.74   		   		
10451   			8.55   		   		
10457   			9.12   		   		
10462   			8.20   		   		
10468   			8.55   		   		
10474   			9.09   		   		
10480   			7.65   		   		
10485   			8.57   		   		
10491   			7.88   		   		
10497   			7.31   		   		
10502   			8.45   		   		
10508   			8.28   		   		
10514   			9.08   		   		
10520   			8.39   		   		
10525   			7.59   		   		
10531   			7.97   		   		
10537   			8.15   		   		
10543   			8.49   		   		
10548   			8.89   		   		
10554   			7.63   		   		
10560   			9.12   		   		
10565   			8.15   		   		
10571   			7.46   		   		
10577   			8.20   		   		
10583   			8.03   		   		
10588   			8.03   		   		
10594   			8.20   		   		
10600   			6.83   		   		
10605   			7.97   		   		
10611   			8.55   		   		
10617   			8.03   		   		
10623   			8.49   		   		
10628   			7.06   		   		
10634   			7.80   		   		
10640   			7.92   		   		
10646   			8.80   		   		
10651   			7.82   		   		
10657   			8.51   		   		
10663   			7.77   		   		
10669   			7.94   		   		
10674   			7.97   		   		
10680   			8.38   		   		
10686   			8.84   		   		
10691   			7.97   		   		
10697   			7.46   		   		
10703   			7.86   		   		
10709   			7.80   		   		
10714   			7.86   		   		
10720   			7.46   		   		
10726   			5.96   		   		
10731   			7.86   		   		
10737   			7.63   		   		
10743   			8.09   		   		
10749   			8.03   		   		
10754   			7.80   		   		
10760   			8.34   		   		
10766   			8.74   		   		
10772   			8.28   		   		
10777   			8.28   		   		
10783   			7.77   		   		
10789   			8.51   		   		
10794   			7.59   		   		
10800   			7.25   		   		
10806   			8.34   		   		
10812   			8.00   		   		
10817   			8.26   		   		
10823   			7.92   		   		
10829   			7.86   		   		
10835   			8.78   		   		
10840   			8.09   		   		
10846   			7.13   		   		
10852   			8.00   		   		
10857   			7.48   		   		
10863   			7.48   		   		
10869   			7.08   		   		
10875   			7.80   		   		
10880   			7.80   		   		
10886   			8.38   		   		
10892   			7.97   		   		
10898   			8.43   		   		
10903   			7.25   		   		
10909   			6.73   		   		
10915   			7.36   		   		
10920   			7.82   		   		
10926   			7.31   		   		
10932   			7.77   		   		
10938   			8.05   		   		
10943   			7.77   		   		
10949   			7.13   		   		
10955   			8.28   		   		
10961   			7.69   		   		
10966   			7.40   		   		
10972   			7.57   		   		
10978   			7.63   		   		
10983   			7.52   		   		
10989   			7.48   		   		
10995   			7.88   		   		
11001   			8.11   		   		
11006   			7.65   		   		
11012   			7.48   		   		
11018   			8.09   		   		
11024   			8.43   		   		
11029   			8.20   		   		
11035   			8.61   		   		
11041   			7.29   		   		
11046   			7.97   		   		
11052   			8.55   		   		
11058   			8.66   		   		
11064   			7.92   		   		
11069   			9.01   		   		
11075   			7.97   		   		
11081   			8.09   		   		
11087   			8.03   		   		
11092   			8.20   		   		
11098   			8.49   		   		
11104   			8.03   		   		
11109   			8.20   		   		
11115   			8.61   		   		
11121   			7.29   		   		
11127   			7.29   		   		
11132   			7.77   		   		
11138   			8.05   		   		
11144   			7.36   		   		
11150   			7.77   		   		
11155   			7.88   		   		
11161   			8.15   		   		
11167   			7.69   		   		
11172   			7.80   		   		
11178   			7.69   		   		
11184   			8.26   		   		
11190   			7.19   		   		
11195   			7.59   		   		
11201   			7.25   		   		
11207   			7.77   		   		
11213   			7.42   		   		
11218   			7.21   		   		
11224   			8.13   		   		
11230   			8.24   		   		
11235   			8.01   		   		
11241   			8.70   		   		
11247   			7.29   		   		
11253   			7.69   		   		
11258   			7.11   		   		
11264   			7.52   		   		
11270   			8.20   		   		
11276   			8.58   		   		
11281   			7.90   		   		
11287   			7.67   		   		
11293   			7.72   		   		
11298   			7.44   		   		
11304   			7.65   		   		
11310   			8.17   		   		
11316   			8.23   		   		
11321   			8.40   		   		
11327   			7.77   		   		
11333   			8.30   		   		
11339   			8.13   		   		
11344   			8.41   		   		
11350   			8.70   		   		
11356   			7.67   		   		
11361   			7.36   		   		
11367   			7.42   		   		
11373   			7.59   		   		
11379   			8.68   		   		
11384   			7.88   		   		
11390   			7.80   		   		
11396   			8.38   		   		
11402   			8.95   		   		
11407   			8.26   		   		
11413   			8.20   		   		
11419   			7.86   		   		
11424   			8.15   		   		
11430   			7.80   		   		
11436   			8.49   		   		
11442   			8.43   		   		
11447   			8.32   		   		
11453   			7.46   		   		
11459   			7.46   		   		
11465   			7.97   		   		
11470   			8.26   		   		
11476   			7.69   		   		
11482   			8.38   		   		
11487   			8.09   		   		
11493   			7.40   		   		
11499   			7.92   		   		
11505   			8.13   		   		
11510   			7.55   		   		
11516   			8.13   		   		
11522   			7.72   		   		
11528   			7.95   		   		
11533   			7.74   		   		
11539   			8.49   		   		
11545   			8.20   		   		
11550   			8.03   		   		
11556   			8.66   		   		
11562   			7.97   		   		
11568   			7.86   		   		
11573   			8.72   		   		
11579   			7.97   		   		
11585   			6.02   		   		
11590   			7.74   		   		
11596   			8.03   		   		
11602   			9.12   		   		
11608   			7.97   		   		
11613   			7.86   		   		
11619   			8.66   		   		
11625   			8.89   		   		
11631   			8.26   		   		
11636   			7.40   		   		
11642   			7.17   		   		
11648   			6.19   		   		
11653   			8.26   		   		
11659   			8.15   		   		
11665   			8.20   		   		
11671   			8.03   		   		
11676   			7.19   		   		
11682   			7.94   		   		
11688   			8.05   		   		
11694   			8.05   		   		
11699   			7.65   		   		
11705   			7.34   		   		
11711   			6.14   		   		
11716   			8.43   		   		
11722   			8.03   		   		
11728   			7.00   		   		
11734   			7.31   		   		
11739   			7.94   		   		
11745   			8.40   		   		
11751   			8.63   		   		
11757   			9.26   		   		
11762   			8.72   		   		
11768   			8.09   		   		
11774   			6.65   		   		
11779   			7.92   		   		
11785   			7.34   		   		
11791   			7.54   		   		
11797   			8.11   		   		
11802   			7.65   		   		
11808   			8.28   		   		
11814   			8.23   		   		
11820   			8.24   		   		
11825   			8.41   		   		
11831   			7.84   		   		
11837   			7.61   		   		
11842   			8.81   		   		
11848   			8.23   		   		
11854   			8.05   		   		
11860   			7.88   		   		
11865   			8.23   		   		
11871   			8.28   		   		
11877   			8.03   		   		
11883   			8.66   		   		
11888   			8.55   		   		
11894   			8.61   		   		
11900   			7.92   		   		
11905   			8.95   		   		
11911   			8.72   		   		
11917   			7.92   		   		
11923   			8.26   		   		
11928   			8.55   		   		
11934   			8.51   		   		
11940   			8.97   		   		
11946   			8.17   		   		
11951   			7.48   		   		
11957   			7.88   		   		
11963   			7.78   		   		
11968   			7.67   		   		
11974   			7.32   		   		
11980   			7.72   		   		
11986   			8.07   		   		
11991   			7.92   		   		
11997   			8.03   		   		
12003   			8.55   		   		
12009   			8.20   		   		
12014   			8.09   		   		
12020   			8.13   		   		
12026   			7.84   		   		
12031   			8.47   		   		
12037   			8.81   		   		
12043   			7.72   		   		
12049   			7.69   		   		
12054   			7.86   		   		
12060   			8.61   		   		
12066   			8.49   		   		
12072   			8.66   		   		
12077   			8.00   		   		
12083   			7.54   		   		
12089   			8.11   		   		
12094   			8.05   		   		
12100   			7.59   		   		
12106   			8.80   		   		
12112   			8.63   		   		
12117   			8.40   		   		
12123   			8.00   		   		
12129   			8.45   		   		
12135   			8.09   		   		
12140   			7.74   		   		
12146   			7.97   		   		
12152   			8.38   		   		
12157   			8.20   		   		
12163   			8.26   		   		
12169   			7.97   		   		
12175   			8.20   		   		
12180   			7.52   		   		
12186   			8.43   		   		
12192   			8.84   		   		
12198   			8.15   		   		
12203   			8.78   		   		
12209   			8.89   		   		
12215   			7.97   		   		
12220   			8.57   		   		
12226   			9.66   		   		
12232   			8.23   		   		
12238   			8.74   		   		
12243   			8.68   		   		
12249   			8.23   		   		
12255   			9.09   		   		
12261   			8.74   		   		
12266   			8.74   		   		
12272   			8.28   		   		
12278   			8.41   		   		
12283   			8.41   		   		
12289   			8.13   		   		
12295   			8.24   		   		
12301   			8.18   		   		
12306   			9.04   		   		
12312   			7.95   		   		
12318   			8.01   		   		
12324   			8.53   		   		
12329   			8.99   		   		
12335   			8.84   		   		
12341   			8.43   		   		
12346   			8.03   		   		
12352   			7.86   		   		
12358   			7.29   		   		
12364   			8.15   		   		
12369   			8.55   		   		
12375   			9.29   		   		
12381   			8.20   		   		
12387   			7.40   		   		
12392   			8.17   		   		
12398   			7.88   		   		
12404   			7.88   		   		
12409   			8.11   		   		
12415   			8.00   		   		
12421   			7.80   		   		
12427   			8.32   		   		
12432   			8.66   		   		
12438   			7.86   		   		
12444   			8.32   		   		
12450   			7.95   		   		
12455   			8.13   		   		
12461   			8.30   		   		
12467   			7.61   		   		
12472   			7.44   		   		
12478   			7.94   		   		
12484   			8.40   		   		
12490   			8.28   		   		
12495   			7.77   		   		
12501   			8.97   		   		
12507   			9.05   		   		
12513   			8.71   		   		
12518   			8.82   		   		
12524   			9.39   		   		
12530   			9.05   		   		
12535   			8.72   		   		
12541   			8.26   		   		
12547   			8.78   		   		
12553   			8.32   		   		
12558   			9.06   		   		
12564   			9.18   		   		
12570   			8.72   		   		
12576   			8.20   		   		
12581   			8.95   		   		
12587   			8.09   		   		
12593   			8.66   		   		
12598   			8.55   		   		
12604   			8.09   		   		
12610   			8.03   		   		
12616   			8.20   		   		
12621   			8.89   		   		
12627   			8.89   		   		
12633   			8.43   		   		
12639   			8.89   		   		
12644   			7.97   		   		
12650   			8.09   		   		
12656   			8.78   		   		
12661   			8.95   		   		
12667   			7.86   		   		
12673   			7.63   		   		
12679   			7.78   		   		
12684   			8.53   		   		
12690   			8.93   		   		
12696   			8.13   		   		
12702   			7.84   		   		
12707   			8.17   		   		
12713   			8.23   		   		
12719   			8.17   		   		
12724   			8.57   		   		
12730   			8.17   		   		
12736   			8.26   		   		
12742   			8.26   		   		
12747   			7.97   		   		
12753   			8.26   		   		
12759   			7.17   		   		
12764   			8.86   		   		
12770   			8.23   		   		
12776   			8.17   		   		
12782   			8.57   		   		
12787   			8.51   		   		
12793   			7.97   		   		
12799   			7.17   		   		
12805   			7.06   		   		
12810   			8.09   		   		
12816   			7.52   		   		
12822   			6.90   		   		
12827   			9.03   		   		
12833   			8.45   		   		
12839   			9.09   		   		
12845   			8.00   		   		
12850   			9.02   		   		
12856   			8.56   		   		
12862   			8.51   		   		
12868   			8.05   		   		
12873   			8.56   		   		
12879   			8.45   		   		
12885   			7.71   		   		
12890   			8.86   		   		
12896   			8.51   		   		
12902   			8.17   		   		
12908   			8.40   		   		
12913   			9.95   		   		
12919   			8.57   		   		
12925   			8.51   		   		
12931   			8.63   		   		
12936   			8.51   		   		
12942   			8.97   		   		
12948   			7.77   		   		
12953   			8.51   		   		
12959   			8.63   		   		
12965   			9.45   		   		
12971   			9.05   		   		
12976   			9.39   		   		
12982   			7.79   		   		
12988   			8.88   		   		
12994   			8.97   		   		
12999   			9.49   		   		
13005   			8.86   		   		
13011   			7.08   		   		
13016   			9.49   		   		
13022   			9.09   		   		
13028   			8.40   		   		
13034   			8.05   		   		
13039   			8.34   		   		
13045   			8.11   		   		
13051   			8.78   		   		
13057   			8.20   		   		
13062   			7.86   		   		
13068   			9.01   		   		
13074   			6.02   		   		
13079   			8.01   		   		
13085   			8.18   		   		
13091   			8.13   		   		
13097   			8.64   		   		
13102   			8.76   		   		
13108   			8.40   		   		
13114   			9.26   		   		
13120   			9.03   		   		
13125   			9.09   		   		
13131   			8.63   		   		
13137   			6.39   		   		
13142   			8.34   		   		
13148   			7.94   		   		
13154   			8.57   		   		
13160   			8.51   		   		
13165   			9.12   		   		
13171   			8.84   		   		
13177   			8.43   		   		
13183   			8.32   		   		
13188   			8.95   		   		
13194   			7.74   		   		
13200   			7.63   		   		
13205   			8.26   		   		
13211   			8.84   		   		
13217   			8.32   		   		
13223   			8.05   		   		
13228   			8.11   		   		
13234   			8.51   		   		
13240   			8.97   		   		
13246   			8.11   		   		
13251   			8.09   		   		
13257   			8.15   		   		
13263   			6.71   		   		
13268   			7.86   		   		
13274   			8.72   		   		
13280   			8.45   		   		
13286   			8.80   		   		
13291   			8.80   		   		
13297   			8.91   		   		
13303   			8.97   		   		
13309   			9.01   		   		
13314   			7.86   		   		
13320   			8.95   		   		
13326   			7.23   		   		
13331   			7.97   		   		
13337   			8.05   		   		
13343   			8.80   		   		
13349   			8.34   		   		
13354   			7.42   		   		
13360   			8.80   		   		
13366   			8.28   		   		
13372   			7.08   		   		
13377   			8.51   		   		
13383   			8.68   		   		
13389   			7.31   		   		
13394   			9.09   		   		
13400   			8.11   		   		
13406   			8.80   		   		
13412   			8.11   		   		
13417   			8.57   		   		
13423   			8.45   		   		
13429   			8.91   		   		
13435   			7.94   		   		
13440   			7.77   		   		
13446   			8.17   		   		
13452   			8.20   		   		
13457   			8.26   		   		
13463   			7.86   		   		
13469   			7.57   		   		
13475   			8.38   		   		
13480   			7.82   		   		
13486   			7.71   		   		
13492   			7.71   		   		
13498   			8.17   		   		
13503   			8.40   		   		
13509   			8.05   		   		
13515   			8.23   		   		
13520   			8.28   		   		
13526   			7.94   		   		
13532   			8.17   		   		
13538   			7.95   		   		
13543   			7.26   		   		
13549   			8.24   		   		
13555   			9.04   		   		
13561   			7.72   		   		
13566   			7.71   		   		
13572   			7.48   		   		
13578   			7.71   		   		
13583   			7.48   		   		
13589   			7.31   		   		
13595   			7.69   		   		
13601   			8.03   		   		
13606   			7.97   		   		
13612   			9.29   		   		
13618   			8.49   		   		
13624   			8.66   		   		
13629   			8.72   		   		
13635   			7.06   		   		
13641   			7.23   		   		
13646   			7.17   		   		
13652   			7.54   		   		
13658   			7.77   		   		
13664   			7.77   		   		
13669   			8.57   		   		
13675   			8.45   		   		
13681   			8.26   		   		
13687   			8.15   		   		
13692   			8.03   		   		
13698   			8.26   		   		
13704   			8.09   		   		
13709   			7.80   		   		
13715   			8.38   		   		
13721   			8.15   		   		
13727   			7.97   		   		
13732   			7.92   		   		
13738   			7.80   		   		
13744   			8.55   		   		
13750   			7.69   		   		
13755   			8.09   		   		
13761   			7.86   		   		
13767   			7.82   		   		
13772   			7.82   		   		
13778   			7.76   		   		
13784   			7.47   		   		
13790   			7.88   		   		
13795   			9.06   		   		
13801   			9.58   		   		
13807   			8.89   		   		
13813   			9.01   		   		
13818   			8.61   		   		
13824   			8.55   		   		
13830   			8.66   		   		
13835   			7.40   		   		
13841   			8.66   		   		
13847   			7.92   		   		
13853   			7.26   		   		
13858   			8.30   		   		
13864   			7.95   		   		
13870   			7.26   		   		
13876   			8.41   		   		
13881   			8.11   		   		
13887   			8.17   		   		
13893   			9.09   		   		
13898   			8.51   		   		
13904   			8.86   		   		
13910   			8.91   		   		
13916   			9.19   		   		
13921   			8.74   		   		
13927   			8.39   		   		
13933   			7.70   		   		
13939   			7.40   		   		
13944   			7.52   		   		
13950   			8.09   		   		
13956   			7.52   		   		
13961   			8.89   		   		
13967   			7.38   		   		
13973   			7.27   		   		
13979   			7.04   		   		
13984   			7.33   		   		
13990   			7.96   		   		
13996   			7.63   		   		
14002   			6.94   		   		
14007   			7.69   		   		
14013   			7.74   		   		
14019   			8.15   		   		
14024   			8.32   		   		
14030   			7.69   		   		
14036   			8.03   		   		
14042   			8.20   		   		
14047   			7.57   		   		
14053   			8.81   		   		
14059   			8.30   		   		
14065   			8.24   		   		
14070   			8.76   		   		
14076   			8.47   		   		
14082   			7.92   		   		
14087   			7.97   		   		
14093   			8.49   		   		
14099   			8.26   		   		
14105   			8.66   		   		
14110   			8.78   		   		
14116   			9.29   		   		
14122   			7.92   		   		
14127   			8.49   		   		
14133   			9.18   		   		
14139   			8.97   		   		
14145   			8.34   		   		
14150   			8.57   		   		
14156   			8.40   		   		
14162   			8.40   		   		
14168   			8.01   		   		
14173   			8.53   		   		
14179   			8.41   		   		
14185   			6.11   		   		
14190   			8.87   		   		
14196   			9.29   		   		
14202   			8.09   		   		
14208   			7.80   		   		
14213   			8.43   		   		
14219   			8.38   		   		
14225   			8.41   		   		
14231   			9.04   		   		
14236   			8.70   		   		
14242   			8.53   		   		
14248   			7.03   		   		
14253   			8.11   		   		
14259   			8.11   		   		
14265   			8.51   		   		
14271   			8.17   		   		
14276   			8.57   		   		
14282   			7.71   		   		
14288   			8.63   		   		
14294   			8.17   		   		
14299   			9.03   		   		
14305   			9.03   		   		
14311   			6.77   		   		
14316   			8.55   		   		
14322   			8.03   		   		
14328   			7.57   		   		
14334   			7.86   		   		
14339   			7.90   		   		
14345   			8.02   		   		
14351   			7.90   		   		
14357   			6.52   		   		
14362   			7.73   		   		
14368   			8.20   		   		
14374   			7.63   		   		
14379   			8.61   		   		
14385   			8.84   		   		
14391   			9.12   		   		
14397   			9.03   		   		
14402   			8.40   		   		
14408   			7.94   		   		
14414   			7.88   		   		
14420   			8.91   		   		
14425   			7.92   		   		
14431   			7.40   		   		
14437   			7.92   		   		
14442   			8.15   		   		
14448   			8.55   		   		
14454   			8.81   		   		
14460   			8.36   		   		
14465   			8.07   		   		
14471   			8.07   		   		
14477   			8.36   		   		
14483   			8.63   		   		
14488   			9.09   		   		
14494   			8.86   		   		
14500   			7.48   		   		
14505   			7.65   		   		
14511   			8.38   		   		
14517   			7.23   		   		
14523   			8.49   		   		
14528   			7.46   		   		
14534   			8.61   		   		
14540   			8.53   		   		
14546   			8.30   		   		
14551   			8.24   		   		
14557   			8.13   		   		
14563   			8.87   		   		
14568   			8.15   		   		
14574   			8.55   		   		
14580   			8.49   		   		
14586   			7.97   		   		
14591   			8.89   		   		
14597   			7.80   		   		
14603   			8.55   		   		
14609   			8.78   		   		
14614   			7.46   		   		
14620   			8.49   		   		
14626   			7.44   		   		
14631   			8.82   		   		
14637   			7.67   		   		
14643   			7.73   		   		
14649   			7.67   		   		
14654   			7.54   		   		
14660   			7.82   		   		
14666   			7.94   		   		
14672   			7.36   		   		
14677   			7.88   		   		
14683   			7.06   		   		
14689   			7.00   		   		
14694   			6.02   		   		
14700   			6.77   		   		
14706   			7.69   		   		
14712   			7.13   		   		
14717   			8.23   		   		
14723   			8.51   		   		
14729   			8.80   		   		
14735   			8.34   		   		
14740   			8.66   		   		
14746   			8.43   		   		
14752   			8.49   		   		
14757   			8.43   		   		
14763   			8.03   		   		
14769   			8.01   		   		
14775   			8.01   		   		
14780   			8.13   		   		
14786   			8.81   		   		
14792   			8.87   		   		
14798   			8.09   		   		
14803   			8.09   		   		
14809   			7.34   		   		
14815   			9.06   		   		
14820   			7.74   		   		
14826   			8.78   		   		
14832   			8.09   		   		
14838   			8.84   		   		
14843   			8.72   		   		
14849   			9.01   		   		
14855   			8.15   		   		
14861   			9.52   		   		
14866   			8.38   		   		
14872   			9.01   		   		
14878   			8.78   		   		
14883   			8.18   		   		
14889   			8.13   		   		
14895   			8.24   		   		
14901   			8.01   		   		
14906   			9.27   		   		
14912   			8.51   		   		
14918   			8.17   		   		
14924   			7.71   		   		
14929   			6.90   		   		
14935   			7.88   		   		
14941   			7.97   		   		
14946   			7.52   		   		
14952   			8.03   		   		
14958   			7.40   		   		
14964   			8.09   		   		
14969   			7.65   		   		
14975   			8.05   		   		
14981   			7.19   		   		
14986   			8.34   		   		
14992   			8.91   		   		
14998   			8.59   		   		
15004   			8.71   		   		
15009   			8.71   		   		
15015   			7.79   		   		
15021   			8.71   		   		
15027   			8.64   		   		
15032   			8.41   		   		
15038   			8.13   		   		
15044   			6.34   		   		
15049   			8.18   		   		
15055   			8.78   		   		
15061   			9.35   		   		
15067   			9.58   		   		
15072   			9.81   		   		
15078   			8.84   		   		
15084   			9.58   		   		
15090   			9.18   		   		
15095   			9.52   		   		
15101   			9.75   		   		
15107   			8.03   		   		
15112   			9.43   		   		
15118   			9.43   		   		
15124   			10.00   		   		
15130   			10.00   		   		
15135   			9.83   		   		
15141   			10.02   		   		
15147   			9.22   		   		
15153   			7.73   		   		
15158   			8.25   		   		
15164   			8.48   		   		
15170   			8.78   		   		
15175   			8.78   		   		
15181   			7.97   		   		
15187   			8.72   		   		
15193   			8.43   		   		
15198   			7.86   		   		
15204   			8.38   		   		
15210   			8.43   		   		
15216   			8.38   		   		
15221   			7.69   		   		
15227   			8.63   		   		
15233   			9.43   		   		
15238   			9.49   		   		
15244   			8.74   		   		
15250   			8.45   		   		
15256   			8.30   		   		
15261   			8.64   		   		
15267   			8.81   		   		
15273   			8.99   		   		
15279   			9.44   		   		
15284   			8.97   		   		
15290   			8.97   		   		
15296   			8.45   		   		
15301   			9.31   		   		
15307   			7.54   		   		
15313   			9.20   		   		
15319   			8.63   		   		
15324   			8.28   		   		
15330   			9.37   		   		
15336   			9.66   		   		
15342   			9.10   		   		
15347   			9.39   		   		
15353   			8.13   		   		
15359   			8.30   		   		
15364   			7.67   		   		
15370   			7.77   		   		
15376   			7.82   		   		
15382   			7.48   		   		
15387   			7.65   		   		
15393   			7.71   		   		
15399   			8.68   		   		
15405   			8.86   		   		
15410   			7.82   		   		
15416   			9.09   		   		
15422   			8.40   		   		
15427   			8.57   		   		
15433   			8.11   		   		
15439   			8.17   		   		
15445   			8.11   		   		
15450   			8.74   		   		
15456   			8.61   		   		
15462   			9.12   		   		
15468   			8.66   		   		
15473   			8.84   		   		
15479   			8.72   		   		
15485   			8.09   		   		
15490   			8.55   		   		
15496   			8.32   		   		
15502   			8.43   		   		
15508   			8.15   		   		
15513   			9.26   		   		
15519   			8.57   		   		
15525   			8.45   		   		
15531   			8.57   		   		
15536   			8.28   		   		
15542   			7.86   		   		
15548   			9.01   		   		
15553   			8.49   		   		
15559   			7.86   		   		
15565   			7.74   		   		
15571   			8.68   		   		
15576   			8.11   		   		
15582   			7.88   		   		
15588   			8.91   		   		
15594   			8.11   		   		
15599   			8.61   		   		
15605   			7.86   		   		
15611   			8.20   		   		
15616   			7.63   		   		
15622   			8.15   		   		
15628   			8.84   		   		
15634   			9.12   		   		
15639   			8.78   		   		
15645   			9.18   		   		
15651   			7.52   		   		
15656   			9.51   		   		
15662   			9.28   		   		
15668   			9.22   		   		
15674   			9.34   		   		
15679   			8.93   		   		
15685   			10.06   		   		
15691   			9.89   		   		
15697   			9.09   		   		
15702   			8.45   		   		
15708   			7.65   		   		
15714   			6.39   		   		
15719   			8.05   		   		
15725   			8.74   		   		
15731   			8.80   		   		
15737   			9.09   		   		
15742   			7.84   		   		
15748   			8.19   		   		
15754   			8.07   		   		
15760   			7.84   		   		
15765   			8.07   		   		
15771   			8.53   		   		
15777   			7.09   		   		
15782   			8.47   		   		
15788   			8.76   		   		
15794   			9.39   		   		
15800   			8.97   		   		
15805   			9.77   		   		
15811   			9.09   		   		
15817   			8.86   		   		
15823   			8.97   		   		
15828   			9.14   		   		
15834   			10.17   		   		
15840   			7.71   		   		
15845   			8.74   		   		
15851   			9.03   		   		
15857   			8.95   		   		
15863   			8.84   		   		
15868   			9.01   		   		
15874   			8.20   		   		
15880   			8.26   		   		
15886   			8.38   		   		
15891   			8.78   		   		
15897   			8.38   		   		
15903   			7.06   		   		
15908   			8.55   		   		
15914   			7.80   		   		
15920   			7.69   		   		
15926   			7.46   		   		
15931   			7.69   		   		
15937   			7.40   		   		
15943   			6.54   		   		
15949   			6.14   		   		
15954   			6.48   		   		
15960   			7.11   		   		
15966   			7.17   		   		
15971   			6.23   		   		
15977   			6.17   		   		
15983   			5.71   		   		
15989   			6.11   		   		
15994   			6.23   		   		
16000   			6.98   		   		
16006   			5.77   		   		
16012   			4.68   		   		
16017   			5.60   		   		
16023   			5.08   		   		
16029   			5.10   		   		
16034   			4.64   		   		
16040   			5.16   		   		
16046   			5.04   		   		
16052   			4.75   		   		
16057   			5.21   		   		
16063   			5.91   		   		
16069   			4.29   		   		
16075   			4.47   		   		
16080   			4.24   		   		
16086   			4.41   		   		
16092   			3.83   		   		
16097   			4.35   		   		
16103   			4.41   		   		
16109   			4.41   		   		
16115   			4.06   		   		
16120   			3.83   		   		
16126   			3.43   		   		
16132   			4.12   		   		
16138   			4.24   		   		
16143   			3.29   		   		
16149   			3.41   		   		
16155   			4.39   		   		
16160   			4.50   		   		
16166   			3.64   		   		
16172   			3.80   		   		
16178   			4.83   		   		
16183   			2.99   		   		
16189   			4.14   		   		
16195   			3.16   		   		
16201   			2.70   		   		
16206   			3.39   		   		
16212   			3.74   		   		
16218   			2.47   		   		
16223   			2.41   		   		
16229   			3.60   		   		
16235   			3.66   		   		
16241   			3.20   		   		
16246   			2.62   		   		
16252   			3.25   		   		
16258   			3.08   		   		
16264   			3.14   		   		
16269   			3.02   		   		
16275   			2.27   		   		
16281   			1.17   		   		
16286   			2.04   		   		
16292   			1.52   		   		
16298   			1.81   		   		
16304   			1.70   		   		
16309   			2.74   		   		
16315   			1.23   		   		
16321   			-0.27   		   		
16326   			0.89   		   		
16332   			0.83   		   		
16338   			1.06   		   		
16344   			-0.16   		   		
16349   			-0.27   		   		
16355   			0.08   		   		
16361   			0.31   		   		
16367   			1.23   		   		
16372   			0.54   		   		
16378   			0.54   		   		
16384   			-0.79   		   		
16389   			0.60   		   		
16395   			1.35   		   		
16401   			0.98   		   		
16407   			1.44   		   		
16412   			0.98   		   		
16418   			0.98   		   		
16424   			1.21   		   		
16430   			0.40   		   		
16435   			0.98   		   		
16441   			1.04   		   		
16447   			-0.99   		   		
16452   			0.46   		   		
16458   			1.29   		   		
16464   			0.65   		   		
16470   			0.54   		   		
16475   			-0.04   		   		
16481   			0.77   		   		
16487   			0.54   		   		
16493   			1.29   		   		
16498   			0.60   		   		
16504   			0.89   		   		
16510   			-0.04   		   		
16515   			-0.31   		   		
16521   			-0.19   		   		
16527   			0.04   		   		
16533   			0.39   		   		
16538   			-0.02   		   		
16544   			-0.02   		   		
16550   			0.44   		   		
16556   			-0.60   		   		
16561   			0.44   		   		
16567   			0.39   		   		
16573   			-0.27   		   		
16578   			0.54   		   		
16584   			-0.45   		   		
16590   			0.94   		   		
16596   			0.19   		   		
16601   			0.13   		   		
16607   			-0.27   		   		
16613   			0.13   		   		
16619   			0.25   		   		
16624   			1.00   		   		
16630   			0.91   		   		
16636   			-0.19   		   		
16641   			0.21   		   		
16647   			-0.54   		   		
16653   			0.33   		   		
16659   			0.40   		   		
16664   			0.86   		   		
16670   			-0.18   		   		
16676   			0.69   		   		
16682   			0.11   		   		
16687   			0.31   		   		
16693   			-0.56   		   		
16699   			-0.62   		   		
16704   			0.25   		   		
16710   			0.71   		   		
16716   			-0.21   		   		
16722   			0.02   		   		
16727   			-0.16   		   		
16733   			-0.21   		   		
16739   			-0.45   		   		
16745   			-0.53   		   		
16750   			-0.18   		   		
16756   			-0.24   		   		
16762   			-0.29   		   		
16767   			-0.24   		   		
16773   			0.31   		   		
16779   			0.08   		   		
16785   			0.08   		   		
16790   			0.94   		   		
16796   			0.19   		   		
16802   			-0.81   		   		
16808   			-0.58   		   		
16813   			-0.70   		   		
16819   			-0.29   		   		
16825   			-0.99   		   		
16830   			-0.54   		   		
16836   			-0.02   		   		
16842   			-0.77   		   		
16848   			-0.25   		   		
16853   			0.33   		   		
16859   			-0.50   		   		
16865   			-1.78   		   		
16870   			-0.74   		   		
16876   			-0.91   		   		
16882   			-0.50   		   		
16888   			-0.83   		   		
16893   			-0.54   		   		
16899   			-0.89   		   		
16905   			-1.41   		   		
16911   			-0.77   		   		
16916   			-0.66   		   		
16922   			-0.43   		   		
16928   			-2.63   		   		
16934   			-0.14   		   		
16939   			-0.48   		   		
16945   			0.31   		   		
16951   			-0.04   		   		
16956   			-0.39   		   		
16962   			-0.62   		   		
16968   			-0.62   		   		
16974   			-0.75   		   		
16979   			-0.23   		   		
16985   			-1.33   		   		
16991   			-2.20   		   		
16996   			-0.87   		   		
17002   			-1.82   		   		
17008   			-0.66   		   		
17014   			-1.58   		   		
17019   			-1.47   		   		
17025   			-1.76   		   		
17031   			-2.01   		   		
17037   			-1.95   		   		
17042   			-1.84   		   		
17048   			-1.84   		   		
17054   			-3.87   		   		
17059   			-1.55   		   		
17065   			-1.90   		   		
17071   			-1.43   		   		
17077   			-1.72   		   		
17082   			-1.72   		   		
17088   			-1.29   		   		
17094   			-1.99   		   		
17100   			-2.17   		   		
17105   			-1.64   		   		
17111   			-2.57   		   		
17117   			-3.73   		   		
17122   			-2.05   		   		
17128   			-1.70   		   		
17134   			-0.95   		   		
17140   			-1.76   		   		
17145   			-2.13   		   		
17151   			-1.49   		   		
17157   			-1.14   		   		
17163   			-0.79   		   		
17168   			-0.50   		   		
17174   			-0.69   		   		
17180   			-0.98   		   		
17185   			-1.22   		   		
17191   			-0.81   		   		
17197   			-0.69   		   		
17203   			-1.05   		   		
17208   			-1.34   		   		
17214   			-2.03   		   		
17220   			-1.22   		   		
17226   			-1.68   		   		
17231   			-1.18   		   		
17237   			-1.12   		   		
17243   			-1.12   		   		
17248   			-0.43   		   		
17254   			-1.35   		   		
17260   			-1.43   		   		
17266   			-1.26   		   		
17271   			-1.49   		   		
17277   			-0.91   		   		
17283   			-0.39   		   		
17289   			-1.08   		   		
17294   			-1.43   		   		
17300   			-1.32   		   		
17306   			-1.03   		   		
17311   			-1.08   		   		
17317   			-1.20   		   		
17323   			-1.61   		   		
17329   			-1.03   		   		
17334   			-0.97   		   		
17340   			-0.62   		   		
17346   			-0.39   		   		
17352   			0.08   		   		
17357   			-0.16   		   		
17363   			-0.85   		   		
17369   			-1.37   		   		
17374   			-1.24   		   		
17380   			-0.37   		   		
17386   			-1.35   		   		
17392   			-0.02   		   		
17397   			-0.60   		   		
17403   			-0.64   		   		
17409   			0.35   		   		
17415   			-0.17   		   		
17420   			-0.46   		   		
17426   			-1.33   		   		
17432   			-0.70   		   		
17437   			-0.87   		   		
17443   			-2.03   		   		
17449   			-1.05   		   		
17455   			-0.29   		   		
17460   			-1.20   		   		
17466   			0.02   		   		
17472   			-0.27   		   		
17478   			-0.39   		   		
17483   			-0.56   		   		
17489   			-0.39   		   		
17495   			-0.21   		   		
17500   			-0.27   		   		
17506   			0.13   		   		
17512   			0.19   		   		
17518   			-0.02   		   		
17523   			-0.48   		   		
17529   			-0.08   		   		
17535   			-0.71   		   		
17541   			-0.19   		   		
17546   			-0.48   		   		
17552   			-0.43   		   		
17558   			-0.37   		   		
17563   			-0.71   		   		
17569   			0.50   		   		
17575   			0.68   		   		
17581   			-0.54   		   		
17586   			-0.02   		   		
17592   			0.44   		   		
17598   			-0.31   		   		
17604   			-0.48   		   		
17609   			-0.37   		   		
17615   			-0.08   		   		
17621   			0.73   		   		
17626   			-0.48   		   		
17632   			-0.40   		   		
17638   			-1.10   		   		
17644   			-1.04   		   		
17649   			-0.87   		   		
17655   			-0.23   		   		
17661   			-0.68   		   		
17667   			-0.85   		   		
17672   			-1.03   		   		
17678   			-1.26   		   		
17684   			-0.56   		   		
17689   			-0.37   		   		
17695   			-0.25   		   		
17701   			-0.43   		   		
17707   			-0.31   		   		
17712   			-0.71   		   		
17718   			-0.71   		   		
17724   			-1.76   		   		
17729   			-0.89   		   		
17735   			-0.43   		   		
17741   			-0.54   		   		
17747   			0.13   		   		
17752   			0.13   		   		
17758   			-0.50   		   		
17764   			-0.68   		   		
17770   			-0.10   		   		
17775   			-0.16   		   		
17781   			-0.56   		   		
17787   			-2.24   		   		
17792   			0.08   		   		
17798   			-0.33   		   		
17804   			-0.25   		   		
17810   			0.04   		   		
17815   			-0.77   		   		
17821   			-0.14   		   		
17827   			0.44   		   		
17833   			0.21   		   		
17838   			-0.48   		   		
17844   			-0.37   		   		
17850   			-2.34   		   		
17855   			0.10   		   		
17861   			-0.54   		   		
17867   			-0.19   		   		
17873   			0.21   		   		
17878   			-0.08   		   		
17884   			0.39   		   		
17890   			-0.39   		   		
17896   			-0.62   		   		
17901   			-1.49   		   		
17907   			-0.85   		   		
17913   			-1.66   		   		
17918   			-0.47   		   		
17924   			-0.12   		   		
17930   			-1.28   		   		
17936   			-0.12   		   		
17941   			-0.47   		   		
17947   			-1.58   		   		
17953   			-0.83   		   		
17959   			-0.37   		   		
17964   			-1.18   		   		
17970   			0.10   		   		
17976   			-0.16   		   		
17981   			-0.27   		   		
17987   			-0.91   		   		
17993   			-1.26   		   		
17999   			-0.27   		   		
18004   			-0.18   		   		
18010   			-1.28   		   		
18016   			-0.93   		   		
18022   			-0.47   		   		
18027   			-0.99   		   		
18033   			-0.87   		   		
18039   			-1.45   		   		
18044   			-0.64   		   		
18050   			-0.93   		   		
18056   			-0.46   		   		
18062   			-0.83   		   		
18067   			0.33   		   		
18073   			-0.71   		   		
18079   			-0.02   		   		
18085   			-0.43   		   		
18090   			-0.53   		   		
18096   			-0.58   		   		
18102   			-1.16   		   		
18107   			-0.64   		   		
18113   			-1.05   		   		
18119   			0.04   		   		
18125   			-1.24   		   		
18130   			-0.19   		   		
18136   			-0.48   		   		
18142   			-0.19   		   		
18148   			-0.18   		   		
18153   			0.46   		   		
18159   			-0.35   		   		
18165   			0.75   		   		
18170   			0.17   		   		
18176   			0.60   		   		
18182   			-0.97   		   		
18188   			0.65   		   		
18193   			0.54   		   		
18199   			0.36   		   		
18205   			0.56   		   		
18211   			-0.37   		   		
18216   			-0.02   		   		
18222   			0.33   		   		
18228   			-0.37   		   		
18233   			-0.35   		   		
18239   			-0.18   		   		
18245   			0.11   		   		
18251   			0.29   		   		
18256   			0.00   		   		
18262   			0.21   		   		
18268   			0.50   		   		
18274   			-0.37   		   		
18279   			0.10   		   		
18285   			0.04   		   		
18291   			-0.33   		   		
18296   			-0.45   		   		
18302   			-1.20   		   		
18308   			-0.85   		   		
18314   			-0.74   		   		
18319   			0.11   		   		
18325   			-0.24   		   		
18331   			-2.03   		   		
18336   			-0.35   		   		
18342   			-0.81   		   		
18348   			0.06   		   		
18354   			-0.75   		   		
18359   			-0.58   		   		
18365   			-1.04   		   		
18371   			-0.29   		   		
18377   			-0.16   		   		
18382   			-0.56   		   		
18388   			0.02   		   		
18394   			-1.43   		   		
18399   			0.08   		   		
18405   			-0.62   		   		
18411   			-0.16   		   		
18417   			-0.50   		   		
18422   			0.02   		   		
18428   			0.13   		   		
18434   			-0.50   		   		
18440   			-0.33   		   		
18445   			-0.16   		   		
18451   			-0.10   		   		
18457   			-2.01   		   		
18462   			-0.71   		   		
18468   			-0.37   		   		
18474   			-0.25   		   		
18480   			0.10   		   		
18485   			-0.08   		   		
18491   			-0.16   		   		
18497   			0.60   		   		
18503   			-0.33   		   		
18508   			0.13   		   		
18514   			-0.39   		   		
18520   			-1.26   		   		
18525   			-0.79   		   		
18531   			0.08   		   		
18537   			-0.21   		   		
18543   			0.65   		   		
18548   			-0.14   		   		
18554   			-0.08   		   		
18560   			-1.24   		   		
18566   			-0.95   		   		
18571   			-0.48   		   		
18577   			-0.68   		   		
18583   			-1.32   		   		
18588   			-0.04   		   		
18594   			-1.03   		   		
18600   			-0.79   		   		
18606   			-0.70   		   		
18611   			0.00   		   		
18617   			-0.24   		   		
18623   			-0.35   		   		
18629   			-0.87   		   		
18634   			-0.27   		   		
18640   			-0.27   		   		
18646   			-0.91   		   		
18651   			0.19   		   		
18657   			0.31   		   		
18663   			0.50   		   		
18669   			-0.54   		   		
18674   			-0.14   		   		
18680   			-0.25   		   		
18686   			0.21   		   		
18692   			0.71   		   		
18697   			0.08   		   		
18703   			-1.08   		   		
18709   			-0.21   		   		
18714   			-0.50   		   		
18720   			-0.10   		   		
18726   			-0.45   		   		
18732   			-0.45   		   		
18737   			-0.85   		   		
18743   			-1.08   		   		
18749   			-0.58   		   		
18755   			-0.87   		   		
18760   			-1.22   		   		
18766   			-0.12   		   		
18772   			-0.12   		   		
18777   			-0.50   		   		
18783   			-0.16   		   		
18789   			-0.10   		   		
18795   			-0.21   		   		
18800   			-0.39   		   		
18806   			-0.21   		   		
18812   			-0.45   		   		
18818   			-1.20   		   		
18823   			-1.03   		   		
18829   			-0.56   		   		
18835   			-0.45   		   		
18840   			-0.91   		   		
18846   			-0.62   		   		
18852   			-0.21   		   		
18858   			-0.62   		   		
18863   			-0.33   		   		
18869   			-0.68   		   		
18875   			0.36   		   		
18881   			-0.04   		   		
18886   			0.02   		   		
18892   			-0.91   		   		
18898   			0.60   		   		
18903   			0.25   		   		
18909   			-0.27   		   		
18915   			-0.04   		   		
18921   			0.60   		   		
18926   			-0.62   		   		
18932   			0.42   		   		
18938   			0.54   		   		
18944   			0.71   		   		
18949   			0.62   		   		
18955   			-0.25   		   		
18961   			0.04   		   		
18966   			-0.19   		   		
18972   			-0.31   		   		
18978   			-1.00   		   		
18984   			-0.02   		   		
18989   			-0.25   		   		
18995   			-0.02   		   		
19001   			-1.47   		   		
19006   			-0.02   		   		
19012   			0.73   		   		
19018   			0.73   		   		
19024   			1.14   		   		
19029   			0.44   		   		
19035   			-0.39   		   		
19041   			-0.85   		   		
19047   			-0.33   		   		
19052   			-0.74   		   		
19058   			-0.27   		   		
19064   			-2.30   		   		
19069   			0.25   		   		
19075   			0.48   		   		
19081   			-0.27   		   		
19087   			0.42   		   		
19092   			0.60   		   		
19098   			0.77   		   		
19104   			0.54   		   		
19110   			0.71   		   		
19115   			0.48   		   		
19121   			0.85   		   		
19127   			-1.18   		   		
19132   			0.73   		   		
19138   			-0.14   		   		
19144   			-0.08   		   		
19150   			-0.27   		   		
19155   			-0.45   		   		
19161   			-1.03   		   		
19167   			-0.85   		   		
19173   			-0.56   		   		
19178   			-0.87   		   		
19184   			-0.52   		   		
19190   			-3.07   		   		
19195   			-1.45   		   		
19201   			-0.98   		   		
19207   			-0.43   		   		
19213   			-1.29   		   		
19218   			-0.54   		   		
19224   			0.39   		   		
19230   			0.27   		   		
19236   			0.04   		   		
19241   			-0.43   		   		
19247   			-0.54   		   		
19253   			-1.29   		   		
19258   			-0.43   		   		
19264   			-0.62   		   		
19270   			0.08   		   		
19276   			-0.04   		   		
19281   			-0.27   		   		
19287   			-0.16   		   		
19293   			0.44   		   		
19299   			0.27   		   		
19304   			-0.83   		   		
19310   			-0.60   		   		
19316   			-1.82   		   		
19321   			-0.56   		   		
19327   			-0.74   		   		
19333   			-0.50   		   		
19339   			-0.79   		   		
19344   			-0.50   		   		
19350   			0.27   		   		
19356   			-0.19   		   		
19362   			-0.83   		   		
19367   			-0.19   		   		
19373   			-0.37   		   		
19379   			0.44   		   		
19384   			0.39   		   		
19390   			1.20   		   		
19396   			0.21   		   		
19402   			-0.37   		   		
19407   			0.44   		   		
19413   			-0.31   		   		
19419   			0.21   		   		
19425   			0.21   		   		
19430   			-0.37   		   		
19436   			0.08   		   		
19442   			-0.33   		   		
19447   			-0.45   		   		
19453   			-0.74   		   		
19459   			-0.97   		   		
19465   			-0.14   		   		
19470   			-1.18   		   		
19476   			0.10   		   		
19482   			0.04   		   		
19488   			-0.02   		   		
19493   			-1.26   		   		
19499   			-0.39   		   		
19505   			-0.91   		   		
19510   			-0.62   		   		
19516   			-0.79   		   		
19522   			-1.35   		   		
19528   			-0.43   		   		
19533   			-0.89   		   		
19539   			-0.37   		   		
19545   			0.15   		   		
19551   			-0.27   		   		
19556   			-0.33   		   		
19562   			-1.20   		   		
19568   			-1.14   		   		
19573   			-0.50   		   		
19579   			-0.97   		   		
19585   			-0.68   		   		
19591   			-1.03   		   		
19596   			-0.27   		   		
19602   			-0.62   		   		
19608   			-1.03   		   		
19614   			0.19   		   		
19619   			-0.74   		   		
19625   			-0.56   		   		
19631   			-0.45   		   		
19636   			-1.32   		   		
19642   			-1.32   		   		
19648   			-1.20   		   		
19654   			-1.08   		   		
19659   			-0.39   		   		
19665   			-0.33   		   		
19671   			-0.97   		   		
19676   			-0.27   		   		
19682   			-0.45   		   		
19688   			-0.79   		   		
19694   			0.08   		   		
19699   			-0.50   		   		
19705   			-0.33   		   		
19711   			-0.45   		   		
19717   			-0.74   		   		
19722   			-0.68   		   		
19728   			-0.04   		   		
19734   			-2.36   		   		
19739   			-0.45   		   		
19745   			-0.62   		   		
19751   			-0.39   		   		
19757   			-0.50   		   		
19762   			-0.85   		   		
19768   			-0.68   		   		
19774   			-0.45   		   		
19780   			-0.10   		   		
19785   			-0.68   		   		
19791   			-0.21   		   		
19797   			-0.45   		   		
19802   			-0.85   		   		
19808   			-1.32   		   		
19814   			-0.97   		   		
19820   			-1.32   		   		
19825   			-1.37   		   		
19831   			-1.20   		   		
19837   			-0.37   		   		
19843   			-0.95   		   		
19848   			-0.83   		   		
19854   			-1.58   		   		
19860   			-1.24   		   		
19865   			-1.20   		   		
19871   			0.02   		   		
19877   			-0.50   		   		
19883   			-0.74   		   		
19888   			-0.56   		   		
19894   			-1.28   		   		
19900   			-1.10   		   		
19906   			-1.51   		   		
19911   			-0.24   		   		
19917   			-0.93   		   		
19923   			-1.20   		   		
19928   			-0.50   		   		
19934   			-1.90   		   		
19940   			-1.32   		   		
19946   			-1.03   		   		
19951   			-1.49   		   		
19957   			-1.43   		   		
19963   			-0.74   		   		
19969   			-1.03   		   		
19974   			-1.32   		   		
19980   			-0.62   		   		
19986   			-0.68   		   		
19991   			-0.33   		   		
19997   			-0.97   		   		
20003   			-0.16   		   		
20009   			-0.53   		   		
20014   			-1.10   		   		
20020   			-1.63   		   		
20026   			-0.93   		   		
20032   			-1.39   		   		
20037   			-0.83   		   		
20043   			-1.47   		   		
20049   			-0.14   		   		
20054   			-0.71   		   		
20060   			-0.77   		   		
20066   			-0.91   		   		
20072   			-1.14   		   		
20077   			-1.72   		   		
20083   			-1.32   		   		
20089   			-1.55   		   		
20095   			-1.72   		   		
20100   			-1.37   		   		
20106   			-1.43   		   		
