Timestamp		Force Z		Comments
0   			0.86   		   		
6   			0.17   		   		
12   			-0.06   		   		
18   			0.17   		   		
23   			0.23   		   		
29   			-0.64   		   		
35   			-0.47   		   		
41   			-0.29   		   		
46   			-0.78   		   		
52   			0.26   		   		
58   			-0.89   		   		
63   			-0.84   		   		
69   			-0.31   		   		
75   			-0.76   		   		
81   			-0.70   		   		
86   			-1.22   		   		
92   			-1.10   		   		
98   			-1.57   		   		
104   			-1.37   		   		
109   			-0.91   		   		
115   			-1.78   		   		
121   			-1.20   		   		
126   			-1.08   		   		
132   			-1.39   		   		
138   			-0.93   		   		
144   			-1.05   		   		
149   			-1.16   		   		
155   			-0.76   		   		
161   			-0.41   		   		
167   			-1.45   		   		
172   			-0.87   		   		
178   			-1.34   		   		
184   			-1.10   		   		
189   			-0.06   		   		
195   			-0.12   		   		
201   			-0.24   		   		
207   			-0.47   		   		
212   			-0.70   		   		
218   			-0.06   		   		
224   			-1.10   		   		
230   			-0.93   		   		
235   			-0.87   		   		
241   			-0.93   		   		
247   			-0.26   		   		
252   			-1.47   		   		
258   			-1.24   		   		
264   			-1.07   		   		
270   			-1.47   		   		
275   			-1.07   		   		
281   			-0.37   		   		
287   			-0.72   		   		
293   			-0.84   		   		
298   			-1.18   		   		
304   			-0.93   		   		
310   			-1.34   		   		
315   			-1.57   		   		
321   			-0.47   		   		
327   			-1.45   		   		
333   			-1.39   		   		
338   			-1.22   		   		
344   			-1.16   		   		
350   			-1.63   		   		
355   			-2.38   		   		
361   			-1.43   		   		
367   			-1.37   		   		
373   			-2.19   		   		
378   			-1.61   		   		
384   			-1.26   		   		
390   			-1.94   		   		
396   			-1.53   		   		
401   			-1.24   		   		
407   			-2.05   		   		
413   			-3.04   		   		
418   			-1.24   		   		
424   			-0.84   		   		
430   			-1.47   		   		
436   			-1.59   		   		
441   			-2.05   		   		
447   			-1.82   		   		
453   			-1.42   		   		
459   			-1.71   		   		
464   			-1.24   		   		
470   			-0.37   		   		
476   			-2.96   		   		
481   			-1.16   		   		
487   			-0.81   		   		
493   			-0.64   		   		
499   			-1.34   		   		
504   			-1.24   		   		
510   			-1.30   		   		
516   			-1.13   		   		
522   			-0.60   		   		
527   			-1.30   		   		
533   			-0.72   		   		
539   			-2.00   		   		
544   			-0.37   		   		
550   			-0.60   		   		
556   			0.15   		   		
562   			-1.05   		   		
567   			-0.53   		   		
573   			-0.41   		   		
579   			-1.16   		   		
585   			-0.81   		   		
590   			-1.34   		   		
596   			-0.35   		   		
602   			-0.24   		   		
607   			-0.41   		   		
613   			-0.24   		   		
619   			0.15   		   		
625   			0.38   		   		
630   			-0.37   		   		
636   			-0.43   		   		
642   			-0.43   		   		
648   			0.21   		   		
653   			0.61   		   		
659   			0.38   		   		
665   			-0.20   		   		
670   			-1.07   		   		
676   			-0.37   		   		
682   			-0.66   		   		
688   			-0.20   		   		
693   			-0.08   		   		
699   			-0.31   		   		
705   			-0.12   		   		
711   			-0.29   		   		
716   			-1.16   		   		
722   			-0.12   		   		
728   			-0.81   		   		
733   			-1.07   		   		
739   			-0.31   		   		
745   			-1.13   		   		
751   			-0.60   		   		
756   			-0.20   		   		
762   			-0.43   		   		
768   			-0.43   		   		
774   			0.09   		   		
779   			-0.20   		   		
785   			0.26   		   		
791   			0.23   		   		
796   			-0.06   		   		
802   			0.40   		   		
808   			-1.05   		   		
814   			-0.24   		   		
819   			-0.16   		   		
825   			-0.45   		   		
831   			-2.19   		   		
836   			0.13   		   		
842   			0.25   		   		
848   			0.42   		   		
854   			0.36   		   		
859   			-0.62   		   		
865   			0.08   		   		
871   			-0.27   		   		
877   			-0.41   		   		
882   			-0.58   		   		
888   			0.05   		   		
894   			-1.92   		   		
899   			0.17   		   		
905   			0.52   		   		
911   			-0.12   		   		
917   			-0.29   		   		
922   			-0.81   		   		
928   			0.23   		   		
934   			-0.93   		   		
940   			-0.53   		   		
945   			-1.05   		   		
951   			-0.58   		   		
957   			-1.80   		   		
962   			-0.24   		   		
968   			-0.06   		   		
974   			-0.35   		   		
980   			0.11   		   		
985   			-1.16   		   		
991   			-1.07   		   		
997   			-0.31   		   		
1003   			-0.43   		   		
1008   			0.15   		   		
1014   			0.50   		   		
1020   			-1.18   		   		
1025   			-0.02   		   		
1031   			0.67   		   		
1037   			1.02   		   		
1043   			0.15   		   		
1048   			-0.14   		   		
1054   			0.32   		   		
1060   			0.15   		   		
1066   			0.79   		   		
1071   			-0.20   		   		
1077   			-0.06   		   		
1083   			-1.22   		   		
1088   			-0.24   		   		
1094   			-0.12   		   		
1100   			-0.93   		   		
1106   			0.00   		   		
1111   			-0.29   		   		
1117   			-0.47   		   		
1123   			-0.47   		   		
1129   			-0.06   		   		
1134   			-0.24   		   		
1140   			0.17   		   		
1146   			-0.58   		   		
1151   			0.00   		   		
1157   			0.11   		   		
1163   			-0.78   		   		
1169   			-0.43   		   		
1174   			-0.26   		   		
1180   			-0.95   		   		
1186   			0.09   		   		
1192   			-0.18   		   		
1197   			-0.47   		   		
1203   			-0.29   		   		
1209   			0.00   		   		
1214   			-0.06   		   		
1220   			-0.06   		   		
1226   			-0.35   		   		
1232   			0.11   		   		
1237   			-0.29   		   		
1243   			-0.06   		   		
1249   			0.21   		   		
1255   			-0.49   		   		
1260   			-0.60   		   		
1266   			-0.89   		   		
1272   			-0.37   		   		
1277   			-0.53   		   		
1283   			0.05   		   		
1289   			-0.53   		   		
1295   			-0.70   		   		
1300   			-0.58   		   		
1306   			-1.68   		   		
1312   			-0.58   		   		
1318   			-0.24   		   		
1323   			-1.63   		   		
1329   			-1.34   		   		
1335   			-0.50   		   		
1340   			-0.62   		   		
1346   			0.71   		   		
1352   			-0.50   		   		
1358   			-0.74   		   		
1363   			-0.76   		   		
1369   			-0.35   		   		
1375   			0.34   		   		
1381   			-0.93   		   		
1386   			-0.87   		   		
1392   			-0.81   		   		
1398   			-0.87   		   		
1403   			-0.93   		   		
1409   			-0.58   		   		
1415   			-0.93   		   		
1421   			-0.91   		   		
1426   			-0.62   		   		
1432   			-0.79   		   		
1438   			-0.56   		   		
1444   			-0.33   		   		
1449   			-0.76   		   		
1455   			-0.53   		   		
1461   			-0.58   		   		
1466   			-0.53   		   		
1472   			-0.70   		   		
1478   			-0.04   		   		
1484   			-0.21   		   		
1489   			0.83   		   		
1495   			-0.62   		   		
1501   			-0.21   		   		
1507   			-0.29   		   		
1512   			0.29   		   		
1518   			0.05   		   		
1524   			1.10   		   		
1529   			0.52   		   		
1535   			-1.37   		   		
1541   			-0.85   		   		
1547   			-1.20   		   		
1552   			0.25   		   		
1558   			-0.68   		   		
1564   			-1.14   		   		
1570   			-0.04   		   		
1575   			-0.04   		   		
1581   			-0.62   		   		
1587   			-0.62   		   		
1592   			0.44   		   		
1598   			-0.08   		   		
1604   			-0.84   		   		
1610   			-1.36   		   		
1615   			-1.13   		   		
1621   			-0.06   		   		
1627   			-1.28   		   		
1633   			-2.03   		   		
1638   			-0.76   		   		
1644   			0.23   		   		
1650   			-1.28   		   		
1655   			-0.47   		   		
1661   			-0.18   		   		
1667   			-0.06   		   		
1673   			-0.58   		   		
1678   			-1.03   		   		
1684   			-0.91   		   		
1690   			-2.13   		   		
1695   			-0.50   		   		
1701   			-1.49   		   		
1707   			-1.39   		   		
1713   			-2.09   		   		
1718   			-1.05   		   		
1724   			-0.53   		   		
1730   			-0.87   		   		
1736   			-1.10   		   		
1741   			-0.58   		   		
1747   			-1.51   		   		
1753   			-3.25   		   		
1758   			-0.87   		   		
1764   			-1.55   		   		
1770   			-1.32   		   		
1776   			-1.55   		   		
1781   			-1.20   		   		
1787   			-1.32   		   		
1793   			-0.95   		   		
1799   			-0.95   		   		
1804   			-1.30   		   		
1810   			-1.71   		   		
1816   			-0.60   		   		
1821   			-1.36   		   		
1827   			-1.13   		   		
1833   			-1.76   		   		
1839   			-1.24   		   		
1844   			-1.36   		   		
1850   			-0.70   		   		
1856   			-1.63   		   		
1862   			-2.09   		   		
1867   			-1.57   		   		
1873   			-1.22   		   		
1879   			-0.99   		   		
1884   			-1.63   		   		
1890   			-0.76   		   		
1896   			-0.58   		   		
1902   			-1.34   		   		
1907   			-0.99   		   		
1913   			-1.22   		   		
1919   			-0.64   		   		
1925   			-0.81   		   		
1930   			-0.58   		   		
1936   			-1.18   		   		
1942   			-0.26   		   		
1947   			-0.02   		   		
1953   			-0.78   		   		
1959   			-1.71   		   		
1965   			-1.57   		   		
1970   			-2.32   		   		
1976   			-1.10   		   		
1982   			-0.99   		   		
1988   			-0.58   		   		
1993   			-1.24   		   		
1999   			-1.30   		   		
2005   			-1.13   		   		
2010   			-1.36   		   		
2016   			-1.76   		   		
2022   			-1.05   		   		
2028   			-0.53   		   		
2033   			-0.47   		   		
2039   			-0.93   		   		
2045   			-1.34   		   		
2051   			-0.78   		   		
2056   			-1.01   		   		
2062   			-0.84   		   		
2068   			-1.36   		   		
2073   			-1.13   		   		
2079   			-0.18   		   		
2085   			-0.53   		   		
2091   			-0.93   		   		
2096   			-1.10   		   		
2102   			-0.93   		   		
2108   			-0.95   		   		
2114   			-0.72   		   		
2119   			-0.43   		   		
2125   			-0.49   		   		
2131   			-0.20   		   		
2136   			-0.33   		   		
2142   			-0.79   		   		
2148   			-0.16   		   		
2154   			0.13   		   		
2159   			0.13   		   		
2165   			-1.05   		   		
2171   			-1.28   		   		
2177   			-0.87   		   		
2182   			-1.34   		   		
2188   			-0.47   		   		
2194   			-0.33   		   		
2199   			0.02   		   		
2205   			0.13   		   		
2211   			-0.62   		   		
2217   			-0.04   		   		
2222   			-0.70   		   		
2228   			-0.87   		   		
2234   			-0.99   		   		
2240   			-1.28   		   		
2245   			-1.22   		   		
2251   			-1.42   		   		
2257   			-1.42   		   		
2262   			-1.13   		   		
2268   			-0.66   		   		
2274   			-1.47   		   		
2280   			-1.28   		   		
2285   			-0.41   		   		
2291   			-1.16   		   		
2297   			-0.47   		   		
2303   			-0.18   		   		
2308   			0.36   		   		
2314   			0.36   		   		
2320   			0.19   		   		
2325   			-0.91   		   		
2331   			-0.10   		   		
2337   			-0.78   		   		
2343   			-0.55   		   		
2348   			-1.01   		   		
2354   			-0.20   		   		
2360   			-1.18   		   		
2366   			0.07   		   		
2371   			-0.22   		   		
2377   			-0.91   		   		
2383   			-0.80   		   		
2388   			-0.80   		   		
2394   			-0.66   		   		
2400   			-0.49   		   		
2406   			-1.13   		   		
2411   			-0.60   		   		
2417   			-0.95   		   		
2423   			-1.08   		   		
2428   			-0.85   		   		
2434   			-0.21   		   		
2440   			-1.32   		   		
2446   			-0.33   		   		
2451   			-0.87   		   		
2457   			-1.16   		   		
2463   			-0.76   		   		
2469   			-1.05   		   		
2474   			-0.24   		   		
2480   			-0.84   		   		
2486   			-1.71   		   		
2491   			-0.89   		   		
2497   			-1.13   		   		
2503   			-0.60   		   		
2509   			0.11   		   		
2514   			-0.70   		   		
2520   			-1.34   		   		
2526   			-1.16   		   		
2532   			-0.70   		   		
2537   			-0.10   		   		
2543   			-0.56   		   		
2549   			-2.19   		   		
2554   			-0.91   		   		
2560   			-0.79   		   		
2566   			-0.85   		   		
2572   			-0.56   		   		
2577   			-0.79   		   		
2583   			-0.50   		   		
2589   			-1.03   		   		
2595   			-0.31   		   		
2600   			-1.30   		   		
2606   			-1.01   		   		
2612   			-0.78   		   		
2617   			-1.18   		   		
2623   			-0.64   		   		
2629   			-0.70   		   		
2635   			-0.24   		   		
2640   			0.46   		   		
2646   			-0.87   		   		
2652   			-1.84   		   		
2658   			-1.26   		   		
2663   			-0.50   		   		
2669   			-1.61   		   		
2675   			-1.43   		   		
2680   			-1.47   		   		
2686   			-0.60   		   		
2692   			-0.60   		   		
2698   			-0.66   		   		
2703   			-0.84   		   		
2709   			-0.29   		   		
2715   			0.05   		   		
2721   			-0.41   		   		
2726   			-1.74   		   		
2732   			-1.16   		   		
2738   			-1.10   		   		
2743   			-0.41   		   		
2749   			-0.93   		   		
2755   			-0.47   		   		
2761   			0.11   		   		
2766   			-0.31   		   		
2772   			-0.31   		   		
2778   			-0.14   		   		
2784   			0.84   		   		
2789   			-0.20   		   		
2795   			0.50   		   		
2801   			0.96   		   		
2806   			0.90   		   		
2812   			0.03   		   		
2818   			0.67   		   		
2824   			-0.18   		   		
2829   			0.58   		   		
2835   			0.17   		   		
2841   			0.05   		   		
2847   			0.34   		   		
2852   			0.44   		   		
2858   			0.26   		   		
2864   			-0.60   		   		
2869   			0.73   		   		
2875   			0.32   		   		
2881   			0.56   		   		
2887   			0.68   		   		
2892   			0.62   		   		
2898   			0.21   		   		
2904   			-0.31   		   		
2910   			0.23   		   		
2915   			1.50   		   		
2921   			0.52   		   		
2927   			0.52   		   		
2932   			-0.06   		   		
2938   			-0.18   		   		
2944   			0.52   		   		
2950   			0.23   		   		
2955   			0.00   		   		
2961   			-0.99   		   		
2967   			-2.27   		   		
2972   			-1.10   		   		
2978   			-0.53   		   		
2984   			-0.99   		   		
2990   			-0.76   		   		
2995   			-0.37   		   		
3001   			-0.37   		   		
3007   			-0.60   		   		
3013   			0.61   		   		
3018   			0.55   		   		
3024   			0.23   		   		
3030   			-1.74   		   		
3035   			-0.12   		   		
3041   			-0.12   		   		
3047   			0.17   		   		
3053   			-0.87   		   		
3058   			-0.47   		   		
3064   			-0.81   		   		
3070   			-1.05   		   		
3076   			-0.93   		   		
3081   			-1.34   		   		
3087   			-0.35   		   		
3093   			-1.57   		   		
3098   			-0.81   		   		
3104   			-1.16   		   		
3110   			-0.53   		   		
3116   			-0.35   		   		
3121   			-1.05   		   		
3127   			-0.06   		   		
3133   			0.23   		   		
3139   			-0.43   		   		
3144   			-0.95   		   		
3150   			-1.59   		   		
3156   			-0.60   		   		
3161   			-0.26   		   		
3167   			0.32   		   		
3173   			-0.95   		   		
3179   			-0.20   		   		
3184   			-0.37   		   		
3190   			-1.07   		   		
3196   			-1.45   		   		
3202   			-0.70   		   		
3207   			-0.53   		   		
3213   			-0.35   		   		
3219   			-0.81   		   		
3224   			-0.66   		   		
3230   			-0.26   		   		
3236   			-0.20   		   		
3242   			-0.60   		   		
3247   			-0.84   		   		
3253   			-0.43   		   		
3259   			-0.66   		   		
3265   			-1.01   		   		
3270   			-0.31   		   		
3276   			-0.78   		   		
3282   			-2.03   		   		
3287   			-1.05   		   		
3293   			-1.80   		   		
3299   			-2.21   		   		
3305   			-1.74   		   		
3310   			-1.66   		   		
3316   			-0.97   		   		
3322   			-1.37   		   		
3328   			-1.03   		   		
3333   			-0.04   		   		
3339   			-0.91   		   		
3345   			-1.32   		   		
3350   			-1.08   		   		
3356   			-1.14   		   		
3362   			-0.10   		   		
3368   			-1.42   		   		
3373   			-1.47   		   		
3379   			-0.89   		   		
3385   			-1.24   		   		
3391   			-1.18   		   		
3396   			-1.80   		   		
3402   			-1.45   		   		
3408   			-0.99   		   		
3413   			-0.70   		   		
3419   			-1.10   		   		
3425   			-0.78   		   		
3431   			-0.66   		   		
3436   			-0.78   		   		
3442   			-0.49   		   		
3448   			0.15   		   		
3454   			-0.24   		   		
3459   			0.05   		   		
3465   			-0.81   		   		
3471   			-1.10   		   		
3476   			-0.87   		   		
3482   			-0.16   		   		
3488   			-0.62   		   		
3494   			0.31   		   		
3499   			0.08   		   		
3505   			0.48   		   		
3511   			-2.21   		   		
3516   			-0.47   		   		
3522   			0.05   		   		
3528   			-0.18   		   		
3534   			-1.16   		   		
3539   			-0.08   		   		
3545   			-0.26   		   		
3551   			-0.60   		   		
3557   			-0.37   		   		
3562   			0.03   		   		
3568   			0.98   		   		
3574   			-1.45   		   		
3579   			0.17   		   		
3585   			-0.06   		   		
3591   			-0.24   		   		
3597   			-0.29   		   		
3602   			-0.06   		   		
3608   			-0.29   		   		
3614   			-0.35   		   		
3620   			-0.35   		   		
3625   			0.08   		   		
3631   			-1.08   		   		
3637   			-2.24   		   		
3642   			0.60   		   		
3648   			0.36   		   		
3654   			-0.37   		   		
3660   			-0.02   		   		
3665   			-0.78   		   		
3671   			0.67   		   		
3677   			-0.26   		   		
3683   			-0.41   		   		
3688   			-0.06   		   		
3694   			0.34   		   		
3700   			-0.06   		   		
3705   			0.00   		   		
3711   			0.00   		   		
3717   			-0.47   		   		
3723   			0.46   		   		
3728   			-0.53   		   		
3734   			0.69   		   		
3740   			0.61   		   		
3746   			-0.60   		   		
3751   			-1.01   		   		
3757   			-0.08   		   		
3763   			0.15   		   		
3768   			-0.28   		   		
3774   			0.82   		   		
3780   			-0.22   		   		
3786   			-0.74   		   		
3791   			-1.09   		   		
3797   			-0.24   		   		
3803   			-0.58   		   		
3809   			-0.06   		   		
3814   			-0.35   		   		
3820   			-0.47   		   		
3826   			-0.70   		   		
3831   			-0.53   		   		
3837   			-0.58   		   		
3843   			-0.58   		   		
3849   			0.05   		   		
3854   			0.17   		   		
3860   			-0.18   		   		
3866   			-0.53   		   		
3872   			0.29   		   		
3877   			-0.58   		   		
3883   			-0.81   		   		
3889   			-0.24   		   		
3894   			-0.70   		   		
3900   			-0.24   		   		
3906   			-0.93   		   		
3912   			-1.16   		   		
3917   			-0.53   		   		
3923   			-0.93   		   		
3929   			-1.16   		   		
3935   			-0.47   		   		
3940   			-1.37   		   		
3946   			-1.08   		   		
3952   			0.48   		   		
3957   			0.31   		   		
3963   			-0.21   		   		
3969   			-1.18   		   		
3975   			-0.20   		   		
3980   			-1.18   		   		
3986   			-0.66   		   		
3992   			-1.18   		   		
3998   			-1.22   		   		
4003   			-0.58   		   		
4009   			-0.99   		   		
4015   			-0.76   		   		
4020   			-1.22   		   		
4026   			-0.53   		   		
4032   			-0.64   		   		
4038   			0.00   		   		
4043   			-0.76   		   		
4049   			-0.81   		   		
4055   			0.17   		   		
4060   			-0.76   		   		
4066   			-0.64   		   		
4072   			-0.06   		   		
4078   			-0.35   		   		
4083   			0.11   		   		
4089   			0.17   		   		
4095   			-0.18   		   		
4101   			-0.06   		   		
4106   			-0.47   		   		
4112   			-0.84   		   		
4118   			-2.11   		   		
4123   			-0.31   		   		
4129   			-0.31   		   		
4135   			-0.89   		   		
4141   			-0.64   		   		
4146   			-0.18   		   		
4152   			0.05   		   		
4158   			-0.81   		   		
4164   			-0.18   		   		
4169   			0.00   		   		
4175   			0.52   		   		
4181   			-1.74   		   		
4186   			-0.53   		   		
4192   			-0.64   		   		
4198   			0.00   		   		
4204   			-1.22   		   		
4209   			-0.93   		   		
4215   			-0.81   		   		
4221   			-0.53   		   		
4227   			-1.45   		   		
4232   			-1.39   		   		
4238   			-0.93   		   		
4244   			0.11   		   		
4249   			-0.41   		   		
4255   			-0.99   		   		
4261   			-0.58   		   		
4267   			-1.10   		   		
4272   			-0.70   		   		
4278   			-0.64   		   		
4284   			-0.55   		   		
4290   			-1.53   		   		
4295   			-1.13   		   		
4301   			-0.49   		   		
4307   			-0.78   		   		
4312   			-0.99   		   		
4318   			-0.87   		   		
4324   			-1.10   		   		
4330   			-0.35   		   		
4335   			-0.76   		   		
4341   			-0.72   		   		
4347   			-1.13   		   		
4353   			-0.08   		   		
4358   			-1.59   		   		
4364   			-1.94   		   		
4370   			-1.18   		   		
4375   			-1.07   		   		
4381   			-0.84   		   		
4387   			-1.13   		   		
4393   			-0.31   		   		
4398   			-0.04   		   		
4404   			-0.04   		   		
4410   			-0.91   		   		
4416   			-0.16   		   		
4421   			0.54   		   		
4427   			-0.50   		   		
4433   			-0.62   		   		
4438   			-0.27   		   		
4444   			-0.45   		   		
4450   			-1.14   		   		
4456   			-1.10   		   		
4461   			-0.29   		   		
4467   			0.29   		   		
4473   			-0.70   		   		
4479   			-0.99   		   		
4484   			-0.50   		   		
4490   			-1.26   		   		
4496   			-0.50   		   		
4501   			0.08   		   		
4507   			-0.27   		   		
4513   			-0.14   		   		
4519   			-0.26   		   		
4524   			-0.84   		   		
4530   			-0.72   		   		
4536   			0.09   		   		
4542   			-0.41   		   		
4547   			-0.29   		   		
4553   			-0.35   		   		
4559   			-0.70   		   		
4564   			-0.24   		   		
4570   			-0.47   		   		
4576   			-0.12   		   		
4582   			-0.29   		   		
4587   			-0.76   		   		
4593   			-0.93   		   		
4599   			-0.78   		   		
4605   			-0.43   		   		
4610   			-0.89   		   		
4616   			-1.13   		   		
4622   			-0.02   		   		
4627   			-0.12   		   		
4633   			0.00   		   		
4639   			0.40   		   		
4645   			-0.81   		   		
4650   			-0.70   		   		
4656   			-1.16   		   		
4662   			-3.14   		   		
4667   			-0.58   		   		
4673   			0.00   		   		
4679   			-0.93   		   		
4685   			0.09   		   		
4690   			-0.66   		   		
4696   			-0.84   		   		
4702   			-0.31   		   		
4708   			-0.72   		   		
4713   			0.24   		   		
4719   			-0.28   		   		
4725   			0.07   		   		
4730   			-0.86   		   		
4736   			-0.74   		   		
4742   			-0.93   		   		
4748   			-0.64   		   		
4753   			-0.47   		   		
4759   			-1.10   		   		
4765   			-0.99   		   		
4771   			-1.22   		   		
4776   			-0.70   		   		
4782   			-1.16   		   		
4788   			-1.51   		   		
4793   			-0.99   		   		
4799   			-0.99   		   		
4805   			-1.68   		   		
4811   			-0.41   		   		
4816   			-1.28   		   		
4822   			-1.16   		   		
4828   			-1.45   		   		
4834   			-1.22   		   		
4839   			-1.57   		   		
4845   			-0.24   		   		
4851   			0.05   		   		
4856   			-0.58   		   		
4862   			-0.81   		   		
4868   			-0.53   		   		
4874   			-0.41   		   		
4879   			-0.76   		   		
4885   			-0.41   		   		
4891   			-0.12   		   		
4897   			-0.70   		   		
4902   			-0.53   		   		
4908   			0.05   		   		
4914   			-0.37   		   		
4919   			-0.37   		   		
4925   			-0.43   		   		
4931   			0.38   		   		
4937   			0.09   		   		
4942   			0.46   		   		
4948   			0.46   		   		
4954   			0.52   		   		
4960   			0.11   		   		
4965   			-0.24   		   		
4971   			-0.16   		   		
4977   			-0.45   		   		
4982   			-0.62   		   		
4988   			-0.27   		   		
4994   			0.42   		   		
5000   			-0.24   		   		
5005   			0.40   		   		
5011   			0.00   		   		
5017   			0.11   		   		
5023   			0.69   		   		
5028   			0.94   		   		
5034   			0.71   		   		
5040   			-0.04   		   		
5045   			-0.04   		   		
5051   			0.02   		   		
5057   			0.92   		   		
5063   			0.92   		   		
5068   			0.52   		   		
5074   			-0.12   		   		
5080   			0.52   		   		
5086   			-0.24   		   		
5091   			1.44   		   		
5097   			1.50   		   		
5103   			1.04   		   		
5108   			0.92   		   		
5114   			1.35   		   		
5120   			1.00   		   		
5126   			0.89   		   		
5131   			0.89   		   		
5137   			0.89   		   		
5143   			-1.13   		   		
5148   			0.67   		   		
5154   			0.61   		   		
5160   			0.67   		   		
5166   			1.02   		   		
5171   			0.73   		   		
5177   			1.19   		   		
5183   			0.67   		   		
5189   			0.38   		   		
5194   			-0.14   		   		
5200   			0.23   		   		
5206   			-1.39   		   		
5211   			0.58   		   		
5217   			0.40   		   		
5223   			0.40   		   		
5229   			0.26   		   		
5234   			-0.02   		   		
5240   			0.15   		   		
5246   			0.84   		   		
5252   			1.02   		   		
5257   			1.36   		   		
5263   			1.08   		   		
5269   			0.67   		   		
5274   			1.83   		   		
5280   			0.79   		   		
5286   			0.63   		   		
5292   			0.34   		   		
5297   			0.05   		   		
5303   			0.81   		   		
5309   			1.21   		   		
5315   			0.77   		   		
5320   			0.65   		   		
5326   			0.71   		   		
5332   			0.89   		   		
5337   			0.83   		   		
5343   			0.92   		   		
5349   			0.63   		   		
5355   			1.44   		   		
5360   			1.56   		   		
5366   			0.81   		   		
5372   			1.56   		   		
5378   			1.91   		   		
5383   			1.85   		   		
5389   			1.79   		   		
5395   			2.02   		   		
5400   			1.48   		   		
5406   			2.75   		   		
5412   			2.40   		   		
5418   			1.88   		   		
5423   			1.94   		   		
5429   			2.31   		   		
5435   			2.77   		   		
5441   			2.95   		   		
5446   			2.25   		   		
5452   			3.58   		   		
5458   			3.18   		   		
5463   			1.62   		   		
5469   			1.62   		   		
5475   			2.54   		   		
5481   			2.60   		   		
5486   			1.73   		   		
5492   			2.25   		   		
5498   			2.89   		   		
5504   			2.54   		   		
5509   			2.66   		   		
5515   			2.60   		   		
5521   			3.18   		   		
5526   			1.91   		   		
5532   			2.31   		   		
5538   			2.43   		   		
5544   			2.89   		   		
5549   			2.19   		   		
5555   			2.31   		   		
5561   			2.25   		   		
5567   			2.71   		   		
5572   			2.31   		   		
5578   			2.77   		   		
5584   			3.06   		   		
5589   			3.06   		   		
5595   			3.52   		   		
5601   			3.62   		   		
5607   			3.21   		   		
5612   			2.75   		   		
5618   			2.81   		   		
5624   			3.50   		   		
5630   			3.60   		   		
5635   			3.14   		   		
5641   			3.20   		   		
5647   			2.56   		   		
5652   			3.31   		   		
5658   			3.66   		   		
5664   			3.77   		   		
5670   			3.37   		   		
5675   			3.60   		   		
5681   			3.49   		   		
5687   			4.16   		   		
5693   			3.35   		   		
5698   			4.10   		   		
5704   			4.68   		   		
5710   			4.50   		   		
5715   			4.48   		   		
5721   			4.25   		   		
5727   			4.02   		   		
5733   			3.67   		   		
5738   			4.71   		   		
5744   			4.73   		   		
5750   			4.39   		   		
5756   			4.27   		   		
5761   			4.73   		   		
5767   			4.50   		   		
5773   			3.98   		   		
5778   			4.68   		   		
5784   			4.39   		   		
5790   			5.77   		   		
5796   			5.02   		   		
5801   			4.73   		   		
5807   			5.71   		   		
5813   			6.11   		   		
5818   			4.91   		   		
5824   			5.83   		   		
5830   			5.98   		   		
5836   			5.63   		   		
5841   			5.98   		   		
5847   			6.61   		   		
5853   			6.04   		   		
5859   			5.14   		   		
5864   			5.54   		   		
5870   			4.91   		   		
5876   			3.00   		   		
5881   			5.08   		   		
5887   			5.48   		   		
5893   			5.65   		   		
5899   			5.19   		   		
5904   			5.54   		   		
5910   			5.94   		   		
5916   			5.10   		   		
5922   			6.08   		   		
5927   			5.85   		   		
5933   			5.68   		   		
5939   			5.68   		   		
5944   			5.81   		   		
5950   			6.27   		   		
5956   			5.63   		   		
5962   			5.58   		   		
5967   			5.23   		   		
5973   			5.65   		   		
5979   			5.83   		   		
5985   			6.92   		   		
5990   			6.63   		   		
5996   			8.01   		   		
6002   			6.92   		   		
6007   			6.86   		   		
6013   			6.63   		   		
6019   			7.15   		   		
6025   			6.34   		   		
6030   			6.46   		   		
6036   			6.40   		   		
6042   			6.63   		   		
6048   			6.80   		   		
6053   			7.38   		   		
6059   			6.67   		   		
6065   			7.30   		   		
6070   			7.99   		   		
6076   			6.78   		   		
6082   			7.82   		   		
6088   			7.44   		   		
6093   			7.38   		   		
6099   			7.09   		   		
6105   			7.38   		   		
6111   			8.01   		   		
6116   			7.65   		   		
6122   			7.19   		   		
6128   			7.53   		   		
6133   			7.13   		   		
6139   			7.30   		   		
6145   			7.15   		   		
6151   			7.15   		   		
6156   			7.78   		   		
6162   			8.18   		   		
6168   			8.07   		   		
6174   			7.70   		   		
6179   			8.51   		   		
6185   			7.07   		   		
6191   			8.05   		   		
6196   			8.51   		   		
6202   			9.10   		   		
6208   			8.30   		   		
6214   			8.81   		   		
6219   			8.30   		   		
6225   			7.55   		   		
6231   			7.63   		   		
6237   			8.72   		   		
6242   			8.09   		   		
6248   			7.86   		   		
6254   			8.38   		   		
6259   			8.39   		   		
6265   			8.56   		   		
6271   			8.68   		   		
6277   			8.28   		   		
6282   			8.16   		   		
6288   			8.16   		   		
6294   			8.28   		   		
6300   			8.56   		   		
6305   			8.05   		   		
6311   			8.91   		   		
6317   			9.08   		   		
6322   			8.10   		   		
6328   			8.10   		   		
6334   			7.93   		   		
6340   			8.10   		   		
6345   			8.70   		   		
6351   			8.93   		   		
6357   			8.53   		   		
6363   			8.36   		   		
6368   			8.18   		   		
6374   			8.66   		   		
6380   			8.38   		   		
6385   			8.49   		   		
6391   			8.15   		   		
6397   			8.66   		   		
6403   			8.36   		   		
6408   			9.79   		   		
6414   			8.64   		   		
6420   			8.81   		   		
6426   			8.87   		   		
6431   			9.37   		   		
6437   			10.23   		   		
6443   			8.51   		   		
6448   			8.85   		   		
6454   			9.25   		   		
6460   			9.35   		   		
6466   			9.87   		   		
6471   			9.75   		   		
6477   			9.58   		   		
6483   			7.46   		   		
6488   			9.79   		   		
6494   			8.64   		   		
6500   			8.47   		   		
6506   			9.10   		   		
6511   			10.13   		   		
6517   			9.58   		   		
6523   			9.29   		   		
6529   			9.58   		   		
6534   			9.35   		   		
6540   			9.64   		   		
6546   			7.28   		   		
6551   			9.06   		   		
6557   			9.35   		   		
6563   			9.75   		   		
6569   			9.86   		   		
6574   			10.36   		   		
6580   			9.56   		   		
6586   			9.67   		   		
6592   			8.64   		   		
6597   			8.99   		   		
6603   			9.79   		   		
6609   			8.13   		   		
6614   			9.33   		   		
6620   			10.25   		   		
6626   			9.62   		   		
6632   			9.04   		   		
6637   			9.16   		   		
6643   			9.90   		   		
6649   			10.19   		   		
6655   			9.39   		   		
6660   			9.47   		   		
6666   			9.58   		   		
6672   			10.38   		   		
6677   			9.58   		   		
6683   			9.75   		   		
6689   			9.44   		   		
6695   			10.88   		   		
6700   			9.73   		   		
6706   			8.81   		   		
6712   			9.27   		   		
6718   			8.93   		   		
6723   			9.39   		   		
6729   			8.58   		   		
6735   			8.76   		   		
6740   			8.93   		   		
6746   			9.92   		   		
6752   			9.01   		   		
6758   			8.43   		   		
6763   			9.87   		   		
6769   			8.66   		   		
6775   			9.08   		   		
6781   			9.77   		   		
6786   			9.31   		   		
6792   			9.54   		   		
6798   			10.05   		   		
6803   			9.60   		   		
6809   			9.02   		   		
6815   			8.68   		   		
6821   			9.14   		   		
6826   			8.62   		   		
6832   			8.93   		   		
6838   			9.16   		   		
6844   			9.50   		   		
6849   			8.53   		   		
6855   			8.47   		   		
6861   			7.72   		   		
6866   			8.53   		   		
6872   			8.70   		   		
6878   			9.33   		   		
6884   			9.39   		   		
6889   			8.94   		   		
6895   			8.83   		   		
6901   			8.66   		   		
6907   			8.37   		   		
6912   			8.89   		   		
6918   			9.37   		   		
6924   			9.14   		   		
6929   			8.74   		   		
6935   			8.45   		   		
6941   			8.79   		   		
6947   			8.76   		   		
6952   			8.93   		   		
6958   			8.53   		   		
6964   			8.70   		   		
6970   			8.99   		   		
6975   			9.10   		   		
6981   			8.87   		   		
6987   			8.93   		   		
6992   			8.30   		   		
6998   			8.47   		   		
7004   			8.41   		   		
7010   			9.62   		   		
7015   			10.25   		   		
7021   			10.30   		   		
7027   			10.13   		   		
7033   			9.64   		   		
7038   			9.75   		   		
7044   			9.35   		   		
7050   			8.78   		   		
7055   			8.84   		   		
7061   			9.50   		   		
7067   			9.67   		   		
7073   			9.73   		   		
7078   			9.27   		   		
7084   			9.27   		   		
7090   			7.26   		   		
7095   			8.47   		   		
7101   			8.53   		   		
7107   			8.93   		   		
7113   			9.96   		   		
7118   			9.94   		   		
7124   			9.71   		   		
7130   			9.71   		   		
7136   			9.65   		   		
7141   			9.14   		   		
7147   			9.18   		   		
7153   			9.24   		   		
7158   			9.58   		   		
7164   			9.70   		   		
7170   			9.64   		   		
7176   			9.04   		   		
7181   			9.22   		   		
7187   			9.39   		   		
7193   			10.25   		   		
7199   			10.42   		   		
7204   			9.41   		   		
7210   			9.06   		   		
7216   			8.15   		   		
7221   			9.47   		   		
7227   			10.38   		   		
7233   			9.19   		   		
7239   			9.37   		   		
7244   			9.48   		   		
7250   			10.17   		   		
7256   			8.85   		   		
7262   			9.47   		   		
7267   			10.55   		   		
7273   			9.70   		   		
7279   			8.78   		   		
7284   			9.29   		   		
7290   			10.36   		   		
7296   			10.02   		   		
7302   			9.16   		   		
7307   			9.16   		   		
7313   			9.27   		   		
7319   			9.40   		   		
7325   			9.17   		   		
7330   			9.17   		   		
7336   			9.29   		   		
7342   			8.08   		   		
7347   			10.34   		   		
7353   			9.31   		   		
7359   			8.85   		   		
7365   			10.05   		   		
7370   			9.48   		   		
7376   			9.50   		   		
7382   			10.19   		   		
7388   			9.73   		   		
7393   			9.22   		   		
7399   			9.50   		   		
7405   			8.93   		   		
7410   			9.39   		   		
7416   			9.33   		   		
7422   			9.22   		   		
7428   			9.27   		   		
7433   			9.48   		   		
7439   			9.37   		   		
7445   			8.62   		   		
7451   			8.85   		   		
7456   			9.71   		   		
7462   			9.25   		   		
7468   			9.48   		   		
7473   			9.02   		   		
7479   			9.83   		   		
7485   			9.94   		   		
7491   			9.08   		   		
7496   			9.37   		   		
7502   			9.19   		   		
7508   			10.11   		   		
7514   			10.11   		   		
7519   			9.92   		   		
7525   			9.75   		   		
7531   			9.52   		   		
7536   			9.52   		   		
7542   			9.64   		   		
7548   			9.96   		   		
7554   			9.73   		   		
7559   			9.56   		   		
7565   			8.87   		   		
7571   			9.73   		   		
7577   			9.56   		   		
7582   			10.59   		   		
7588   			10.30   		   		
7594   			10.25   		   		
7599   			10.08   		   		
7605   			9.71   		   		
7611   			10.11   		   		
7617   			10.05   		   		
7622   			10.97   		   		
7628   			9.77   		   		
7634   			10.51   		   		
7640   			10.28   		   		
7645   			10.17   		   		
7651   			10.11   		   		
7657   			8.51   		   		
7662   			9.65   		   		
7668   			9.65   		   		
7674   			10.40   		   		
7680   			9.60   		   		
7685   			9.77   		   		
7691   			10.02   		   		
7697   			9.33   		   		
7703   			10.48   		   		
7708   			10.02   		   		
7714   			10.02   		   		
7720   			10.11   		   		
7725   			10.45   		   		
7731   			10.23   		   		
7737   			9.42   		   		
7743   			9.60   		   		
7748   			10.70   		   		
7754   			10.25   		   		
7760   			10.13   		   		
7766   			9.90   		   		
7771   			10.30   		   		
7777   			11.41   		   		
7783   			10.21   		   		
7788   			10.21   		   		
7794   			10.10   		   		
7800   			10.84   		   		
7806   			10.53   		   		
7811   			9.96   		   		
7817   			10.30   		   		
7823   			10.42   		   		
7828   			10.88   		   		
7834   			10.34   		   		
7840   			10.51   		   		
7846   			9.83   		   		
7851   			10.57   		   		
7857   			10.63   		   		
7863   			10.59   		   		
7869   			10.42   		   		
7874   			9.33   		   		
7880   			10.70   		   		
7886   			9.56   		   		
7891   			10.53   		   		
7897   			10.59   		   		
7903   			9.90   		   		
7909   			9.73   		   		
7914   			9.90   		   		
7920   			9.29   		   		
7926   			10.44   		   		
7932   			11.01   		   		
7937   			10.44   		   		
7943   			9.87   		   		
7949   			9.54   		   		
7954   			9.83   		   		
7960   			10.11   		   		
7966   			10.40   		   		
7972   			9.14   		   		
7977   			9.71   		   		
7983   			10.86   		   		
7989   			10.11   		   		
7995   			9.83   		   		
8000   			10.05   		   		
8006   			10.55   		   		
8012   			11.64   		   		
8017   			10.67   		   		
8023   			10.90   		   		
8029   			10.67   		   		
8035   			10.86   		   		
8040   			9.83   		   		
8046   			10.28   		   		
8052   			10.51   		   		
8058   			9.60   		   		
8063   			9.70   		   		
8069   			9.58   		   		
8075   			10.90   		   		
8080   			11.07   		   		
8086   			10.38   		   		
8092   			9.79   		   		
8098   			10.08   		   		
8103   			10.30   		   		
8109   			9.73   		   		
8115   			9.56   		   		
8121   			9.67   		   		
8126   			8.93   		   		
8132   			9.27   		   		
8138   			8.41   		   		
8143   			10.25   		   		
8149   			9.08   		   		
8155   			9.37   		   		
8161   			9.71   		   		
8166   			10.68   		   		
8172   			10.40   		   		
8178   			9.64   		   		
8184   			9.81   		   		
8189   			9.52   		   		
8195   			8.89   		   		
8201   			9.64   		   		
8206   			9.98   		   		
8212   			9.29   		   		
8218   			9.75   		   		
8224   			9.58   		   		
8229   			9.81   		   		
8235   			10.25   		   		
8241   			10.48   		   		
8247   			9.10   		   		
8252   			9.90   		   		
8258   			9.90   		   		
8264   			9.96   		   		
8269   			9.56   		   		
8275   			8.76   		   		
8281   			9.10   		   		
8287   			9.96   		   		
8292   			9.16   		   		
8298   			8.99   		   		
8304   			9.62   		   		
8310   			9.62   		   		
8315   			8.70   		   		
8321   			8.45   		   		
8327   			8.62   		   		
8332   			9.14   		   		
8338   			8.74   		   		
8344   			8.45   		   		
8350   			8.78   		   		
8355   			9.01   		   		
8361   			9.70   		   		
8367   			10.15   		   		
8373   			9.12   		   		
8378   			9.18   		   		
8384   			9.52   		   		
8390   			9.24   		   		
8395   			8.84   		   		
8401   			9.75   		   		
8407   			9.27   		   		
8413   			9.56   		   		
8418   			8.93   		   		
8424   			9.10   		   		
8430   			8.99   		   		
8436   			9.52   		   		
8441   			9.98   		   		
8447   			9.24   		   		
8453   			8.78   		   		
8458   			8.32   		   		
8464   			8.99   		   		
8470   			8.99   		   		
8476   			9.79   		   		
8481   			9.62   		   		
8487   			9.44   		   		
8493   			9.62   		   		
8499   			9.04   		   		
8504   			8.58   		   		
8510   			9.85   		   		
8516   			8.87   		   		
8521   			8.93   		   		
8527   			9.16   		   		
8533   			9.50   		   		
8539   			9.04   		   		
8544   			9.50   		   		
8550   			8.76   		   		
8556   			8.30   		   		
8561   			9.39   		   		
8567   			9.62   		   		
8573   			9.33   		   		
8579   			9.73   		   		
8584   			8.87   		   		
8590   			9.50   		   		
8596   			9.96   		   		
8602   			9.44   		   		
8607   			9.94   		   		
8613   			8.74   		   		
8619   			7.65   		   		
8624   			9.48   		   		
8630   			8.91   		   		
8636   			7.90   		   		
8642   			8.18   		   		
8647   			9.16   		   		
8653   			9.10   		   		
8659   			9.16   		   		
8665   			9.39   		   		
8670   			9.27   		   		
8676   			8.70   		   		
8682   			9.04   		   		
8687   			8.41   		   		
8693   			8.99   		   		
8699   			9.39   		   		
8705   			9.85   		   		
8710   			8.76   		   		
8716   			9.04   		   		
8722   			9.04   		   		
8728   			8.93   		   		
8733   			9.39   		   		
8739   			10.25   		   		
8745   			8.70   		   		
8750   			7.93   		   		
8756   			8.62   		   		
8762   			7.93   		   		
8768   			7.88   		   		
8773   			8.39   		   		
8779   			7.03   		   		
8785   			8.18   		   		
8791   			7.95   		   		
8796   			8.18   		   		
8802   			8.64   		   		
8808   			8.85   		   		
8813   			9.02   		   		
8819   			8.68   		   		
8825   			8.97   		   		
8831   			9.02   		   		
8836   			8.70   		   		
8842   			9.67   		   		
8848   			8.99   		   		
8854   			9.04   		   		
8859   			9.50   		   		
8865   			8.76   		   		
8871   			8.70   		   		
8876   			9.27   		   		
8882   			8.70   		   		
8888   			8.70   		   		
8894   			9.50   		   		
8899   			9.44   		   		
8905   			8.99   		   		
8911   			9.10   		   		
8917   			8.70   		   		
8922   			10.27   		   		
8928   			9.81   		   		
8934   			9.87   		   		
8939   			9.81   		   		
8945   			9.98   		   		
8951   			10.23   		   		
8957   			10.23   		   		
8962   			10.34   		   		
8968   			9.77   		   		
8974   			9.94   		   		
8980   			9.27   		   		
8985   			10.30   		   		
8991   			10.19   		   		
8997   			10.02   		   		
9002   			9.85   		   		
9008   			10.04   		   		
9014   			10.27   		   		
9020   			10.33   		   		
9025   			10.55   		   		
9031   			9.70   		   		
9037   			10.13   		   		
9043   			10.08   		   		
9048   			9.73   		   		
9054   			9.04   		   		
9060   			8.99   		   		
9065   			8.70   		   		
9071   			9.56   		   		
9077   			10.02   		   		
9083   			8.70   		   		
9088   			8.53   		   		
9094   			9.39   		   		
9100   			10.59   		   		
9105   			9.96   		   		
9111   			10.13   		   		
9117   			9.44   		   		
9123   			8.99   		   		
9128   			9.39   		   		
9134   			10.59   		   		
9140   			9.39   		   		
9146   			8.47   		   		
9151   			8.70   		   		
9157   			9.56   		   		
9163   			7.72   		   		
9168   			9.73   		   		
9174   			9.44   		   		
9180   			9.22   		   		
9186   			9.04   		   		
9191   			9.62   		   		
9197   			9.79   		   		
9203   			8.99   		   		
9209   			9.39   		   		
9214   			7.90   		   		
9220   			8.87   		   		
9226   			9.33   		   		
9231   			8.53   		   		
9237   			7.65   		   		
9243   			8.74   		   		
9249   			8.45   		   		
9254   			8.91   		   		
9260   			8.56   		   		
9266   			8.30   		   		
9272   			7.84   		   		
9277   			7.44   		   		
9283   			7.72   		   		
9289   			8.01   		   		
9294   			7.93   		   		
9300   			8.22   		   		
9306   			9.14   		   		
9312   			8.56   		   		
9317   			8.45   		   		
9323   			8.93   		   		
9329   			8.70   		   		
9335   			8.81   		   		
9340   			8.07   		   		
9346   			8.70   		   		
9352   			8.30   		   		
9357   			8.07   		   		
9363   			8.36   		   		
9369   			8.99   		   		
9375   			9.33   		   		
9380   			9.08   		   		
9386   			9.08   		   		
9392   			8.68   		   		
9398   			9.54   		   		
9403   			8.56   		   		
9409   			8.70   		   		
9415   			9.44   		   		
9420   			8.30   		   		
9426   			9.04   		   		
9432   			8.41   		   		
9438   			8.43   		   		
9443   			8.38   		   		
9449   			8.78   		   		
9455   			8.89   		   		
9461   			9.06   		   		
9466   			8.81   		   		
9472   			7.95   		   		
9478   			8.41   		   		
9483   			8.24   		   		
9489   			8.93   		   		
9495   			8.49   		   		
9501   			9.18   		   		
9506   			8.72   		   		
9512   			9.64   		   		
9518   			9.35   		   		
9524   			8.84   		   		
9529   			9.47   		   		
9535   			9.47   		   		
9541   			9.18   		   		
9546   			9.24   		   		
9552   			9.39   		   		
9558   			8.18   		   		
9564   			8.87   		   		
9569   			10.48   		   		
9575   			9.39   		   		
9581   			8.87   		   		
9587   			9.33   		   		
9592   			10.25   		   		
9598   			9.73   		   		
9604   			8.87   		   		
9609   			8.72   		   		
9615   			8.95   		   		
9621   			8.78   		   		
9627   			9.47   		   		
9632   			8.61   		   		
9638   			8.89   		   		
9644   			7.46   		   		
9649   			8.89   		   		
9655   			9.29   		   		
9661   			9.81   		   		
9667   			9.27   		   		
9672   			8.81   		   		
9678   			9.22   		   		
9684   			9.67   		   		
9690   			8.93   		   		
9695   			9.70   		   		
9701   			8.66   		   		
9707   			8.03   		   		
9712   			9.70   		   		
9718   			8.78   		   		
9724   			9.14   		   		
9730   			9.94   		   		
9735   			8.56   		   		
9741   			10.05   		   		
9747   			9.65   		   		
9753   			9.08   		   		
9758   			10.34   		   		
9764   			8.33   		   		
9770   			6.90   		   		
9775   			7.47   		   		
9781   			8.01   		   		
9787   			9.16   		   		
9793   			9.44   		   		
9798   			9.27   		   		
9804   			9.79   		   		
9810   			9.22   		   		
9816   			9.39   		   		
9821   			9.10   		   		
9827   			9.85   		   		
9833   			9.10   		   		
9838   			9.08   		   		
9844   			8.97   		   		
9850   			9.25   		   		
9856   			9.37   		   		
9861   			8.85   		   		
9867   			9.75   		   		
9873   			9.06   		   		
9879   			8.84   		   		
9884   			9.58   		   		
9890   			9.64   		   		
9896   			9.60   		   		
9901   			8.79   		   		
9907   			8.85   		   		
9913   			8.91   		   		
9919   			9.37   		   		
9924   			9.73   		   		
9930   			9.27   		   		
9936   			9.56   		   		
9942   			8.64   		   		
9947   			8.41   		   		
9953   			9.02   		   		
9959   			9.54   		   		
9964   			8.68   		   		
9970   			9.83   		   		
9976   			8.97   		   		
9982   			9.50   		   		
9987   			8.93   		   		
9993   			9.50   		   		
9999   			8.81   		   		
10005   			8.24   		   		
10010   			8.60   		   		
10016   			8.43   		   		
10022   			7.57   		   		
10027   			8.08   		   		
10033   			8.71   		   		
10039   			8.78   		   		
10045   			8.89   		   		
10050   			8.43   		   		
10056   			9.81   		   		
10062   			9.64   		   		
10068   			9.14   		   		
10073   			9.14   		   		
10079   			9.02   		   		
10085   			8.97   		   		
10090   			9.02   		   		
10096   			9.22   		   		
10102   			9.50   		   		
10108   			8.64   		   		
10113   			9.04   		   		
10119   			9.33   		   		
10125   			9.10   		   		
10131   			9.27   		   		
10136   			9.33   		   		
10142   			9.16   		   		
10148   			9.56   		   		
10153   			10.19   		   		
10159   			9.16   		   		
10165   			8.87   		   		
10171   			8.64   		   		
10176   			8.99   		   		
10182   			8.47   		   		
10188   			9.33   		   		
10194   			8.81   		   		
10199   			9.33   		   		
10205   			9.04   		   		
10211   			9.79   		   		
10216   			9.50   		   		
10222   			9.22   		   		
10228   			9.22   		   		
10234   			9.90   		   		
10239   			9.81   		   		
10245   			9.64   		   		
10251   			9.41   		   		
10257   			8.72   		   		
10262   			9.70   		   		
10268   			9.27   		   		
10274   			9.44   		   		
10279   			9.44   		   		
10285   			9.10   		   		
10291   			8.93   		   		
10297   			9.19   		   		
10302   			8.85   		   		
10308   			9.71   		   		
10314   			8.97   		   		
10320   			9.54   		   		
10325   			9.10   		   		
10331   			8.07   		   		
10337   			8.07   		   		
10342   			8.41   		   		
10348   			8.87   		   		
10354   			8.99   		   		
10360   			8.47   		   		
10365   			8.58   		   		
10371   			8.30   		   		
10377   			8.87   		   		
10383   			8.10   		   		
10388   			8.45   		   		
10394   			8.91   		   		
10400   			8.28   		   		
10405   			8.45   		   		
10411   			8.85   		   		
10417   			7.88   		   		
10423   			8.51   		   		
10428   			7.88   		   		
10434   			7.59   		   		
10440   			7.78   		   		
10446   			8.53   		   		
10451   			8.13   		   		
10457   			8.13   		   		
10463   			8.70   		   		
10468   			8.72   		   		
10474   			8.72   		   		
10480   			8.95   		   		
10486   			8.66   		   		
10491   			9.24   		   		
10497   			8.72   		   		
10503   			9.29   		   		
10509   			9.01   		   		
10514   			8.03   		   		
10520   			8.38   		   		
10526   			9.19   		   		
10531   			9.14   		   		
10537   			9.83   		   		
10543   			9.54   		   		
10549   			9.60   		   		
10554   			9.22   		   		
10560   			8.41   		   		
10566   			8.41   		   		
10572   			8.07   		   		
10577   			8.93   		   		
10583   			8.81   		   		
10589   			8.53   		   		
10594   			8.99   		   		
10600   			8.81   		   		
10606   			10.08   		   		
10612   			8.89   		   		
10617   			9.46   		   		
10623   			9.86   		   		
10629   			9.86   		   		
10635   			9.23   		   		
10640   			9.50   		   		
10646   			9.56   		   		
10652   			9.33   		   		
10657   			9.16   		   		
10663   			9.90   		   		
10669   			9.85   		   		
10675   			10.76   		   		
10680   			9.85   		   		
10686   			9.50   		   		
10692   			7.90   		   		
10697   			9.67   		   		
10703   			9.10   		   		
10709   			9.90   		   		
10715   			9.67   		   		
10720   			8.93   		   		
10726   			8.76   		   		
10732   			9.04   		   		
10738   			9.16   		   		
10743   			10.42   		   		
10749   			8.76   		   		
10755   			6.96   		   		
10760   			9.83   		   		
10766   			9.65   		   		
10772   			9.83   		   		
10778   			9.37   		   		
10783   			9.73   		   		
10789   			9.79   		   		
10795   			10.02   		   		
10801   			9.16   		   		
10806   			9.33   		   		
10812   			9.35   		   		
10818   			9.18   		   		
10823   			9.41   		   		
10829   			9.24   		   		
10835   			8.95   		   		
10841   			9.14   		   		
10846   			9.37   		   		
10852   			8.97   		   		
10858   			9.08   		   		
10864   			9.65   		   		
10869   			9.27   		   		
10875   			9.62   		   		
10881   			8.87   		   		
10886   			9.67   		   		
10892   			8.93   		   		
10898   			8.56   		   		
10904   			8.97   		   		
10909   			9.54   		   		
10915   			9.37   		   		
10921   			8.62   		   		
10927   			8.45   		   		
10932   			8.45   		   		
10938   			8.79   		   		
10944   			8.97   		   		
10949   			9.88   		   		
10955   			9.42   		   		
10961   			9.60   		   		
10967   			9.77   		   		
10972   			9.37   		   		
10978   			8.79   		   		
10984   			9.10   		   		
10990   			8.58   		   		
10995   			9.62   		   		
11001   			9.22   		   		
11007   			9.04   		   		
11012   			8.81   		   		
11018   			10.02   		   		
11024   			9.16   		   		
11030   			9.22   		   		
11035   			9.50   		   		
11041   			8.99   		   		
11047   			9.33   		   		
11053   			9.16   		   		
11058   			9.22   		   		
11064   			9.67   		   		
11070   			9.37   		   		
11075   			7.47   		   		
11081   			8.39   		   		
11087   			8.45   		   		
11093   			9.37   		   		
11098   			9.04   		   		
11104   			9.90   		   		
11110   			8.76   		   		
11115   			9.44   		   		
11121   			9.27   		   		
11127   			9.52   		   		
11133   			9.24   		   		
11138   			9.70   		   		
11144   			9.29   		   		
11150   			9.12   		   		
11156   			9.71   		   		
11161   			9.37   		   		
11167   			9.77   		   		
11173   			8.51   		   		
11178   			9.60   		   		
11184   			9.19   		   		
11190   			9.08   		   		
11196   			7.99   		   		
11201   			8.39   		   		
11207   			8.45   		   		
11213   			9.22   		   		
11219   			9.44   		   		
11224   			10.02   		   		
11230   			9.16   		   		
11236   			9.10   		   		
11241   			8.68   		   		
11247   			9.37   		   		
11253   			10.05   		   		
11259   			9.83   		   		
11264   			10.34   		   		
11270   			9.50   		   		
11276   			9.90   		   		
11282   			9.79   		   		
11287   			9.85   		   		
11293   			9.50   		   		
11299   			10.63   		   		
11304   			9.48   		   		
11310   			9.31   		   		
11316   			9.19   		   		
11322   			8.68   		   		
11327   			8.79   		   		
11333   			8.79   		   		
11339   			9.65   		   		
11345   			9.83   		   		
11350   			9.88   		   		
11356   			9.79   		   		
11362   			9.27   		   		
11367   			8.58   		   		
11373   			9.04   		   		
11379   			8.87   		   		
11385   			9.22   		   		
11390   			8.99   		   		
11396   			9.44   		   		
11402   			8.87   		   		
11408   			9.67   		   		
11413   			9.16   		   		
11419   			9.10   		   		
11425   			9.44   		   		
11430   			9.27   		   		
11436   			9.44   		   		
11442   			9.39   		   		
11448   			10.30   		   		
11453   			9.33   		   		
11459   			9.16   		   		
11465   			8.87   		   		
11471   			9.41   		   		
11476   			10.84   		   		
11482   			10.15   		   		
11488   			9.35   		   		
11493   			9.41   		   		
11499   			9.85   		   		
11505   			9.62   		   		
11511   			10.13   		   		
11516   			7.72   		   		
11522   			8.81   		   		
11528   			9.77   		   		
11534   			9.42   		   		
11539   			9.83   		   		
11545   			8.79   		   		
11551   			8.33   		   		
11556   			8.36   		   		
11562   			8.24   		   		
11568   			9.79   		   		
11574   			9.33   		   		
11579   			9.44   		   		
11585   			9.62   		   		
11591   			10.93   		   		
11597   			9.67   		   		
11602   			9.90   		   		
11608   			10.36   		   		
11614   			9.80   		   		
11619   			9.29   		   		
11625   			9.57   		   		
11631   			8.60   		   		
11637   			9.12   		   		
11642   			9.25   		   		
11648   			9.48   		   		
11654   			6.44   		   		
11659   			9.54   		   		
11665   			8.91   		   		
11671   			9.37   		   		
11677   			8.68   		   		
11682   			8.39   		   		
11688   			9.02   		   		
11694   			9.60   		   		
11700   			8.84   		   		
11705   			8.89   		   		
11711   			9.06   		   		
11717   			7.97   		   		
11722   			10.21   		   		
11728   			10.57   		   		
11734   			10.51   		   		
11740   			10.34   		   		
11745   			10.40   		   		
11751   			10.34   		   		
11757   			9.08   		   		
11763   			10.00   		   		
11768   			9.77   		   		
11774   			8.91   		   		
11780   			9.65   		   		
11785   			9.16   		   		
11791   			9.44   		   		
11797   			9.96   		   		
11803   			9.50   		   		
11808   			8.93   		   		
11814   			10.42   		   		
11820   			9.79   		   		
11826   			9.22   		   		
11831   			9.79   		   		
11837   			9.39   		   		
11843   			9.73   		   		
11848   			9.39   		   		
11854   			9.62   		   		
11860   			9.56   		   		
11866   			10.13   		   		
11871   			10.74   		   		
11877   			10.28   		   		
11883   			9.54   		   		
11889   			8.91   		   		
11894   			9.77   		   		
11900   			9.83   		   		
11906   			10.05   		   		
11911   			9.88   		   		
11917   			9.94   		   		
11923   			9.54   		   		
11929   			10.84   		   		
11934   			9.64   		   		
11940   			9.70   		   		
11946   			9.24   		   		
11952   			9.58   		   		
11957   			9.39   		   		
11963   			9.50   		   		
11969   			9.39   		   		
11974   			9.56   		   		
11980   			9.44   		   		
11986   			8.93   		   		
11992   			9.62   		   		
11997   			9.56   		   		
12003   			9.62   		   		
12009   			9.04   		   		
12015   			9.85   		   		
12020   			11.05   		   		
12026   			10.08   		   		
12032   			10.48   		   		
12037   			9.90   		   		
12043   			10.36   		   		
12049   			9.96   		   		
12055   			9.39   		   		
12060   			9.50   		   		
12066   			9.67   		   		
12072   			8.01   		   		
12077   			9.90   		   		
12083   			9.04   		   		
12089   			8.70   		   		
12095   			9.73   		   		
12100   			9.67   		   		
12106   			8.87   		   		
12112   			9.33   		   		
12118   			9.39   		   		
12123   			9.85   		   		
12129   			8.99   		   		
12135   			8.18   		   		
12140   			10.25   		   		
12146   			9.73   		   		
12152   			9.73   		   		
12158   			10.25   		   		
12163   			9.62   		   		
12169   			9.62   		   		
12175   			9.27   		   		
12181   			10.08   		   		
12186   			9.71   		   		
12192   			9.14   		   		
12198   			9.88   		   		
12203   			9.19   		   		
12209   			9.88   		   		
12215   			9.90   		   		
12221   			8.93   		   		
12226   			9.56   		   		
12232   			9.79   		   		
12238   			9.33   		   		
12244   			9.75   		   		
12249   			9.64   		   		
12255   			9.18   		   		
12261   			9.87   		   		
12266   			9.01   		   		
12272   			9.10   		   		
12278   			8.36   		   		
12284   			8.47   		   		
12289   			8.99   		   		
12295   			8.58   		   		
12301   			9.79   		   		
12307   			9.22   		   		
12312   			9.33   		   		
12318   			9.10   		   		
12324   			10.53   		   		
12329   			9.73   		   		
12335   			9.44   		   		
12341   			8.70   		   		
12347   			9.62   		   		
12352   			9.39   		   		
12358   			8.81   		   		
12364   			9.96   		   		
12370   			10.30   		   		
12375   			9.96   		   		
12381   			8.41   		   		
12387   			8.47   		   		
12392   			8.76   		   		
12398   			9.56   		   		
12404   			9.62   		   		
12410   			9.04   		   		
12415   			8.68   		   		
12421   			8.68   		   		
12427   			9.37   		   		
12433   			9.65   		   		
12438   			9.25   		   		
12444   			9.77   		   		
12450   			9.02   		   		
12455   			9.25   		   		
12461   			9.02   		   		
12467   			8.74   		   		
12473   			8.66   		   		
12478   			9.12   		   		
12484   			9.06   		   		
12490   			8.89   		   		
12496   			8.38   		   		
12501   			9.52   		   		
12507   			9.47   		   		
12513   			9.24   		   		
12518   			10.44   		   		
12524   			9.87   		   		
12530   			10.02   		   		
12536   			9.50   		   		
12541   			8.76   		   		
12547   			8.53   		   		
12553   			9.10   		   		
12559   			8.39   		   		
12564   			8.28   		   		
12570   			8.74   		   		
12576   			8.62   		   		
12581   			8.62   		   		
12587   			9.02   		   		
12593   			9.14   		   		
12599   			9.42   		   		
12604   			9.83   		   		
12610   			9.14   		   		
12616   			8.87   		   		
12622   			9.50   		   		
12627   			9.56   		   		
12633   			8.99   		   		
12639   			9.22   		   		
12644   			9.44   		   		
12650   			8.81   		   		
12656   			8.87   		   		
12662   			8.81   		   		
12667   			8.64   		   		
12673   			8.24   		   		
12679   			9.39   		   		
12685   			10.25   		   		
12690   			9.04   		   		
12696   			9.39   		   		
12702   			9.08   		   		
12707   			9.54   		   		
12713   			9.54   		   		
12719   			9.25   		   		
12725   			10.17   		   		
12730   			9.94   		   		
12736   			9.77   		   		
12742   			9.14   		   		
12748   			8.74   		   		
12753   			8.74   		   		
12759   			9.37   		   		
12765   			8.91   		   		
12770   			9.48   		   		
12776   			9.42   		   		
12782   			10.00   		   		
12788   			9.65   		   		
12793   			9.48   		   		
12799   			8.91   		   		
12805   			9.02   		   		
12811   			8.62   		   		
12816   			8.47   		   		
12822   			9.04   		   		
12828   			8.41   		   		
12833   			8.47   		   		
12839   			8.24   		   		
12845   			8.56   		   		
12851   			9.19   		   		
12856   			8.22   		   		
12862   			8.22   		   		
12868   			8.62   		   		
12873   			8.89   		   		
12879   			8.03   		   		
12885   			8.94   		   		
12891   			8.08   		   		
12896   			8.71   		   		
12902   			8.84   		   		
12908   			8.49   		   		
12914   			8.78   		   		
12919   			8.78   		   		
12925   			8.84   		   		
12931   			6.80   		   		
12936   			8.76   		   		
12942   			8.18   		   		
12948   			8.53   		   		
12954   			8.70   		   		
12959   			8.62   		   		
12965   			9.94   		   		
12971   			8.79   		   		
12977   			10.00   		   		
12982   			8.79   		   		
12988   			8.93   		   		
12994   			6.80   		   		
12999   			8.58   		   		
13005   			8.81   		   		
13011   			8.36   		   		
13017   			9.01   		   		
13022   			9.35   		   		
13028   			8.38   		   		
13034   			8.61   		   		
13040   			8.38   		   		
13045   			8.41   		   		
13051   			9.04   		   		
13057   			7.67   		   		
13062   			9.50   		   		
13068   			9.44   		   		
13074   			8.56   		   		
13080   			9.37   		   		
13085   			8.51   		   		
13091   			8.85   		   		
13097   			9.37   		   		
13103   			8.76   		   		
13108   			9.56   		   		
13114   			8.76   		   		
13120   			7.32   		   		
13125   			8.99   		   		
13131   			9.37   		   		
13137   			9.42   		   		
13143   			9.19   		   		
13148   			8.79   		   		
13154   			9.71   		   		
13160   			8.86   		   		
13166   			8.91   		   		
13171   			8.17   		   		
13177   			8.28   		   		
13183   			8.17   		   		
13188   			8.56   		   		
13194   			7.99   		   		
13200   			8.74   		   		
13206   			9.02   		   		
13211   			8.62   		   		
13217   			7.84   		   		
13223   			8.13   		   		
13229   			8.58   		   		
13234   			9.04   		   		
13240   			9.56   		   		
13246   			8.93   		   		
13251   			8.41   		   		
13257   			8.76   		   		
13263   			8.70   		   		
13269   			8.13   		   		
13274   			8.81   		   		
13280   			9.79   		   		
13286   			9.67   		   		
13292   			8.24   		   		
13297   			9.33   		   		
13303   			8.95   		   		
13309   			8.38   		   		
13314   			8.95   		   		
13320   			8.26   		   		
13326   			9.47   		   		
13332   			9.33   		   		
13337   			9.39   		   		
13343   			9.16   		   		
13349   			10.13   		   		
13355   			9.33   		   		
13360   			9.25   		   		
13366   			9.02   		   		
13372   			9.08   		   		
13377   			9.08   		   		
13383   			9.71   		   		
13389   			8.62   		   		
13395   			9.31   		   		
13400   			9.02   		   		
13406   			7.88   		   		
13412   			7.76   		   		
13418   			9.10   		   		
13423   			8.13   		   		
13429   			8.70   		   		
13435   			8.18   		   		
13440   			9.27   		   		
13446   			9.39   		   		
13452   			9.73   		   		
13458   			9.44   		   		
13463   			8.70   		   		
13469   			8.41   		   		
13475   			9.22   		   		
13481   			8.58   		   		
13486   			8.07   		   		
13492   			8.47   		   		
13498   			9.27   		   		
13503   			9.08   		   		
13509   			9.60   		   		
13515   			8.91   		   		
13521   			9.65   		   		
13526   			9.19   		   		
13532   			8.89   		   		
13538   			8.55   		   		
13544   			9.47   		   		
13549   			9.24   		   		
13555   			8.38   		   		
13561   			8.95   		   		
13566   			9.35   		   		
13572   			9.29   		   		
13578   			10.38   		   		
13584   			9.75   		   		
13589   			9.60   		   		
13595   			9.77   		   		
13601   			9.19   		   		
13607   			9.14   		   		
13612   			9.42   		   		
13618   			9.24   		   		
13624   			10.21   		   		
13629   			9.52   		   		
13635   			10.21   		   		
13641   			9.81   		   		
13647   			10.02   		   		
13652   			10.36   		   		
13658   			9.56   		   		
13664   			10.02   		   		
13669   			8.81   		   		
13675   			9.14   		   		
13681   			8.97   		   		
13687   			10.57   		   		
13692   			9.71   		   		
13698   			9.54   		   		
13704   			8.89   		   		
13710   			9.29   		   		
13715   			9.29   		   		
13721   			10.04   		   		
13727   			8.20   		   		
13732   			9.77   		   		
13738   			9.71   		   		
13744   			8.91   		   		
13750   			9.54   		   		
13755   			9.48   		   		
13761   			9.48   		   		
13767   			9.54   		   		
13773   			8.62   		   		
13778   			9.08   		   		
13784   			9.48   		   		
13790   			7.26   		   		
13795   			9.22   		   		
13801   			9.50   		   		
13807   			9.16   		   		
13813   			8.64   		   		
13818   			9.16   		   		
13824   			9.62   		   		
13830   			9.39   		   		
13836   			8.93   		   		
13841   			9.67   		   		
13847   			9.52   		   		
13853   			7.17   		   		
13858   			8.61   		   		
13864   			8.20   		   		
13870   			9.47   		   		
13876   			9.39   		   		
13881   			9.10   		   		
13887   			9.33   		   		
13893   			9.27   		   		
13899   			8.81   		   		
13904   			8.99   		   		
13910   			9.16   		   		
13916   			7.44   		   		
13921   			9.27   		   		
13927   			9.39   		   		
13933   			9.52   		   		
13939   			9.47   		   		
13944   			9.75   		   		
13950   			9.87   		   		
13956   			9.29   		   		
13962   			9.83   		   		
13967   			10.05   		   		
13973   			9.88   		   		
13979   			9.42   		   		
13984   			9.83   		   		
13990   			9.42   		   		
13996   			9.54   		   		
14002   			9.48   		   		
14007   			8.91   		   		
14013   			9.77   		   		
14019   			9.08   		   		
14025   			9.08   		   		
14030   			9.25   		   		
14036   			9.48   		   		
14042   			9.88   		   		
14047   			10.10   		   		
14053   			9.81   		   		
14059   			9.98   		   		
14065   			8.72   		   		
14070   			8.38   		   		
14076   			9.16   		   		
14082   			9.62   		   		
14088   			9.50   		   		
14093   			8.47   		   		
14099   			9.90   		   		
14105   			8.97   		   		
14110   			8.97   		   		
14116   			9.54   		   		
14122   			9.71   		   		
14128   			9.19   		   		
14133   			9.81   		   		
14139   			9.24   		   		
14145   			9.52   		   		
14151   			9.12   		   		
14156   			9.01   		   		
14162   			8.99   		   		
14168   			7.61   		   		
14173   			7.78   		   		
14179   			7.95   		   		
14185   			8.53   		   		
14191   			8.76   		   		
14196   			8.87   		   		
14202   			8.64   		   		
14208   			8.24   		   		
14214   			8.87   		   		
14219   			8.51   		   		
14225   			8.05   		   		
14231   			8.51   		   		
14236   			8.11   		   		
14242   			8.63   		   		
14248   			7.61   		   		
14254   			8.58   		   		
14259   			8.18   		   		
14265   			9.39   		   		
14271   			9.33   		   		
14277   			9.56   		   		
14282   			9.50   		   		
14288   			8.70   		   		
14294   			8.64   		   		
14299   			9.22   		   		
14305   			9.24   		   		
14311   			9.87   		   		
14317   			9.18   		   		
14322   			8.61   		   		
14328   			8.72   		   		
14334   			9.04   		   		
14340   			7.90   		   		
14345   			8.07   		   		
14351   			8.01   		   		
14357   			8.64   		   		
14362   			8.28   		   		
14368   			8.74   		   		
14374   			8.33   		   		
14380   			8.51   		   		
14385   			8.74   		   		
14391   			8.97   		   		
14397   			8.22   		   		
14403   			8.74   		   		
14408   			9.08   		   		
14414   			8.62   		   		
14420   			7.93   		   		
14425   			8.39   		   		
14431   			8.62   		   		
14437   			9.02   		   		
14443   			8.51   		   		
14448   			7.99   		   		
14454   			9.14   		   		
14460   			9.31   		   		
14466   			8.91   		   		
14471   			8.68   		   		
14477   			8.58   		   		
14483   			7.72   		   		
14488   			8.01   		   		
14494   			7.84   		   		
14500   			7.95   		   		
14506   			8.56   		   		
14511   			7.59   		   		
14517   			7.30   		   		
14523   			6.32   		   		
14528   			7.88   		   		
14534   			8.68   		   		
14540   			7.82   		   		
14546   			7.93   		   		
14551   			7.88   		   		
14557   			7.99   		   		
14563   			8.38   		   		
14569   			8.84   		   		
14574   			7.63   		   		
14580   			8.38   		   		
14586   			5.91   		   		
14591   			9.10   		   		
14597   			8.76   		   		
14603   			9.04   		   		
14609   			8.36   		   		
14614   			7.95   		   		
14620   			8.72   		   		
14626   			8.84   		   		
14632   			8.72   		   		
14637   			9.12   		   		
14643   			8.55   		   		
14649   			6.78   		   		
14654   			8.51   		   		
14660   			8.91   		   		
14666   			8.91   		   		
14672   			8.51   		   		
14677   			10.17   		   		
14683   			7.76   		   		
14689   			7.93   		   		
14695   			8.97   		   		
14700   			8.45   		   		
14706   			8.22   		   		
14712   			6.73   		   		
14717   			8.74   		   		
14723   			8.62   		   		
14729   			8.10   		   		
14735   			8.49   		   		
14740   			8.78   		   		
14746   			8.89   		   		
14752   			7.86   		   		
14758   			7.74   		   		
14763   			8.41   		   		
14769   			8.01   		   		
14775   			5.83   		   		
14780   			8.53   		   		
14786   			8.58   		   		
14792   			8.51   		   		
14798   			8.45   		   		
14803   			8.51   		   		
14809   			7.88   		   		
14815   			8.91   		   		
14821   			8.58   		   		
14826   			9.73   		   		
14832   			8.53   		   		
14838   			6.69   		   		
14843   			8.30   		   		
14849   			8.36   		   		
14855   			8.18   		   		
14861   			8.41   		   		
14866   			8.81   		   		
14872   			8.93   		   		
14878   			8.87   		   		
14884   			8.13   		   		
14889   			8.70   		   		
14895   			8.47   		   		
14901   			7.95   		   		
14906   			9.04   		   		
14912   			9.16   		   		
14918   			7.95   		   		
14924   			9.22   		   		
14929   			8.81   		   		
14935   			9.48   		   		
14941   			9.19   		   		
14947   			9.88   		   		
14952   			9.60   		   		
14958   			9.25   		   		
14964   			6.94   		   		
14969   			9.70   		   		
14975   			9.92   		   		
14981   			10.21   		   		
14987   			9.12   		   		
14992   			8.33   		   		
14998   			9.37   		   		
15004   			8.33   		   		
15010   			8.22   		   		
15015   			8.28   		   		
15021   			8.38   		   		
15027   			8.26   		   		
15033   			8.26   		   		
15038   			8.61   		   		
15044   			9.12   		   		
15050   			8.76   		   		
15055   			8.81   		   		
15061   			8.81   		   		
15067   			8.93   		   		
15073   			9.79   		   		
15078   			9.37   		   		
15084   			9.71   		   		
15090   			9.42   		   		
15096   			9.25   		   		
15101   			8.74   		   		
15107   			8.79   		   		
15113   			9.08   		   		
15118   			9.88   		   		
15124   			9.48   		   		
15130   			9.31   		   		
15136   			8.53   		   		
15141   			9.16   		   		
15147   			9.67   		   		
15153   			7.38   		   		
15158   			10.19   		   		
15164   			9.48   		   		
15170   			9.08   		   		
15176   			9.14   		   		
15181   			9.37   		   		
15187   			9.94   		   		
15193   			8.85   		   		
15199   			8.68   		   		
15204   			8.33   		   		
15210   			8.05   		   		
15216   			7.30   		   		
15221   			8.01   		   		
15227   			7.67   		   		
15233   			7.84   		   		
15239   			8.41   		   		
15244   			8.18   		   		
15250   			8.45   		   		
15256   			9.60   		   		
15262   			9.19   		   		
15267   			9.02   		   		
15273   			9.48   		   		
15279   			7.40   		   		
15284   			8.66   		   		
15290   			9.12   		   		
15296   			8.72   		   		
15302   			9.01   		   		
15307   			9.19   		   		
15313   			8.85   		   		
15319   			9.54   		   		
15325   			9.65   		   		
15330   			9.19   		   		
15336   			9.24   		   		
15342   			9.75   		   		
15347   			9.41   		   		
15353   			9.98   		   		
15359   			9.70   		   		
15365   			9.50   		   		
15370   			9.44   		   		
15376   			10.42   		   		
15382   			9.27   		   		
15388   			9.39   		   		
15393   			10.53   		   		
15399   			10.30   		   		
15405   			9.79   		   		
15410   			10.02   		   		
15416   			9.56   		   		
15422   			8.91   		   		
15428   			8.68   		   		
15433   			8.74   		   		
15439   			8.79   		   		
15445   			8.74   		   		
15451   			8.13   		   		
15456   			8.18   		   		
15462   			7.95   		   		
15468   			8.64   		   		
15473   			8.47   		   		
15479   			8.72   		   		
15485   			8.55   		   		
15491   			9.24   		   		
15496   			8.55   		   		
15502   			8.15   		   		
15508   			9.27   		   		
15514   			8.41   		   		
15519   			8.47   		   		
15525   			7.84   		   		
15531   			8.13   		   		
15536   			9.37   		   		
15542   			9.25   		   		
15548   			9.54   		   		
15554   			8.74   		   		
15559   			9.02   		   		
15565   			8.20   		   		
15571   			8.89   		   		
15577   			9.41   		   		
15582   			9.24   		   		
15588   			7.97   		   		
15594   			8.41   		   		
15599   			9.16   		   		
15605   			8.87   		   		
15611   			8.81   		   		
15617   			8.53   		   		
15622   			9.16   		   		
15628   			8.58   		   		
15634   			8.36   		   		
15640   			7.78   		   		
15645   			8.01   		   		
15651   			8.99   		   		
15657   			7.61   		   		
15662   			7.72   		   		
15668   			7.67   		   		
15674   			7.21   		   		
15680   			7.38   		   		
15685   			7.15   		   		
15691   			7.21   		   		
15697   			8.01   		   		
15703   			6.92   		   		
15708   			7.03   		   		
15714   			6.34   		   		
15720   			6.52   		   		
15725   			6.11   		   		
15731   			6.17   		   		
15737   			5.60   		   		
15743   			6.23   		   		
15748   			5.48   		   		
15754   			6.29   		   		
15760   			5.14   		   		
15766   			4.65   		   		
15771   			6.15   		   		
15777   			4.48   		   		
15783   			4.88   		   		
15788   			4.60   		   		
15794   			4.44   		   		
15800   			4.21   		   		
15806   			4.04   		   		
15811   			4.27   		   		
15817   			4.91   		   		
15823   			4.87   		   		
15829   			3.43   		   		
15834   			4.47   		   		
15840   			3.77   		   		
15846   			4.75   		   		
15851   			4.37   		   		
15857   			4.88   		   		
15863   			3.44   		   		
15869   			3.04   		   		
15874   			3.62   		   		
15880   			3.35   		   		
15886   			3.87   		   		
15892   			2.83   		   		
15897   			4.44   		   		
15903   			3.58   		   		
15909   			2.56   		   		
15914   			2.74   		   		
15920   			2.79   		   		
15926   			3.20   		   		
15932   			3.54   		   		
15937   			3.50   		   		
15943   			4.02   		   		
15949   			3.85   		   		
15955   			3.16   		   		
15960   			3.91   		   		
15966   			3.58   		   		
15972   			3.46   		   		
15977   			3.52   		   		
15983   			2.66   		   		
15989   			2.14   		   		
15995   			1.96   		   		
16000   			1.67   		   		
16006   			1.79   		   		
16012   			1.62   		   		
16018   			1.73   		   		
16023   			2.02   		   		
16029   			0.98   		   		
16035   			1.67   		   		
16040   			1.15   		   		
16046   			1.50   		   		
16052   			1.42   		   		
16058   			1.36   		   		
16063   			2.29   		   		
16069   			1.60   		   		
16075   			2.46   		   		
16081   			1.77   		   		
16086   			1.77   		   		
16092   			1.08   		   		
16098   			2.06   		   		
16103   			1.08   		   		
16109   			1.71   		   		
16115   			1.60   		   		
16121   			1.31   		   		
16126   			1.48   		   		
16132   			1.42   		   		
16138   			0.15   		   		
16143   			1.48   		   		
16149   			1.48   		   		
16155   			1.71   		   		
16161   			0.96   		   		
16166   			0.50   		   		
16172   			0.84   		   		
16178   			1.08   		   		
16184   			1.83   		   		
16189   			1.02   		   		
16195   			0.79   		   		
16201   			-0.14   		   		
16206   			0.56   		   		
16212   			0.85   		   		
16218   			0.85   		   		
16224   			1.50   		   		
16229   			1.96   		   		
16235   			1.50   		   		
16241   			1.04   		   		
16247   			1.21   		   		
16252   			0.92   		   		
16258   			0.75   		   		
16264   			-0.53   		   		
16269   			0.75   		   		
16275   			0.86   		   		
16281   			0.81   		   		
16287   			0.58   		   		
16292   			1.33   		   		
16298   			1.62   		   		
16304   			0.92   		   		
16310   			1.21   		   		
16315   			0.81   		   		
16321   			0.23   		   		
16327   			-0.93   		   		
16332   			1.44   		   		
16338   			0.65   		   		
16344   			0.25   		   		
16350   			0.77   		   		
16355   			0.08   		   		
16361   			0.54   		   		
16367   			-0.62   		   		
16373   			-0.74   		   		
16378   			-1.14   		   		
16384   			-0.45   		   		
16390   			-2.07   		   		
16395   			0.00   		   		
16401   			0.34   		   		
16407   			0.23   		   		
16413   			0.11   		   		
16418   			0.81   		   		
16424   			0.11   		   		
16430   			1.15   		   		
16436   			-0.70   		   		
16441   			-0.06   		   		
16447   			-0.58   		   		
16453   			-0.29   		   		
16458   			0.46   		   		
16464   			0.81   		   		
16470   			0.29   		   		
16476   			0.34   		   		
16481   			0.32   		   		
16487   			1.31   		   		
16493   			0.55   		   		
16499   			0.79   		   		
16504   			0.79   		   		
16510   			-0.10   		   		
16516   			-0.62   		   		
16521   			-0.27   		   		
16527   			-0.33   		   		
16533   			-0.56   		   		
16539   			-0.70   		   		
16544   			-0.12   		   		
16550   			-1.10   		   		
16556   			-0.06   		   		
16562   			-0.18   		   		
16567   			0.73   		   		
16573   			0.21   		   		
16579   			0.55   		   		
16584   			-0.72   		   		
16590   			-0.26   		   		
16596   			0.05   		   		
16602   			-0.41   		   		
16607   			0.05   		   		
16613   			-0.70   		   		
16619   			-0.81   		   		
16625   			-0.68   		   		
16630   			-0.56   		   		
16636   			-1.14   		   		
16642   			-0.91   		   		
16647   			-0.50   		   		
16653   			-0.29   		   		
16659   			-0.24   		   		
16665   			-0.81   		   		
16670   			-0.70   		   		
16676   			-0.70   		   		
16682   			-0.14   		   		
16688   			-1.07   		   		
16693   			-1.42   		   		
16699   			-0.66   		   		
16705   			-0.49   		   		
16710   			-0.91   		   		
16716   			-0.10   		   		
16722   			0.01   		   		
16728   			-0.86   		   		
16733   			-0.63   		   		
16739   			-0.70   		   		
16745   			-1.22   		   		
16751   			-0.99   		   		
16756   			-0.47   		   		
16762   			-1.28   		   		
16768   			-1.51   		   		
16773   			-0.87   		   		
16779   			-1.28   		   		
16785   			-1.39   		   		
16791   			0.11   		   		
16796   			-0.68   		   		
16802   			-1.08   		   		
16808   			0.13   		   		
16814   			-0.56   		   		
16819   			0.02   		   		
16825   			-0.66   		   		
16831   			-0.02   		   		
16836   			-0.08   		   		
16842   			-0.08   		   		
16848   			0.03   		   		
16854   			0.00   		   		
16859   			-0.24   		   		
16865   			-0.41   		   		
16871   			-0.99   		   		
16877   			-0.29   		   		
16882   			-0.06   		   		
16888   			0.11   		   		
16894   			-0.24   		   		
16899   			-0.18   		   		
16905   			0.63   		   		
16911   			-0.81   		   		
16917   			-0.64   		   		
16922   			-1.63   		   		
16928   			-1.34   		   		
16934   			-1.68   		   		
16940   			-0.47   		   		
16945   			-0.64   		   		
16951   			-1.05   		   		
16957   			-0.41   		   		
16962   			-0.35   		   		
16968   			0.00   		   		
16974   			-0.29   		   		
16980   			-0.99   		   		
16985   			-0.76   		   		
16991   			-0.87   		   		
16997   			-0.29   		   		
17003   			-0.47   		   		
17008   			-0.81   		   		
17014   			-0.06   		   		
17020   			-0.70   		   		
17025   			-0.66   		   		
17031   			-0.37   		   		
17037   			-0.95   		   		
17043   			-1.24   		   		
17048   			-0.72   		   		
17054   			-0.33   		   		
17060   			-1.43   		   		
17066   			-0.74   		   		
17071   			-0.50   		   		
17077   			-0.85   		   		
17083   			-0.78   		   		
17088   			-0.02   		   		
17094   			-0.37   		   		
17100   			0.03   		   		
17106   			-0.08   		   		
17111   			0.61   		   		
17117   			0.44   		   		
17123   			-0.26   		   		
17129   			-0.14   		   		
17134   			-0.37   		   		
17140   			0.40   		   		
17146   			0.00   		   		
17151   			0.00   		   		
17157   			0.81   		   		
17163   			0.52   		   		
17169   			-0.55   		   		
17174   			-0.02   		   		
17180   			-0.72   		   		
17186   			0.61   		   		
17192   			-0.31   		   		
17197   			-1.28   		   		
17203   			-0.47   		   		
17209   			-1.05   		   		
17214   			-1.16   		   		
17220   			-0.35   		   		
17226   			-1.24   		   		
17232   			-0.31   		   		
17237   			-0.49   		   		
17243   			-0.84   		   		
17249   			-2.75   		   		
17254   			-0.24   		   		
17260   			0.17   		   		
17266   			0.23   		   		
17272   			-0.12   		   		
17277   			0.29   		   		
17283   			0.67   		   		
17289   			-0.26   		   		
17295   			-0.72   		   		
17300   			-0.37   		   		
17306   			-0.20   		   		
17312   			-1.42   		   		
17317   			-0.08   		   		
17323   			-0.43   		   		
17329   			-0.95   		   		
17335   			-0.72   		   		
17340   			-0.29   		   		
17346   			0.34   		   		
17352   			-0.99   		   		
17358   			-0.76   		   		
17363   			-0.99   		   		
17369   			-0.24   		   		
17375   			-2.32   		   		
17380   			-0.35   		   		
17386   			-0.76   		   		
17392   			-0.76   		   		
17398   			-0.76   		   		
17403   			-0.99   		   		
17409   			0.00   		   		
17415   			-0.41   		   		
17421   			-0.64   		   		
17426   			0.26   		   		
17432   			-0.95   		   		
17438   			-0.84   		   		
17443   			-0.78   		   		
17449   			-1.18   		   		
17455   			-0.49   		   		
17461   			-0.14   		   		
17466   			-0.49   		   		
17472   			-0.60   		   		
17478   			-0.49   		   		
17484   			-0.95   		   		
17489   			-1.01   		   		
17495   			-0.66   		   		
17501   			-0.55   		   		
17506   			-0.37   		   		
17512   			-0.91   		   		
17518   			-1.20   		   		
17524   			-0.68   		   		
17529   			-1.08   		   		
17535   			-0.68   		   		
17541   			-1.05   		   		
17547   			-0.35   		   		
17552   			-0.12   		   		
17558   			-0.29   		   		
17564   			-0.53   		   		
17569   			-0.55   		   		
17575   			-0.49   		   		
17581   			-1.18   		   		
17587   			-0.66   		   		
17592   			-0.26   		   		
17598   			0.29   		   		
17604   			-0.53   		   		
17610   			-0.53   		   		
17615   			-0.76   		   		
17621   			-0.29   		   		
17627   			-1.03   		   		
17632   			-0.10   		   		
17638   			-0.85   		   		
17644   			-0.91   		   		
17650   			-1.55   		   		
17655   			-1.26   		   		
17661   			-0.97   		   		
17667   			-0.56   		   		
17673   			-0.68   		   		
17678   			-0.91   		   		
17684   			-1.39   		   		
17690   			-1.28   		   		
17695   			-1.22   		   		
17701   			-0.70   		   		
17707   			-1.97   		   		
17713   			-1.80   		   		
17718   			-0.87   		   		
17724   			-0.76   		   		
17730   			-2.61   		   		
17735   			-0.76   		   		
17741   			-0.87   		   		
17747   			-1.16   		   		
17753   			-1.10   		   		
17758   			-1.05   		   		
17764   			-0.81   		   		
17770   			-0.12   		   		
17776   			-1.10   		   		
17781   			-1.10   		   		
17787   			-0.87   		   		
17793   			-2.15   		   		
17798   			-0.76   		   		
17804   			-0.76   		   		
17810   			-1.22   		   		
17816   			-1.34   		   		
17821   			-1.63   		   		
17827   			-0.89   		   		
17833   			-0.84   		   		
17839   			-0.78   		   		
17844   			-0.72   		   		
17850   			-0.89   		   		
17856   			-2.61   		   		
17861   			-0.58   		   		
17867   			-0.18   		   		
17873   			-1.22   		   		
17879   			-0.47   		   		
17884   			-0.93   		   		
17890   			-0.93   		   		
17896   			-0.47   		   		
17902   			-0.35   		   		
17907   			-1.10   		   		
17913   			-1.07   		   		
17919   			-1.13   		   		
17924   			-0.14   		   		
17930   			-1.42   		   		
17936   			-1.13   		   		
17942   			-1.07   		   		
17947   			-0.49   		   		
17953   			-0.37   		   		
17959   			-0.84   		   		
17965   			-1.07   		   		
17970   			-1.74   		   		
17976   			-0.99   		   		
17982   			-0.93   		   		
17987   			-0.81   		   		
17993   			-1.10   		   		
17999   			-1.10   		   		
18005   			-0.64   		   		
18010   			-0.24   		   		
18016   			-1.45   		   		
18022   			-1.45   		   		
18028   			-1.10   		   		
18033   			-1.39   		   		
18039   			-0.81   		   		
18045   			-0.24   		   		
18050   			-1.68   		   		
18056   			-0.64   		   		
18062   			-1.16   		   		
18068   			-0.76   		   		
18073   			-0.58   		   		
18079   			-1.05   		   		
18085   			-0.39   		   		
18091   			-1.08   		   		
18096   			-0.97   		   		
18102   			-1.20   		   		
18108   			-0.04   		   		
18113   			-0.12   		   		
18119   			-1.16   		   		
18125   			-0.12   		   		
18131   			-0.58   		   		
18136   			-0.35   		   		
18142   			-0.93   		   		
18148   			-0.99   		   		
18154   			-1.68   		   		
18159   			-0.87   		   		
18165   			-0.70   		   		
18171   			-0.72   		   		
18176   			-0.60   		   		
18182   			-0.55   		   		
18188   			0.15   		   		
18194   			-1.36   		   		
18199   			-1.10   		   		
18205   			-0.70   		   		
18211   			-1.16   		   		
18217   			-0.64   		   		
18222   			-0.58   		   		
18228   			-0.62   		   		
18234   			0.02   		   		
18239   			0.02   		   		
18245   			0.02   		   		
18251   			0.02   		   		
18257   			-0.20   		   		
18262   			0.03   		   		
18268   			-0.84   		   		
18274   			-0.66   		   		
18280   			-0.14   		   		
18285   			0.00   		   		
18291   			0.46   		   		
18297   			-0.06   		   		
18302   			-0.81   		   		
18308   			-0.18   		   		
18314   			-0.64   		   		
18320   			-1.34   		   		
18325   			-0.24   		   		
18331   			-0.70   		   		
18337   			0.00   		   		
18343   			-0.37   		   		
18348   			0.50   		   		
18354   			-0.89   		   		
18360   			-0.84   		   		
18365   			-0.31   		   		
18371   			-0.56   		   		
18377   			-0.79   		   		
18383   			-1.20   		   		
18388   			-0.68   		   		
18394   			-1.49   		   		
18400   			-0.81   		   		
18406   			-1.28   		   		
18411   			-0.93   		   		
18417   			-0.41   		   		
18423   			0.05   		   		
18428   			-0.10   		   		
18434   			-0.21   		   		
18440   			-0.16   		   		
18446   			-0.68   		   		
18451   			0.13   		   		
18457   			0.29   		   		
18463   			-0.53   		   		
18469   			-0.76   		   		
18474   			-0.24   		   		
18480   			-0.18   		   		
18486   			-0.81   		   		
18491   			-0.12   		   		
18497   			-0.87   		   		
18503   			-1.57   		   		
18509   			0.05   		   		
18514   			-0.81   		   		
18520   			-0.93   		   		
18526   			-0.64   		   		
18532   			-0.12   		   		
18537   			-0.12   		   		
18543   			-0.37   		   		
18549   			-0.26   		   		
18554   			-0.60   		   		
18560   			-0.66   		   		
18566   			-1.18   		   		
18572   			-0.87   		   		
18577   			-1.16   		   		
18583   			-0.53   		   		
18589   			-0.58   		   		
18595   			-0.18   		   		
18600   			-0.35   		   		
18606   			-0.47   		   		
18612   			-0.70   		   		
18617   			-0.58   		   		
18623   			-0.81   		   		
18629   			-0.47   		   		
18635   			-0.06   		   		
18640   			-0.70   		   		
18646   			-0.70   		   		
18652   			-0.93   		   		
18658   			-0.49   		   		
18663   			-0.37   		   		
18669   			-0.66   		   		
18675   			-0.72   		   		
18680   			-1.71   		   		
18686   			-1.16   		   		
18692   			-0.93   		   		
18698   			-1.16   		   		
18703   			0.05   		   		
18709   			-0.64   		   		
18715   			-0.41   		   		
18721   			0.52   		   		
18726   			-0.64   		   		
18732   			0.69   		   		
18738   			0.00   		   		
18743   			0.11   		   		
18749   			0.11   		   		
18755   			-0.87   		   		
18761   			0.40   		   		
18766   			-0.24   		   		
18772   			-0.33   		   		
18778   			-0.50   		   		
18784   			-0.79   		   		
18789   			-1.20   		   		
18795   			-1.08   		   		
18801   			-0.21   		   		
18806   			-0.16   		   		
18812   			0.60   		   		
18818   			0.36   		   		
18824   			-0.39   		   		
18829   			0.38   		   		
18835   			0.15   		   		
18841   			0.15   		   		
18847   			-0.02   		   		
18852   			-0.08   		   		
18858   			-0.84   		   		
18864   			-0.20   		   		
18869   			-0.26   		   		
18875   			-0.08   		   		
18881   			-0.60   		   		
18887   			-0.45   		   		
18892   			0.13   		   		
18898   			-0.28   		   		
18904   			0.42   		   		
18909   			-0.16   		   		
18915   			0.48   		   		
18921   			0.13   		   		
18927   			0.25   		   		
18932   			-0.21   		   		
18938   			-0.56   		   		
18944   			0.17   		   		
18950   			-0.64   		   		
18955   			-1.05   		   		
18961   			-0.64   		   		
18967   			-2.21   		   		
18972   			-0.70   		   		
18978   			-0.06   		   		
18984   			-0.47   		   		
18990   			-0.47   		   		
18995   			-1.05   		   		
19001   			-1.26   		   		
19007   			-0.04   		   		
19013   			-0.45   		   		
19018   			-0.16   		   		
19024   			-0.85   		   		
19030   			-1.82   		   		
19035   			-0.72   		   		
19041   			-1.30   		   		
19047   			-0.66   		   		
19053   			-0.89   		   		
19058   			-0.16   		   		
19064   			-0.56   		   		
19070   			-0.85   		   		
19076   			-0.50   		   		
19081   			-0.50   		   		
19087   			-0.35   		   		
19093   			-2.50   		   		
19098   			0.34   		   		
19104   			-0.24   		   		
19110   			-1.16   		   		
19116   			-0.72   		   		
19121   			-1.18   		   		
19127   			-0.89   		   		
19133   			-0.84   		   		
19139   			-0.49   		   		
19144   			-1.39   		   		
19150   			-0.18   		   		
19156   			-2.50   		   		
19161   			-0.93   		   		
19167   			-0.12   		   		
19173   			0.11   		   		
19179   			0.29   		   		
19184   			0.40   		   		
19190   			1.27   		   		
19196   			1.04   		   		
19202   			0.15   		   		
19207   			0.32   		   		
19213   			0.50   		   		
19219   			-1.59   		   		
19224   			-0.26   		   		
19230   			-0.41   		   		
19236   			-0.18   		   		
19242   			0.11   		   		
19247   			-0.64   		   		
19253   			-0.64   		   		
19259   			0.13   		   		
19265   			-0.27   		   		
19270   			0.19   		   		
19276   			-0.74   		   		
19282   			0.25   		   		
19287   			-0.87   		   		
19293   			0.63   		   		
19299   			-0.41   		   		
19305   			-0.35   		   		
19310   			0.17   		   		
19316   			0.69   		   		
19322   			0.63   		   		
19328   			0.86   		   		
19333   			0.69   		   		
19339   			-0.35   		   		
19345   			0.50   		   		
19350   			-0.43   		   		
19356   			-0.14   		   		
19362   			0.09   		   		
19368   			0.50   		   		
19373   			0.11   		   		
19379   			0.29   		   		
19385   			-0.12   		   		
19391   			-0.29   		   		
19396   			0.75   		   		
19402   			0.83   		   		
19408   			0.77   		   		
19413   			1.29   		   		
19419   			0.65   		   		
19425   			0.48   		   		
19431   			1.17   		   		
19436   			0.89   		   		
19442   			0.36   		   		
19448   			1.06   		   		
19454   			0.94   		   		
19459   			0.40   		   		
19465   			0.11   		   		
19471   			-0.06   		   		
19476   			-0.35   		   		
19482   			0.58   		   		
19488   			0.32   		   		
19494   			0.61   		   		
19499   			0.09   		   		
19505   			-0.55   		   		
19511   			0.38   		   		
19517   			0.83   		   		
19522   			0.31   		   		
19528   			0.60   		   		
19534   			-0.50   		   		
19539   			0.08   		   		
19545   			0.48   		   		
19551   			0.19   		   		
19557   			0.89   		   		
19562   			1.35   		   		
19568   			0.48   		   		
19574   			0.58   		   		
19580   			0.00   		   		
19585   			0.34   		   		
19591   			0.00   		   		
19597   			0.58   		   		
19602   			1.13   		   		
19608   			0.79   		   		
19614   			-0.02   		   		
19620   			-0.02   		   		
19625   			-0.72   		   		
19631   			0.19   		   		
19637   			-0.16   		   		
19643   			-0.56   		   		
19648   			-0.10   		   		
19654   			-0.62   		   		
19660   			-0.53   		   		
19665   			0.11   		   		
19671   			-0.87   		   		
19677   			-0.12   		   		
19683   			-0.64   		   		
19688   			-0.78   		   		
19694   			0.09   		   		
19700   			-0.66   		   		
19706   			-0.66   		   		
19711   			-0.95   		   		
19717   			-0.68   		   		
19723   			-0.10   		   		
19728   			-0.79   		   		
19734   			-0.74   		   		
19740   			-0.10   		   		
19746   			-0.64   		   		
19751   			-0.81   		   		
19757   			-0.93   		   		
19763   			-1.51   		   		
19769   			-0.53   		   		
19774   			-0.37   		   		
19780   			-0.84   		   		
19786   			-1.42   		   		
19791   			-1.47   		   		
19797   			-1.24   		   		
19803   			-1.13   		   		
19809   			-0.84   		   		
19814   			-0.78   		   		
19820   			-1.13   		   		
19826   			-0.78   		   		
19832   			-1.32   		   		
19837   			-0.85   		   		
19843   			-0.62   		   		
19849   			-0.74   		   		
19854   			-1.14   		   		
19860   			-0.84   		   		
19866   			-2.05   		   		
19872   			-0.66   		   		
19877   			-0.31   		   		
19883   			-0.89   		   		
19889   			-0.74   		   		
19895   			-0.16   		   		
19900   			-0.56   		   		
19906   			0.02   		   		
19912   			-0.21   		   		
19917   			-0.35   		   		
19923   			-0.87   		   		
19929   			-0.64   		   		
19935   			-0.93   		   		
19940   			-1.22   		   		
19946   			-1.34   		   		
19952   			-0.76   		   		
19958   			-0.47   		   		
19963   			-0.18   		   		
19969   			-0.47   		   		
19975   			-0.81   		   		
19980   			-0.87   		   		
19986   			-0.70   		   		
19992   			-0.70   		   		
19998   			-1.68   		   		
20003   			-1.26   		   		
20009   			-1.08   		   		
20015   			-0.79   		   		
20021   			-0.91   		   		
20026   			-0.39   		   		
20032   			0.00   		   		
20038   			-0.47   		   		
20043   			-0.47   		   		
20049   			0.23   		   		
20055   			0.11   		   		
20061   			-0.45   		   		
20066   			-0.91   		   		
20072   			-0.74   		   		
20078   			-0.33   		   		
20084   			-0.27   		   		
20089   			0.58   		   		
20095   			0.52   		   		
20101   			-0.35   		   		
20106   			-0.35   		   		
20112   			0.00   		   		
20118   			-0.97   		   		
20124   			-0.86   		   		
20129   			-1.38   		   		
20135   			-0.97   		   		
20141   			-1.09   		   		
20147   			-0.41   		   		
20152   			-0.41   		   		
20158   			-0.12   		   		
20164   			-1.28   		   		
20169   			-0.70   		   		
20175   			-0.29   		   		
20181   			-0.18   		   		
20187   			0.05   		   		
20192   			0.05   		   		
20198   			-0.41   		   		
20204   			-0.02   		   		
20210   			-0.14   		   		
20215   			-0.55   		   		
20221   			-0.43   		   		
20227   			-1.24   		   		
20232   			-0.49   		   		
20238   			-0.43   		   		
20244   			-0.78   		   		
20250   			-1.30   		   		
20255   			-1.47   		   		
20261   			-0.31   		   		
20267   			-0.08   		   		
20273   			-0.95   		   		
20278   			-0.66   		   		
20284   			-1.24   		   		
20290   			-0.35   		   		
20295   			-0.12   		   		
20301   			0.05   		   		
20307   			-0.06   		   		
20313   			-0.64   		   		
20318   			-0.35   		   		
20324   			-0.70   		   		
20330   			-0.35   		   		
20336   			-0.47   		   		
20341   			-0.93   		   		
20347   			0.17   		   		
20353   			0.17   		   		
20358   			0.46   		   		
20364   			0.40   		   		
20370   			-0.47   		   		
20376   			-0.76   		   		
20381   			0.52   		   		
20387   			-1.22   		   		
20393   			-1.51   		   		
20399   			-0.81   		   		
20404   			-0.97   		   		
20410   			-0.68   		   		
20416   			-0.16   		   		
20421   			-0.45   		   		
20427   			-0.62   		   		
20433   			-1.45   		   		
20439   			-1.45   		   		
20444   			-0.12   		   		
20450   			-0.18   		   		
20456   			-2.56   		   		
20461   			-1.32   		   		
20467   			-0.97   		   		
20473   			-0.45   		   		
20479   			-0.10   		   		
20484   			1.00   		   		
20490   			0.19   		   		
20496   			-1.03   		   		
20502   			0.89   		   		
20507   			0.13   		   		
20513   			-0.62   		   		
20519   			-2.13   		   		
20524   			-0.50   		   		
20530   			-0.91   		   		
20536   			0.13   		   		
20542   			-0.21   		   		
20547   			-0.12   		   		
20553   			-0.24   		   		
20559   			0.23   		   		
20565   			-1.34   		   		
20570   			-1.22   		   		
20576   			-0.41   		   		
20582   			-2.79   		   		
20587   			-0.53   		   		
20593   			0.17   		   		
20599   			-0.99   		   		
20605   			-0.41   		   		
20610   			-0.93   		   		
20616   			-0.87   		   		
20622   			0.34   		   		
20628   			-0.47   		   		
20633   			-0.70   		   		
20639   			-0.47   		   		
20645   			-2.50   		   		
20650   			-0.53   		   		
20656   			-0.81   		   		
20662   			-0.58   		   		
20668   			-0.24   		   		
20673   			-0.64   		   		
20679   			-1.39   		   		
20685   			-1.80   		   		
20691   			-1.45   		   		
20696   			-0.58   		   		
20702   			-0.47   		   		
20708   			-2.44   		   		
20713   			-0.47   		   		
20719   			-0.47   		   		
20725   			0.34   		   		
20731   			-0.70   		   		
20736   			-1.05   		   		
20742   			-0.64   		   		
20748   			-0.43   		   		
20754   			-0.55   		   		
20759   			-0.60   		   		
20765   			-0.60   		   		
20771   			-2.46   		   		
20776   			-1.39   		   		
20782   			-0.87   		   		
20788   			-0.81   		   		
20794   			-1.16   		   		
20799   			-0.93   		   		
20805   			0.29   		   		
20811   			-1.63   		   		
20817   			-1.51   		   		
20822   			-1.34   		   		
20828   			-0.64   		   		
20834   			-0.56   		   		
