Timestamp		Force Z		Comments
0   			-0.06   		   		
6   			-0.53   		   		
12   			-0.70   		   		
18   			-1.10   		   		
23   			-0.41   		   		
29   			-0.78   		   		
35   			-2.46   		   		
40   			-1.65   		   		
46   			-1.13   		   		
52   			-0.84   		   		
58   			-0.47   		   		
63   			-1.39   		   		
69   			-1.16   		   		
75   			-0.06   		   		
81   			-1.80   		   		
86   			-1.94   		   		
92   			-0.43   		   		
98   			-1.24   		   		
103   			-0.72   		   		
109   			-0.78   		   		
115   			-1.74   		   		
121   			-0.87   		   		
126   			-0.53   		   		
132   			-1.28   		   		
138   			-0.76   		   		
144   			-1.39   		   		
149   			-0.41   		   		
155   			-1.10   		   		
161   			-1.28   		   		
166   			-0.81   		   		
172   			-0.53   		   		
178   			-0.18   		   		
184   			-0.53   		   		
189   			-0.70   		   		
195   			-0.70   		   		
201   			-0.12   		   		
207   			-0.76   		   		
212   			-1.10   		   		
218   			-0.53   		   		
224   			-0.41   		   		
229   			-0.41   		   		
235   			-0.18   		   		
241   			-0.29   		   		
247   			-0.24   		   		
252   			-0.70   		   		
258   			-0.02   		   		
264   			-0.02   		   		
270   			-0.37   		   		
275   			-0.14   		   		
281   			-1.18   		   		
287   			-0.06   		   		
292   			0.23   		   		
298   			-0.64   		   		
304   			-0.53   		   		
310   			-0.47   		   		
315   			-1.13   		   		
321   			-0.37   		   		
327   			-1.07   		   		
333   			-1.36   		   		
338   			-1.24   		   		
344   			-0.84   		   		
350   			-0.31   		   		
355   			-0.95   		   		
361   			-1.42   		   		
367   			-1.24   		   		
373   			-1.05   		   		
378   			-0.76   		   		
384   			-0.87   		   		
390   			0.17   		   		
396   			-0.24   		   		
401   			-0.34   		   		
407   			-0.51   		   		
413   			0.53   		   		
418   			-0.51   		   		
424   			0.01   		   		
430   			-0.37   		   		
436   			-1.13   		   		
441   			-0.66   		   		
447   			-0.78   		   		
453   			-0.37   		   		
459   			-1.13   		   		
464   			-1.30   		   		
470   			-0.55   		   		
476   			-0.49   		   		
481   			-0.26   		   		
487   			-0.31   		   		
493   			-0.37   		   		
499   			0.09   		   		
504   			-0.49   		   		
510   			-0.20   		   		
516   			-0.95   		   		
522   			-0.08   		   		
527   			-0.60   		   		
533   			-1.07   		   		
539   			-0.37   		   		
544   			-1.37   		   		
550   			-0.91   		   		
556   			-0.74   		   		
562   			-0.97   		   		
567   			-0.56   		   		
573   			-0.24   		   		
579   			-0.87   		   		
585   			-0.53   		   		
590   			-0.47   		   		
596   			-0.29   		   		
602   			-0.35   		   		
607   			0.98   		   		
613   			-0.35   		   		
619   			-0.70   		   		
625   			-0.29   		   		
630   			-0.35   		   		
636   			-0.18   		   		
642   			-0.29   		   		
648   			-0.18   		   		
653   			-0.53   		   		
659   			-0.06   		   		
665   			0.00   		   		
670   			0.00   		   		
676   			-1.10   		   		
682   			-0.70   		   		
688   			-0.99   		   		
693   			-0.41   		   		
699   			-0.58   		   		
705   			0.11   		   		
711   			-0.47   		   		
716   			-0.64   		   		
722   			-0.06   		   		
728   			-0.76   		   		
733   			-0.24   		   		
739   			-0.18   		   		
745   			-0.35   		   		
751   			-0.76   		   		
756   			-1.10   		   		
762   			0.05   		   		
768   			-0.87   		   		
774   			-0.66   		   		
779   			-0.66   		   		
785   			-0.49   		   		
791   			-1.01   		   		
796   			-0.95   		   		
802   			-0.41   		   		
808   			-0.18   		   		
814   			-1.05   		   		
819   			-0.81   		   		
825   			-0.12   		   		
831   			0.11   		   		
837   			-0.41   		   		
842   			-1.16   		   		
848   			-0.64   		   		
854   			-0.81   		   		
859   			-0.10   		   		
865   			-0.57   		   		
871   			-1.03   		   		
877   			-0.45   		   		
882   			-0.45   		   		
888   			-0.68   		   		
894   			-0.56   		   		
900   			-1.14   		   		
905   			-0.85   		   		
911   			-0.97   		   		
917   			-0.31   		   		
922   			-0.60   		   		
928   			-1.30   		   		
934   			-0.89   		   		
940   			-0.72   		   		
945   			-0.64   		   		
951   			-0.35   		   		
957   			-1.63   		   		
962   			0.00   		   		
968   			0.46   		   		
974   			0.11   		   		
980   			0.17   		   		
985   			-0.81   		   		
991   			-0.24   		   		
997   			1.21   		   		
1003   			0.05   		   		
1008   			-0.12   		   		
1014   			-0.18   		   		
1020   			-2.50   		   		
1025   			0.00   		   		
1031   			0.46   		   		
1037   			0.17   		   		
1043   			-0.24   		   		
1048   			-0.41   		   		
1054   			-0.41   		   		
1060   			-0.35   		   		
1066   			-0.76   		   		
1071   			-0.35   		   		
1077   			0.05   		   		
1083   			0.17   		   		
1088   			0.36   		   		
1094   			0.65   		   		
1100   			0.07   		   		
1106   			-0.10   		   		
1111   			0.13   		   		
1117   			-0.20   		   		
1123   			0.21   		   		
1129   			-0.55   		   		
1134   			-0.55   		   		
1140   			-0.60   		   		
1146   			-0.53   		   		
1151   			-0.93   		   		
1157   			0.17   		   		
1163   			-0.24   		   		
1169   			-0.81   		   		
1174   			-0.89   		   		
1180   			-0.08   		   		
1186   			-0.02   		   		
1192   			-0.43   		   		
1197   			-0.08   		   		
1203   			0.73   		   		
1209   			0.21   		   		
1214   			0.15   		   		
1220   			0.79   		   		
1226   			0.32   		   		
1232   			0.21   		   		
1237   			-0.08   		   		
1243   			0.09   		   		
1249   			0.38   		   		
1255   			0.21   		   		
1260   			0.60   		   		
1266   			-0.27   		   		
1272   			0.48   		   		
1277   			0.65   		   		
1283   			1.35   		   		
1289   			0.50   		   		
1295   			0.61   		   		
1300   			0.61   		   		
1306   			-0.31   		   		
1312   			-0.08   		   		
1318   			0.50   		   		
1323   			-0.37   		   		
1329   			0.26   		   		
1335   			0.50   		   		
1340   			0.44   		   		
1346   			-0.08   		   		
1352   			0.03   		   		
1358   			0.03   		   		
1363   			0.32   		   		
1369   			0.55   		   		
1375   			-0.08   		   		
1381   			-0.02   		   		
1386   			-0.14   		   		
1392   			0.38   		   		
1398   			-0.37   		   		
1403   			0.13   		   		
1409   			-0.39   		   		
1415   			-0.74   		   		
1421   			-0.79   		   		
1426   			-1.20   		   		
1432   			-1.68   		   		
1438   			-0.87   		   		
1444   			-1.16   		   		
1449   			-1.86   		   		
1455   			-1.39   		   		
1461   			-1.82   		   		
1466   			-0.84   		   		
1472   			-0.14   		   		
1478   			-0.31   		   		
1484   			-0.49   		   		
1489   			-0.24   		   		
1495   			-0.47   		   		
1501   			-0.99   		   		
1507   			-0.93   		   		
1512   			-1.16   		   		
1518   			-1.36   		   		
1524   			-0.49   		   		
1529   			-0.31   		   		
1535   			-0.43   		   		
1541   			-0.72   		   		
1547   			-0.58   		   		
1552   			-0.35   		   		
1558   			-0.18   		   		
1564   			-0.24   		   		
1569   			-0.99   		   		
1575   			-0.64   		   		
1581   			-0.06   		   		
1587   			0.00   		   		
1592   			-0.06   		   		
1598   			0.52   		   		
1604   			0.67   		   		
1610   			-0.31   		   		
1615   			-0.55   		   		
1621   			-0.14   		   		
1627   			0.21   		   		
1632   			0.58   		   		
1638   			0.17   		   		
1644   			0.11   		   		
1650   			0.40   		   		
1655   			-0.12   		   		
1661   			0.29   		   		
1667   			0.92   		   		
1673   			0.23   		   		
1678   			-0.47   		   		
1684   			0.40   		   		
1690   			-1.92   		   		
1695   			-0.93   		   		
1701   			-0.76   		   		
1707   			0.05   		   		
1713   			-0.64   		   		
1718   			-0.78   		   		
1724   			0.32   		   		
1730   			-0.31   		   		
1736   			-0.72   		   		
1741   			-0.37   		   		
1747   			-0.35   		   		
1753   			-1.68   		   		
1758   			-0.18   		   		
1764   			0.17   		   		
1770   			0.00   		   		
1776   			-0.04   		   		
1781   			-0.56   		   		
1787   			0.89   		   		
1793   			0.31   		   		
1799   			-0.21   		   		
1804   			-0.31   		   		
1810   			-0.14   		   		
1816   			-1.01   		   		
1821   			0.03   		   		
1827   			0.09   		   		
1833   			-0.87   		   		
1839   			-0.24   		   		
1844   			-0.12   		   		
1850   			0.17   		   		
1856   			-0.18   		   		
1862   			-0.55   		   		
1867   			-0.14   		   		
1873   			0.32   		   		
1879   			-0.02   		   		
1884   			-0.72   		   		
1890   			-0.35   		   		
1896   			-0.53   		   		
1902   			0.05   		   		
1907   			0.11   		   		
1913   			0.05   		   		
1919   			0.17   		   		
1925   			0.63   		   		
1930   			-0.06   		   		
1936   			-0.06   		   		
1942   			0.98   		   		
1947   			0.96   		   		
1953   			0.96   		   		
1959   			0.50   		   		
1965   			0.38   		   		
1970   			0.38   		   		
1976   			1.04   		   		
1982   			0.58   		   		
1988   			0.52   		   		
1993   			-0.12   		   		
1999   			-0.12   		   		
2005   			0.32   		   		
2010   			0.73   		   		
2016   			0.90   		   		
2022   			0.26   		   		
2028   			0.32   		   		
2033   			0.00   		   		
2039   			0.46   		   		
2045   			-0.12   		   		
2051   			0.40   		   		
2056   			0.29   		   		
2062   			-0.62   		   		
2068   			0.13   		   		
2073   			0.48   		   		
2079   			0.02   		   		
2085   			0.77   		   		
2091   			0.32   		   		
2096   			0.32   		   		
2102   			0.79   		   		
2108   			0.21   		   		
2114   			0.67   		   		
2119   			-0.29   		   		
2125   			1.21   		   		
2131   			0.17   		   		
2136   			0.58   		   		
2142   			1.33   		   		
2148   			1.15   		   		
2154   			0.00   		   		
2159   			0.23   		   		
2165   			0.52   		   		
2171   			0.69   		   		
2177   			0.65   		   		
2182   			-0.10   		   		
2188   			0.83   		   		
2194   			0.19   		   		
2199   			0.42   		   		
2205   			0.38   		   		
2211   			-0.31   		   		
2217   			0.32   		   		
2222   			-0.14   		   		
2228   			-0.02   		   		
2234   			-0.12   		   		
2240   			-0.58   		   		
2245   			-0.64   		   		
2251   			0.05   		   		
2257   			-0.58   		   		
2262   			-0.72   		   		
2268   			-0.14   		   		
2274   			-0.43   		   		
2280   			-0.37   		   		
2285   			0.26   		   		
2291   			0.09   		   		
2297   			-0.02   		   		
2303   			-0.26   		   		
2308   			-0.20   		   		
2314   			0.03   		   		
2320   			1.25   		   		
2325   			0.91   		   		
2331   			0.68   		   		
2337   			0.44   		   		
2343   			0.91   		   		
2348   			0.69   		   		
2354   			1.39   		   		
2360   			-1.34   		   		
2365   			0.17   		   		
2371   			0.05   		   		
2377   			0.40   		   		
2383   			0.34   		   		
2388   			0.81   		   		
2394   			0.11   		   		
2400   			0.46   		   		
2406   			0.55   		   		
2411   			0.73   		   		
2417   			-0.08   		   		
2423   			-1.65   		   		
2428   			-0.02   		   		
2434   			0.50   		   		
2440   			1.19   		   		
2446   			0.32   		   		
2451   			0.15   		   		
2457   			1.13   		   		
2463   			0.11   		   		
2469   			0.23   		   		
2474   			0.40   		   		
2480   			-0.35   		   		
2486   			-1.16   		   		
2491   			1.02   		   		
2497   			1.25   		   		
2503   			0.96   		   		
2509   			1.25   		   		
2514   			0.73   		   		
2520   			0.77   		   		
2526   			1.64   		   		
2532   			0.48   		   		
2537   			0.83   		   		
2543   			1.00   		   		
2549   			-0.89   		   		
2554   			0.96   		   		
2560   			0.38   		   		
2566   			0.15   		   		
2572   			1.08   		   		
2577   			1.27   		   		
2583   			1.50   		   		
2589   			0.40   		   		
2595   			0.23   		   		
2600   			0.86   		   		
2606   			0.98   		   		
2612   			-0.87   		   		
2617   			0.40   		   		
2623   			1.15   		   		
2629   			0.46   		   		
2635   			0.69   		   		
2640   			0.75   		   		
2646   			0.58   		   		
2652   			0.29   		   		
2658   			0.11   		   		
2663   			0.55   		   		
2669   			0.55   		   		
2675   			1.13   		   		
2680   			0.67   		   		
2686   			0.21   		   		
2692   			1.21   		   		
2698   			0.75   		   		
2703   			1.50   		   		
2709   			1.10   		   		
2715   			-0.24   		   		
2721   			0.00   		   		
2726   			0.52   		   		
2732   			0.52   		   		
2738   			0.23   		   		
2743   			0.58   		   		
2749   			0.69   		   		
2755   			0.81   		   		
2761   			0.23   		   		
2766   			1.91   		   		
2772   			0.52   		   		
2778   			0.07   		   		
2784   			0.36   		   		
2789   			0.42   		   		
2795   			0.07   		   		
2801   			1.05   		   		
2806   			0.67   		   		
2812   			0.38   		   		
2818   			0.84   		   		
2824   			-0.14   		   		
2829   			0.44   		   		
2835   			0.73   		   		
2841   			0.96   		   		
2847   			1.13   		   		
2852   			0.44   		   		
2858   			0.38   		   		
2864   			-0.56   		   		
2869   			-0.27   		   		
2875   			0.08   		   		
2881   			0.08   		   		
2887   			0.13   		   		
2892   			-0.08   		   		
2898   			-0.02   		   		
2904   			-0.60   		   		
2910   			-0.26   		   		
2915   			0.21   		   		
2921   			0.17   		   		
2927   			0.75   		   		
2932   			-0.29   		   		
2938   			0.40   		   		
2944   			0.58   		   		
2950   			-0.02   		   		
2955   			-0.02   		   		
2961   			-0.26   		   		
2967   			0.09   		   		
2973   			-0.43   		   		
2978   			0.34   		   		
2984   			-0.70   		   		
2990   			0.17   		   		
2995   			-0.76   		   		
3001   			-0.81   		   		
3007   			-0.10   		   		
3013   			-0.27   		   		
3018   			-0.85   		   		
3024   			-1.26   		   		
3030   			-1.14   		   		
3036   			-1.01   		   		
3041   			-0.31   		   		
3047   			-0.02   		   		
3053   			-0.14   		   		
3058   			0.03   		   		
3064   			0.05   		   		
3070   			0.40   		   		
3076   			0.00   		   		
3081   			0.52   		   		
3087   			-0.29   		   		
3093   			-2.00   		   		
3099   			0.09   		   		
3104   			-0.20   		   		
3110   			-0.37   		   		
3116   			0.15   		   		
3121   			0.11   		   		
3127   			-0.41   		   		
3133   			0.34   		   		
3139   			-0.76   		   		
3144   			-0.81   		   		
3150   			0.26   		   		
3156   			-1.36   		   		
3161   			-0.20   		   		
3167   			-0.66   		   		
3173   			-0.02   		   		
3179   			0.05   		   		
3184   			0.69   		   		
3190   			-0.35   		   		
3196   			0.63   		   		
3202   			0.86   		   		
3207   			0.63   		   		
3213   			0.75   		   		
3219   			-1.05   		   		
3224   			-0.35   		   		
3230   			0.29   		   		
3236   			0.15   		   		
3242   			0.84   		   		
3247   			0.26   		   		
3253   			0.96   		   		
3259   			1.08   		   		
3265   			0.44   		   		
3270   			0.50   		   		
3276   			0.73   		   		
3282   			0.26   		   		
3287   			-0.66   		   		
3293   			-0.78   		   		
3299   			0.26   		   		
3305   			-0.55   		   		
3310   			0.15   		   		
3316   			1.08   		   		
3322   			0.71   		   		
3328   			0.60   		   		
3333   			0.36   		   		
3339   			-0.27   		   		
3345   			-0.62   		   		
3350   			-0.06   		   		
3356   			0.40   		   		
3362   			-0.18   		   		
3368   			-0.58   		   		
3373   			-0.12   		   		
3379   			-0.56   		   		
3385   			-0.33   		   		
3391   			-0.16   		   		
3396   			0.08   		   		
3402   			0.48   		   		
3408   			-0.29   		   		
3413   			-0.18   		   		
3419   			-1.10   		   		
3425   			-0.87   		   		
3431   			-0.12   		   		
3436   			-0.91   		   		
3442   			-0.79   		   		
3448   			0.31   		   		
3454   			0.19   		   		
3459   			0.48   		   		
3465   			-0.70   		   		
3471   			-0.24   		   		
3476   			-0.64   		   		
3482   			-0.06   		   		
3488   			0.40   		   		
3494   			0.52   		   		
3499   			-0.06   		   		
3505   			0.69   		   		
3511   			1.39   		   		
3517   			0.52   		   		
3522   			-0.24   		   		
3528   			0.23   		   		
3534   			0.46   		   		
3539   			0.29   		   		
3545   			0.23   		   		
3551   			0.84   		   		
3557   			1.60   		   		
3562   			0.44   		   		
3568   			0.96   		   		
3574   			1.02   		   		
3580   			1.00   		   		
3585   			0.48   		   		
3591   			0.42   		   		
3597   			0.48   		   		
3602   			0.65   		   		
3608   			-0.16   		   		
3614   			0.76   		   		
3620   			0.65   		   		
3625   			0.01   		   		
3631   			-0.10   		   		
3637   			0.42   		   		
3642   			0.53   		   		
3648   			-0.74   		   		
3654   			-1.03   		   		
3660   			-0.34   		   		
3665   			0.67   		   		
3671   			-1.01   		   		
3677   			0.15   		   		
3683   			0.50   		   		
3688   			0.90   		   		
3694   			0.81   		   		
3700   			-0.76   		   		
3705   			-0.12   		   		
3711   			-0.81   		   		
3717   			-0.99   		   		
3723   			-0.18   		   		
3728   			-1.05   		   		
3734   			-0.58   		   		
3740   			-1.05   		   		
3746   			-1.05   		   		
3751   			-0.99   		   		
3757   			-0.81   		   		
3763   			-2.61   		   		
3768   			-0.06   		   		
3774   			-0.81   		   		
3780   			0.05   		   		
3786   			0.29   		   		
3791   			0.34   		   		
3797   			0.58   		   		
3803   			0.05   		   		
3809   			-1.24   		   		
3814   			-0.84   		   		
3820   			-0.89   		   		
3826   			-2.52   		   		
3831   			-0.66   		   		
3837   			-1.68   		   		
3843   			0.46   		   		
3849   			-0.06   		   		
3854   			-0.99   		   		
3860   			-1.16   		   		
3866   			-0.60   		   		
3872   			0.03   		   		
3877   			0.15   		   		
3883   			-0.60   		   		
3889   			-2.34   		   		
3894   			-0.20   		   		
3900   			-0.37   		   		
3906   			0.21   		   		
3912   			-0.49   		   		
3917   			-0.37   		   		
3923   			-0.37   		   		
3929   			-1.01   		   		
3935   			-0.72   		   		
3940   			-0.60   		   		
3946   			-0.95   		   		
3952   			-0.87   		   		
3957   			0.17   		   		
3963   			-0.29   		   		
3969   			-1.16   		   		
3975   			-0.53   		   		
3980   			0.29   		   		
3986   			-0.70   		   		
3992   			-0.35   		   		
3998   			-0.64   		   		
4003   			-0.41   		   		
4009   			-0.49   		   		
4015   			-0.43   		   		
4020   			-0.14   		   		
4026   			-1.07   		   		
4032   			-0.84   		   		
4038   			-0.06   		   		
4043   			-0.53   		   		
4049   			-0.58   		   		
4055   			-0.35   		   		
4061   			0.11   		   		
4066   			-0.87   		   		
4072   			0.40   		   		
4078   			-0.41   		   		
4083   			-0.29   		   		
4089   			-0.06   		   		
4095   			0.26   		   		
4101   			0.50   		   		
4106   			-0.02   		   		
4112   			0.73   		   		
4118   			0.32   		   		
4124   			0.08   		   		
4129   			-0.04   		   		
4135   			0.02   		   		
4141   			0.48   		   		
4146   			0.08   		   		
4152   			0.92   		   		
4158   			-0.18   		   		
4164   			-0.41   		   		
4169   			-0.18   		   		
4175   			0.58   		   		
4181   			0.86   		   		
4187   			0.40   		   		
4192   			-0.29   		   		
4198   			-0.47   		   		
4204   			-0.76   		   		
4209   			-0.31   		   		
4215   			0.21   		   		
4221   			0.61   		   		
4227   			-0.89   		   		
4232   			-0.31   		   		
4238   			-0.37   		   		
4244   			-0.31   		   		
4250   			-1.18   		   		
4255   			-0.78   		   		
4261   			0.09   		   		
4267   			-0.20   		   		
4272   			-0.84   		   		
4278   			-0.66   		   		
4284   			-0.43   		   		
4290   			-0.37   		   		
4295   			-0.43   		   		
4301   			-0.49   		   		
4307   			-0.49   		   		
4313   			-0.20   		   		
4318   			-0.20   		   		
4324   			-0.26   		   		
4330   			-0.31   		   		
4335   			-0.72   		   		
4341   			0.38   		   		
4347   			0.26   		   		
4353   			-0.53   		   		
4358   			-0.47   		   		
4364   			-0.93   		   		
4370   			-0.18   		   		
4376   			-0.58   		   		
4381   			-0.93   		   		
4387   			0.40   		   		
4393   			-0.06   		   		
4398   			0.29   		   		
4404   			0.40   		   		
4410   			0.29   		   		
4416   			0.23   		   		
4421   			1.04   		   		
4427   			0.29   		   		
4433   			1.10   		   		
4439   			-0.12   		   		
4444   			0.45   		   		
4450   			0.74   		   		
4456   			0.45   		   		
4461   			1.15   		   		
4467   			1.17   		   		
4473   			0.60   		   		
4479   			0.48   		   		
4484   			0.71   		   		
4490   			0.65   		   		
4496   			1.42   		   		
4502   			0.73   		   		
4507   			0.90   		   		
4513   			0.21   		   		
4519   			1.25   		   		
4524   			0.10   		   		
4530   			0.96   		   		
4536   			0.79   		   		
4542   			0.91   		   		
4547   			1.02   		   		
4553   			-0.06   		   		
4559   			0.05   		   		
4565   			0.05   		   		
4570   			-0.18   		   		
4576   			0.17   		   		
4582   			-0.89   		   		
4587   			0.09   		   		
4593   			-1.01   		   		
4599   			-0.37   		   		
4605   			0.09   		   		
4610   			0.58   		   		
4616   			-0.18   		   		
4622   			0.05   		   		
4628   			-0.64   		   		
4633   			0.63   		   		
4639   			1.42   		   		
4645   			-0.20   		   		
4650   			0.09   		   		
4656   			0.55   		   		
4662   			0.90   		   		
4668   			0.42   		   		
4673   			0.02   		   		
4679   			-0.21   		   		
4685   			-1.95   		   		
4690   			-0.45   		   		
4696   			-0.89   		   		
4702   			-1.53   		   		
4708   			-0.95   		   		
4713   			-0.49   		   		
4719   			0.32   		   		
4725   			-0.14   		   		
4731   			-0.72   		   		
4736   			-0.60   		   		
4742   			-1.53   		   		
4748   			-0.31   		   		
4753   			-0.81   		   		
4759   			-1.74   		   		
4765   			-0.18   		   		
4771   			-0.47   		   		
4776   			-0.29   		   		
4782   			-1.10   		   		
4788   			-1.57   		   		
4794   			-1.10   		   		
4799   			-1.74   		   		
4805   			-1.51   		   		
4811   			-1.14   		   		
4816   			-1.55   		   		
4822   			-0.91   		   		
4828   			-0.79   		   		
4834   			-0.74   		   		
4839   			0.26   		   		
4845   			-1.13   		   		
4851   			-0.60   		   		
4857   			-0.60   		   		
4862   			-1.13   		   		
4868   			-1.45   		   		
4874   			-1.05   		   		
4879   			-0.41   		   		
4885   			-0.81   		   		
4891   			-0.41   		   		
4897   			0.01   		   		
4902   			-0.68   		   		
4908   			-0.51   		   		
4914   			-1.03   		   		
4920   			-0.86   		   		
4925   			-1.32   		   		
4931   			-0.68   		   		
4937   			-0.74   		   		
4942   			-1.20   		   		
4948   			-1.26   		   		
4954   			-1.94   		   		
4960   			-1.42   		   		
4965   			-1.36   		   		
4971   			-0.78   		   		
4977   			-1.13   		   		
4983   			-0.78   		   		
4988   			-0.49   		   		
4994   			-0.55   		   		
5000   			0.26   		   		
5005   			-0.37   		   		
5011   			-0.84   		   		
5017   			-0.95   		   		
5023   			-1.01   		   		
5028   			-0.72   		   		
5034   			-1.01   		   		
5040   			-0.37   		   		
5046   			-0.02   		   		
5051   			0.32   		   		
5057   			-0.08   		   		
5063   			0.26   		   		
5068   			-0.24   		   		
5074   			-1.63   		   		
5080   			-0.58   		   		
5086   			-0.47   		   		
5091   			-0.18   		   		
5097   			-0.55   		   		
5103   			0.44   		   		
5109   			0.50   		   		
5114   			0.55   		   		
5120   			0.15   		   		
5126   			-0.35   		   		
5131   			-0.58   		   		
5137   			-0.76   		   		
5143   			-0.76   		   		
5149   			-0.06   		   		
5154   			-0.78   		   		
5160   			-0.78   		   		
5166   			-1.01   		   		
5172   			-0.95   		   		
5177   			-0.78   		   		
5183   			-0.87   		   		
5189   			-0.47   		   		
5194   			-1.57   		   		
5200   			-0.58   		   		
5206   			-0.47   		   		
5212   			-1.39   		   		
5217   			-0.99   		   		
5223   			-0.99   		   		
5229   			-1.63   		   		
5235   			-0.99   		   		
5240   			-1.76   		   		
5246   			-0.78   		   		
5252   			-1.07   		   		
5257   			-1.36   		   		
5263   			-1.07   		   		
5269   			-1.16   		   		
5275   			-1.74   		   		
5280   			-1.45   		   		
5286   			-0.87   		   		
5292   			-1.68   		   		
5298   			-1.76   		   		
5303   			-1.13   		   		
5309   			-0.49   		   		
5315   			-0.72   		   		
5320   			-0.43   		   		
5326   			0.30   		   		
5332   			-1.49   		   		
5338   			-1.49   		   		
5343   			-1.20   		   		
5349   			-2.02   		   		
5355   			-0.53   		   		
5360   			-0.06   		   		
5366   			-0.58   		   		
5372   			-0.93   		   		
5378   			0.11   		   		
5383   			-0.35   		   		
5389   			0.52   		   		
5395   			-0.06   		   		
5401   			0.69   		   		
5406   			0.05   		   		
5412   			-0.27   		   		
5418   			0.19   		   		
5423   			-0.79   		   		
5429   			-0.56   		   		
5435   			-0.91   		   		
5441   			-0.41   		   		
5446   			-0.87   		   		
5452   			-0.41   		   		
5458   			-1.16   		   		
5464   			-0.29   		   		
5469   			-0.89   		   		
5475   			0.03   		   		
5481   			-1.94   		   		
5486   			0.09   		   		
5492   			-0.37   		   		
5498   			-0.14   		   		
5504   			0.38   		   		
5509   			-0.20   		   		
5515   			-0.26   		   		
5521   			0.09   		   		
5527   			0.96   		   		
5532   			0.26   		   		
5538   			-0.20   		   		
5544   			-1.53   		   		
5549   			0.61   		   		
5555   			0.32   		   		
5561   			-0.43   		   		
5567   			0.09   		   		
5572   			0.55   		   		
5578   			-0.02   		   		
5584   			-0.26   		   		
5590   			-0.55   		   		
5595   			-0.31   		   		
5601   			0.09   		   		
5607   			-1.59   		   		
5612   			0.09   		   		
5618   			-0.31   		   		
5624   			0.84   		   		
5630   			1.13   		   		
5635   			0.61   		   		
5641   			0.84   		   		
5647   			0.61   		   		
5653   			0.90   		   		
5658   			0.09   		   		
5664   			0.55   		   		
5670   			0.23   		   		
5675   			1.73   		   		
5681   			1.04   		   		
5687   			1.27   		   		
5693   			1.33   		   		
5698   			0.67   		   		
5704   			0.38   		   		
5710   			1.02   		   		
5716   			1.25   		   		
5721   			1.25   		   		
5727   			0.65   		   		
5733   			0.83   		   		
5738   			0.65   		   		
5744   			1.41   		   		
5750   			1.35   		   		
5756   			1.25   		   		
5761   			1.25   		   		
5767   			1.83   		   		
5773   			1.88   		   		
5779   			1.65   		   		
5784   			1.77   		   		
5790   			1.42   		   		
5796   			1.54   		   		
5801   			2.00   		   		
5807   			2.12   		   		
5813   			0.86   		   		
5819   			1.67   		   		
5824   			1.50   		   		
5830   			1.39   		   		
5836   			2.08   		   		
5842   			1.46   		   		
5847   			1.46   		   		
5853   			1.63   		   		
5859   			2.09   		   		
5864   			1.63   		   		
5870   			1.77   		   		
5876   			2.06   		   		
5882   			2.06   		   		
5887   			2.35   		   		
5893   			2.17   		   		
5899   			3.70   		   		
5905   			3.06   		   		
5910   			2.77   		   		
5916   			3.18   		   		
5922   			3.06   		   		
5927   			2.95   		   		
5933   			3.29   		   		
5939   			2.19   		   		
5945   			2.77   		   		
5950   			3.23   		   		
5956   			3.00   		   		
5962   			3.12   		   		
5968   			2.48   		   		
5973   			3.23   		   		
5979   			4.04   		   		
5985   			3.39   		   		
5990   			2.87   		   		
5996   			2.52   		   		
6002   			2.58   		   		
6008   			3.73   		   		
6013   			3.00   		   		
6019   			2.25   		   		
6025   			2.31   		   		
6030   			2.83   		   		
6036   			2.77   		   		
6042   			3.21   		   		
6048   			2.64   		   		
6053   			3.33   		   		
6059   			2.52   		   		
6065   			2.92   		   		
6071   			3.23   		   		
6076   			3.29   		   		
6082   			3.23   		   		
6088   			2.77   		   		
6093   			3.98   		   		
6099   			4.16   		   		
6105   			3.52   		   		
6111   			3.41   		   		
6116   			3.23   		   		
6122   			2.89   		   		
6128   			2.71   		   		
6134   			3.35   		   		
6139   			3.64   		   		
6145   			4.44   		   		
6151   			4.16   		   		
6156   			4.19   		   		
6162   			5.52   		   		
6168   			5.06   		   		
6174   			4.48   		   		
6179   			5.35   		   		
6185   			3.23   		   		
6191   			5.14   		   		
6197   			4.68   		   		
6202   			4.39   		   		
6208   			4.27   		   		
6214   			3.79   		   		
6219   			3.62   		   		
6225   			3.50   		   		
6231   			2.23   		   		
6237   			4.08   		   		
6242   			3.77   		   		
6248   			4.86   		   		
6254   			4.63   		   		
6260   			5.04   		   		
6265   			4.75   		   		
6271   			4.88   		   		
6277   			5.06   		   		
6282   			5.06   		   		
6288   			4.77   		   		
6294   			4.94   		   		
6300   			5.12   		   		
6305   			5.58   		   		
6311   			5.52   		   		
6317   			5.17   		   		
6323   			4.65   		   		
6328   			5.54   		   		
6334   			4.73   		   		
6340   			4.44   		   		
6345   			4.04   		   		
6351   			6.00   		   		
6357   			5.81   		   		
6363   			5.81   		   		
6368   			5.86   		   		
6374   			6.04   		   		
6380   			5.52   		   		
6386   			5.77   		   		
6391   			5.42   		   		
6397   			5.77   		   		
6403   			6.34   		   		
6408   			5.83   		   		
6414   			6.06   		   		
6420   			5.77   		   		
6426   			6.69   		   		
6431   			6.98   		   		
6437   			6.06   		   		
6443   			6.04   		   		
6449   			6.55   		   		
6454   			5.35   		   		
6460   			6.04   		   		
6466   			5.75   		   		
6471   			6.71   		   		
6477   			6.99   		   		
6483   			6.99   		   		
6489   			6.13   		   		
6494   			7.22   		   		
6500   			7.19   		   		
6506   			7.36   		   		
6512   			6.90   		   		
6517   			7.76   		   		
6523   			7.01   		   		
6529   			7.49   		   		
6534   			7.15   		   		
6540   			7.78   		   		
6546   			8.01   		   		
6552   			8.53   		   		
6557   			8.36   		   		
6563   			8.70   		   		
6569   			8.24   		   		
6575   			8.18   		   		
6580   			8.36   		   		
6586   			8.10   		   		
6592   			8.62   		   		
6597   			8.45   		   		
6603   			8.51   		   		
6609   			9.02   		   		
6615   			9.14   		   		
6620   			9.14   		   		
6626   			8.85   		   		
6632   			9.08   		   		
6638   			8.85   		   		
6643   			9.31   		   		
6649   			9.14   		   		
6655   			8.79   		   		
6660   			8.56   		   		
6666   			7.59   		   		
6672   			8.47   		   		
6678   			8.01   		   		
6683   			8.81   		   		
6689   			8.58   		   		
6695   			9.62   		   		
6700   			9.71   		   		
6706   			9.02   		   		
6712   			9.31   		   		
6718   			10.40   		   		
6723   			9.88   		   		
6729   			9.79   		   		
6735   			9.16   		   		
6741   			9.62   		   		
6746   			9.39   		   		
6752   			9.33   		   		
6758   			7.42   		   		
6763   			9.94   		   		
6769   			9.94   		   		
6775   			10.34   		   		
6781   			10.28   		   		
6786   			10.44   		   		
6792   			9.70   		   		
6798   			10.84   		   		
6804   			9.52   		   		
6809   			9.70   		   		
6815   			9.83   		   		
6821   			8.51   		   		
6826   			10.28   		   		
6832   			9.83   		   		
6838   			9.88   		   		
6844   			9.85   		   		
6849   			10.13   		   		
6855   			10.13   		   		
6861   			10.65   		   		
6867   			9.67   		   		
6872   			10.02   		   		
6878   			9.85   		   		
6884   			9.56   		   		
6889   			9.96   		   		
6895   			9.10   		   		
6901   			9.56   		   		
6907   			9.16   		   		
6912   			9.33   		   		
6918   			9.04   		   		
6924   			9.56   		   		
6930   			9.48   		   		
6935   			9.42   		   		
6941   			9.14   		   		
6947   			9.71   		   		
6952   			9.60   		   		
6958   			9.96   		   		
6964   			9.56   		   		
6970   			9.56   		   		
6975   			9.33   		   		
6981   			10.02   		   		
6987   			9.92   		   		
6993   			10.61   		   		
6998   			9.64   		   		
7004   			9.06   		   		
7010   			9.52   		   		
7015   			9.42   		   		
7021   			10.28   		   		
7027   			9.65   		   		
7033   			9.83   		   		
7038   			10.05   		   		
7044   			10.82   		   		
7050   			10.36   		   		
7056   			10.65   		   		
7061   			9.90   		   		
7067   			10.36   		   		
7073   			10.57   		   		
7078   			11.20   		   		
7084   			11.37   		   		
7090   			9.77   		   		
7096   			9.37   		   		
7101   			10.23   		   		
7107   			10.00   		   		
7113   			10.00   		   		
7119   			10.63   		   		
7124   			10.00   		   		
7130   			10.28   		   		
7136   			10.23   		   		
7141   			9.83   		   		
7147   			10.86   		   		
7153   			9.71   		   		
7159   			9.94   		   		
7164   			10.80   		   		
7170   			10.40   		   		
7176   			10.28   		   		
7182   			10.40   		   		
7187   			10.65   		   		
7193   			10.82   		   		
7199   			10.13   		   		
7204   			10.99   		   		
7210   			10.93   		   		
7216   			10.48   		   		
7222   			10.19   		   		
7227   			10.08   		   		
7233   			9.96   		   		
7239   			10.19   		   		
7245   			9.44   		   		
7250   			10.59   		   		
7256   			10.19   		   		
7262   			10.02   		   		
7267   			9.79   		   		
7273   			10.11   		   		
7279   			9.65   		   		
7285   			9.94   		   		
7290   			9.48   		   		
7296   			9.42   		   		
7302   			9.14   		   		
7308   			9.77   		   		
7313   			9.88   		   		
7319   			10.11   		   		
7325   			10.51   		   		
7330   			10.09   		   		
7336   			9.86   		   		
7342   			10.66   		   		
7348   			9.92   		   		
7353   			10.61   		   		
7359   			10.74   		   		
7365   			8.97   		   		
7370   			10.91   		   		
7376   			10.97   		   		
7382   			10.57   		   		
7388   			9.48   		   		
7393   			10.00   		   		
7399   			9.37   		   		
7405   			8.68   		   		
7411   			9.14   		   		
7416   			9.12   		   		
7422   			9.46   		   		
7428   			7.91   		   		
7433   			9.40   		   		
7439   			9.80   		   		
7445   			9.75   		   		
7451   			9.92   		   		
7456   			8.71   		   		
7462   			9.69   		   		
7468   			9.17   		   		
7474   			9.44   		   		
7479   			9.90   		   		
7485   			9.73   		   		
7491   			7.84   		   		
7496   			9.22   		   		
7502   			9.10   		   		
7508   			9.10   		   		
7514   			9.62   		   		
7519   			9.96   		   		
7525   			9.96   		   		
7531   			9.48   		   		
7537   			10.00   		   		
7542   			8.68   		   		
7548   			9.54   		   		
7554   			7.99   		   		
7559   			10.09   		   		
7565   			9.80   		   		
7571   			9.46   		   		
7577   			9.75   		   		
7582   			9.40   		   		
7588   			10.42   		   		
7594   			10.13   		   		
7600   			9.96   		   		
7605   			10.48   		   		
7611   			11.05   		   		
7617   			10.48   		   		
7622   			9.79   		   		
7628   			10.13   		   		
7634   			11.05   		   		
7640   			10.13   		   		
7645   			9.65   		   		
7651   			9.08   		   		
7657   			9.14   		   		
7663   			8.74   		   		
7668   			9.71   		   		
7674   			8.45   		   		
7680   			8.56   		   		
7685   			9.02   		   		
7691   			9.31   		   		
7697   			9.77   		   		
7703   			8.74   		   		
7708   			8.85   		   		
7714   			9.65   		   		
7720   			9.42   		   		
7726   			9.65   		   		
7731   			9.73   		   		
7737   			9.39   		   		
7743   			9.44   		   		
7748   			9.79   		   		
7754   			9.96   		   		
7760   			9.33   		   		
7766   			10.36   		   		
7771   			9.10   		   		
7777   			9.04   		   		
7783   			9.10   		   		
7789   			8.76   		   		
7794   			9.85   		   		
7800   			9.04   		   		
7806   			9.16   		   		
7811   			8.93   		   		
7817   			9.14   		   		
7823   			8.97   		   		
7829   			8.97   		   		
7834   			9.37   		   		
7840   			10.05   		   		
7846   			9.54   		   		
7852   			9.88   		   		
7857   			10.11   		   		
7863   			9.14   		   		
7869   			9.42   		   		
7874   			9.88   		   		
7880   			10.17   		   		
7886   			9.14   		   		
7892   			9.94   		   		
7897   			8.91   		   		
7903   			9.37   		   		
7909   			9.94   		   		
7915   			9.48   		   		
7920   			10.45   		   		
7926   			10.45   		   		
7932   			10.30   		   		
7937   			10.02   		   		
7943   			10.13   		   		
7949   			9.79   		   		
7955   			10.65   		   		
7960   			9.88   		   		
7966   			10.34   		   		
7972   			10.68   		   		
7978   			10.23   		   		
7983   			9.94   		   		
7989   			10.33   		   		
7995   			9.58   		   		
8000   			10.04   		   		
8006   			10.33   		   		
8012   			9.75   		   		
8018   			9.62   		   		
8023   			9.79   		   		
8029   			10.36   		   		
8035   			10.36   		   		
8041   			10.42   		   		
8046   			9.42   		   		
8052   			8.45   		   		
8058   			9.37   		   		
8063   			8.51   		   		
8069   			9.31   		   		
8075   			8.74   		   		
8081   			9.19   		   		
8086   			8.79   		   		
8092   			8.45   		   		
8098   			8.79   		   		
8104   			8.22   		   		
8109   			9.08   		   		
8115   			9.14   		   		
8121   			9.42   		   		
8126   			9.08   		   		
8132   			8.93   		   		
8138   			8.41   		   		
8144   			9.22   		   		
8149   			9.85   		   		
8155   			8.58   		   		
8161   			8.33   		   		
8167   			8.79   		   		
8172   			9.65   		   		
8178   			9.31   		   		
8184   			9.02   		   		
8189   			9.60   		   		
8195   			9.19   		   		
8201   			8.91   		   		
8207   			9.42   		   		
8212   			9.25   		   		
8218   			9.27   		   		
8224   			9.10   		   		
8230   			8.64   		   		
8235   			8.64   		   		
8241   			9.62   		   		
8247   			8.93   		   		
8252   			8.87   		   		
8258   			8.70   		   		
8264   			8.07   		   		
8270   			8.58   		   		
8275   			9.02   		   		
8281   			8.97   		   		
8287   			6.61   		   		
8292   			7.88   		   		
8298   			9.60   		   		
8304   			8.36   		   		
8310   			7.95   		   		
8315   			8.58   		   		
8321   			8.36   		   		
8327   			8.93   		   		
8333   			9.02   		   		
8338   			8.85   		   		
8344   			8.62   		   		
8350   			8.97   		   		
8355   			8.28   		   		
8361   			8.32   		   		
8367   			8.61   		   		
8373   			8.03   		   		
8378   			9.29   		   		
8384   			9.52   		   		
8390   			8.81   		   		
8396   			9.10   		   		
8401   			9.62   		   		
8407   			9.33   		   		
8413   			7.21   		   		
8418   			9.39   		   		
8424   			8.53   		   		
8430   			8.81   		   		
8436   			8.99   		   		
8441   			9.27   		   		
8447   			9.62   		   		
8453   			8.58   		   		
8459   			8.36   		   		
8464   			8.24   		   		
8470   			9.33   		   		
8476   			6.54   		   		
8481   			8.84   		   		
8487   			9.52   		   		
8493   			9.12   		   		
8499   			9.24   		   		
8504   			8.99   		   		
8510   			8.99   		   		
8516   			8.81   		   		
8522   			8.76   		   		
8527   			9.39   		   		
8533   			9.06   		   		
8539   			9.06   		   		
8544   			9.06   		   		
8550   			8.72   		   		
8556   			8.84   		   		
8562   			8.51   		   		
8567   			9.02   		   		
8573   			8.28   		   		
8579   			7.93   		   		
8585   			8.68   		   		
8590   			8.05   		   		
8596   			8.79   		   		
8602   			7.76   		   		
8607   			8.28   		   		
8613   			7.70   		   		
8619   			8.53   		   		
8625   			8.93   		   		
8630   			8.93   		   		
8636   			8.07   		   		
8642   			8.18   		   		
8648   			9.08   		   		
8653   			8.97   		   		
8659   			8.56   		   		
8665   			8.51   		   		
8670   			8.22   		   		
8676   			8.36   		   		
8682   			8.87   		   		
8688   			9.39   		   		
8693   			9.67   		   		
8699   			8.70   		   		
8705   			8.68   		   		
8711   			8.51   		   		
8716   			8.97   		   		
8722   			8.91   		   		
8728   			8.97   		   		
8733   			10.03   		   		
8739   			9.57   		   		
8745   			9.12   		   		
8751   			8.89   		   		
8756   			9.23   		   		
8762   			8.70   		   		
8768   			9.62   		   		
8774   			9.73   		   		
8779   			9.50   		   		
8785   			9.10   		   		
8791   			10.33   		   		
8796   			9.12   		   		
8802   			9.64   		   		
8808   			8.95   		   		
8814   			8.38   		   		
8819   			7.97   		   		
8825   			8.60   		   		
8831   			8.26   		   		
8837   			8.49   		   		
8842   			7.68   		   		
8848   			8.97   		   		
8854   			8.97   		   		
8859   			9.25   		   		
8865   			8.79   		   		
8871   			8.45   		   		
8877   			9.50   		   		
8882   			9.50   		   		
8888   			9.39   		   		
8894   			8.76   		   		
8900   			9.56   		   		
8905   			9.50   		   		
8911   			9.39   		   		
8917   			9.79   		   		
8922   			10.13   		   		
8928   			9.33   		   		
8934   			8.74   		   		
8940   			9.37   		   		
8945   			8.85   		   		
8951   			8.28   		   		
8957   			7.99   		   		
8963   			8.05   		   		
8968   			7.93   		   		
8974   			8.74   		   		
8980   			7.82   		   		
8985   			8.62   		   		
8991   			8.93   		   		
8997   			8.99   		   		
9003   			8.87   		   		
9008   			8.99   		   		
9014   			8.64   		   		
9020   			9.04   		   		
9026   			9.62   		   		
9031   			9.33   		   		
9037   			8.58   		   		
9043   			8.81   		   		
9048   			8.93   		   		
9054   			8.81   		   		
9060   			8.93   		   		
9066   			9.10   		   		
9071   			9.22   		   		
9077   			9.87   		   		
9083   			8.55   		   		
9089   			9.47   		   		
9094   			8.95   		   		
9100   			9.70   		   		
9106   			10.00   		   		
9111   			8.91   		   		
9117   			10.00   		   		
9123   			9.42   		   		
9129   			9.08   		   		
9134   			9.52   		   		
9140   			8.84   		   		
9146   			9.41   		   		
9152   			10.10   		   		
9157   			8.95   		   		
9163   			7.53   		   		
9169   			7.82   		   		
9174   			7.76   		   		
9180   			8.39   		   		
9186   			8.74   		   		
9192   			8.05   		   		
9197   			8.97   		   		
9203   			9.65   		   		
9209   			9.42   		   		
9215   			9.54   		   		
9220   			9.22   		   		
9226   			9.27   		   		
9232   			8.07   		   		
9237   			8.30   		   		
9243   			7.78   		   		
9249   			9.67   		   		
9255   			9.33   		   		
9260   			9.50   		   		
9266   			8.47   		   		
9272   			8.30   		   		
9278   			8.56   		   		
9283   			8.51   		   		
9289   			8.39   		   		
9295   			8.62   		   		
9300   			8.74   		   		
9306   			9.40   		   		
9312   			8.08   		   		
9318   			8.37   		   		
9323   			8.66   		   		
9329   			8.77   		   		
9335   			9.27   		   		
9341   			9.27   		   		
9346   			9.22   		   		
9352   			8.41   		   		
9358   			8.24   		   		
9363   			8.33   		   		
9369   			8.85   		   		
9375   			8.22   		   		
9381   			8.62   		   		
9386   			9.02   		   		
9392   			8.36   		   		
9398   			8.81   		   		
9404   			8.30   		   		
9409   			8.24   		   		
9415   			7.90   		   		
9421   			8.03   		   		
9426   			8.89   		   		
9432   			7.85   		   		
9438   			7.51   		   		
9444   			7.62   		   		
9449   			8.36   		   		
9455   			7.95   		   		
9461   			7.72   		   		
9467   			7.84   		   		
9472   			8.13   		   		
9478   			8.10   		   		
9484   			8.39   		   		
9489   			8.45   		   		
9495   			8.51   		   		
9501   			8.10   		   		
9507   			7.61   		   		
9512   			8.41   		   		
9518   			8.93   		   		
9524   			9.22   		   		
9530   			8.13   		   		
9535   			8.45   		   		
9541   			8.62   		   		
9547   			8.45   		   		
9552   			9.02   		   		
9558   			8.97   		   		
9564   			8.58   		   		
9570   			8.30   		   		
9575   			8.53   		   		
9581   			8.47   		   		
9587   			8.47   		   		
9592   			8.47   		   		
9598   			9.96   		   		
9604   			8.99   		   		
9610   			8.81   		   		
9615   			8.64   		   		
9621   			8.51   		   		
9627   			7.53   		   		
9633   			8.79   		   		
9638   			8.22   		   		
9644   			7.82   		   		
9650   			6.86   		   		
9655   			7.38   		   		
9661   			7.78   		   		
9667   			7.44   		   		
9673   			7.84   		   		
9678   			8.01   		   		
9684   			7.09   		   		
9690   			7.32   		   		
9696   			7.95   		   		
9701   			8.30   		   		
9707   			6.98   		   		
9713   			6.23   		   		
9718   			7.90   		   		
9724   			8.18   		   		
9730   			7.61   		   		
9736   			7.97   		   		
9741   			8.20   		   		
9747   			8.54   		   		
9753   			8.54   		   		
9759   			9.23   		   		
9764   			8.68   		   		
9770   			9.42   		   		
9776   			7.30   		   		
9781   			8.97   		   		
9787   			8.91   		   		
9793   			9.04   		   		
9799   			8.47   		   		
9804   			9.50   		   		
9810   			9.16   		   		
9816   			9.73   		   		
9822   			10.02   		   		
9827   			8.99   		   		
9833   			8.93   		   		
9839   			7.26   		   		
9844   			9.04   		   		
9850   			9.94   		   		
9856   			8.91   		   		
9862   			9.65   		   		
9867   			9.31   		   		
9873   			9.02   		   		
9879   			9.94   		   		
9885   			9.08   		   		
9890   			8.74   		   		
9896   			9.54   		   		
9902   			7.82   		   		
9907   			8.56   		   		
9913   			9.08   		   		
9919   			8.28   		   		
9925   			9.14   		   		
9930   			9.19   		   		
9936   			8.93   		   		
9942   			8.99   		   		
9948   			9.33   		   		
9953   			9.22   		   		
9959   			8.87   		   		
9965   			9.22   		   		
9970   			9.04   		   		
9976   			9.04   		   		
9982   			8.81   		   		
9988   			8.64   		   		
9993   			9.31   		   		
9999   			9.94   		   		
10005   			9.25   		   		
10011   			8.85   		   		
10016   			9.48   		   		
10022   			9.37   		   		
10028   			9.48   		   		
10033   			9.25   		   		
10039   			9.31   		   		
10045   			8.33   		   		
10051   			8.56   		   		
10056   			8.74   		   		
10062   			8.28   		   		
10068   			8.97   		   		
10074   			8.74   		   		
10079   			8.41   		   		
10085   			8.76   		   		
10091   			8.53   		   		
10096   			8.81   		   		
10102   			9.79   		   		
10108   			9.02   		   		
10114   			9.37   		   		
10119   			9.48   		   		
10125   			8.62   		   		
10131   			8.97   		   		
10137   			8.24   		   		
10142   			8.30   		   		
10148   			8.47   		   		
10154   			8.24   		   		
10159   			8.70   		   		
10165   			7.78   		   		
10171   			8.87   		   		
10177   			7.95   		   		
10182   			7.78   		   		
10188   			8.13   		   		
10194   			8.62   		   		
10200   			8.28   		   		
10205   			8.45   		   		
10211   			8.05   		   		
10217   			8.28   		   		
10222   			8.01   		   		
10228   			9.62   		   		
10234   			9.33   		   		
10240   			8.47   		   		
10245   			9.96   		   		
10251   			8.99   		   		
10257   			9.62   		   		
10263   			8.01   		   		
10268   			8.53   		   		
10274   			8.81   		   		
10280   			8.24   		   		
10285   			8.47   		   		
10291   			8.76   		   		
10297   			8.24   		   		
10303   			8.13   		   		
10308   			8.58   		   		
10314   			7.95   		   		
10320   			8.58   		   		
10326   			8.53   		   		
10331   			8.18   		   		
10337   			8.05   		   		
10343   			9.02   		   		
10348   			8.22   		   		
10354   			8.16   		   		
10360   			8.97   		   		
10366   			7.91   		   		
10371   			8.26   		   		
10377   			7.62   		   		
10383   			8.08   		   		
10389   			8.49   		   		
10394   			8.01   		   		
10400   			7.95   		   		
10406   			7.95   		   		
10411   			9.22   		   		
10417   			7.78   		   		
10423   			8.20   		   		
10429   			7.80   		   		
10434   			8.72   		   		
10440   			9.06   		   		
10446   			7.97   		   		
10452   			8.51   		   		
10457   			7.93   		   		
10463   			8.79   		   		
10469   			8.16   		   		
10474   			8.10   		   		
10480   			7.92   		   		
10486   			9.01   		   		
10492   			8.61   		   		
10497   			8.15   		   		
10503   			8.09   		   		
10509   			8.47   		   		
10515   			7.78   		   		
10520   			8.30   		   		
10526   			7.61   		   		
10532   			8.64   		   		
10537   			8.56   		   		
10543   			8.28   		   		
10549   			8.16   		   		
10555   			8.91   		   		
10560   			8.45   		   		
10566   			8.37   		   		
10572   			8.26   		   		
10578   			7.85   		   		
10583   			8.66   		   		
10589   			8.03   		   		
10595   			8.31   		   		
10600   			7.97   		   		
10606   			8.49   		   		
10612   			8.03   		   		
10618   			7.45   		   		
10623   			7.38   		   		
10629   			7.61   		   		
10635   			7.90   		   		
10641   			7.61   		   		
10646   			7.95   		   		
10652   			7.32   		   		
10658   			7.49   		   		
10663   			7.72   		   		
10669   			7.67   		   		
10675   			8.13   		   		
10681   			7.26   		   		
10686   			7.32   		   		
10692   			7.84   		   		
10698   			6.92   		   		
10704   			6.80   		   		
10709   			6.88   		   		
10715   			7.80   		   		
10721   			6.99   		   		
10726   			7.34   		   		
10732   			7.74   		   		
10738   			7.70   		   		
10744   			6.67   		   		
10749   			7.42   		   		
10755   			7.01   		   		
10761   			7.59   		   		
10767   			7.13   		   		
10772   			7.42   		   		
10778   			7.24   		   		
10784   			6.90   		   		
10789   			7.42   		   		
10795   			6.46   		   		
10801   			7.72   		   		
10807   			8.30   		   		
10812   			7.49   		   		
10818   			8.30   		   		
10824   			6.32   		   		
10830   			8.05   		   		
10835   			7.82   		   		
10841   			8.33   		   		
10847   			8.51   		   		
10852   			7.13   		   		
10858   			7.93   		   		
10864   			7.82   		   		
10870   			7.70   		   		
10875   			7.47   		   		
10881   			7.24   		   		
10887   			6.96   		   		
10893   			7.53   		   		
10898   			8.10   		   		
10904   			7.82   		   		
10910   			7.92   		   		
10915   			7.80   		   		
10921   			8.38   		   		
10927   			9.29   		   		
10933   			8.55   		   		
10938   			8.86   		   		
10944   			8.45   		   		
10950   			5.93   		   		
10955   			7.82   		   		
10961   			8.00   		   		
10967   			9.19   		   		
10973   			9.02   		   		
10978   			8.91   		   		
10984   			8.91   		   		
10990   			8.74   		   		
10996   			7.59   		   		
11001   			8.33   		   		
11007   			8.39   		   		
11013   			7.47   		   		
11018   			9.31   		   		
11024   			8.99   		   		
11030   			8.58   		   		
11036   			8.47   		   		
11041   			8.07   		   		
11047   			8.76   		   		
11053   			8.85   		   		
11059   			8.79   		   		
11064   			8.28   		   		
11070   			9.42   		   		
11076   			6.44   		   		
11081   			8.20   		   		
11087   			8.26   		   		
11093   			7.74   		   		
11099   			6.88   		   		
11104   			7.22   		   		
11110   			7.78   		   		
11116   			8.93   		   		
11122   			8.53   		   		
11127   			8.30   		   		
11133   			8.47   		   		
11139   			6.76   		   		
11144   			8.20   		   		
11150   			7.62   		   		
11156   			7.05   		   		
11162   			7.91   		   		
11167   			7.67   		   		
11173   			8.18   		   		
11179   			7.78   		   		
11185   			7.95   		   		
11190   			7.95   		   		
11196   			8.13   		   		
11202   			7.32   		   		
11207   			8.24   		   		
11213   			8.18   		   		
11219   			7.49   		   		
11225   			7.19   		   		
11230   			7.36   		   		
11236   			7.82   		   		
11242   			7.93   		   		
11248   			8.33   		   		
11253   			8.39   		   		
11259   			7.59   		   		
11265   			7.47   		   		
11270   			7.99   		   		
11276   			8.16   		   		
11282   			8.51   		   		
11288   			8.16   		   		
11293   			7.47   		   		
11299   			7.76   		   		
11305   			8.33   		   		
11311   			7.76   		   		
11316   			7.36   		   		
11322   			8.05   		   		
11328   			8.33   		   		
11333   			7.82   		   		
11339   			8.87   		   		
11345   			8.07   		   		
11351   			8.01   		   		
11356   			8.24   		   		
11362   			7.49   		   		
11368   			8.26   		   		
11374   			8.43   		   		
11379   			7.74   		   		
11385   			6.88   		   		
11391   			7.45   		   		
11396   			8.66   		   		
11402   			7.86   		   		
11408   			8.03   		   		
11414   			7.74   		   		
11419   			7.06   		   		
11425   			7.44   		   		
11431   			5.71   		   		
11436   			8.01   		   		
11442   			8.18   		   		
11448   			7.90   		   		
11454   			8.36   		   		
11459   			7.78   		   		
11465   			8.07   		   		
11471   			7.61   		   		
11477   			7.32   		   		
11482   			7.67   		   		
11488   			7.95   		   		
11494   			6.23   		   		
11499   			8.18   		   		
11505   			8.47   		   		
11511   			8.13   		   		
11517   			8.76   		   		
11522   			8.36   		   		
11528   			8.24   		   		
11534   			8.36   		   		
11540   			8.30   		   		
11545   			7.78   		   		
11551   			8.47   		   		
11557   			7.72   		   		
11562   			8.58   		   		
11568   			8.55   		   		
11574   			9.75   		   		
11580   			9.92   		   		
11585   			8.61   		   		
11591   			8.72   		   		
11597   			9.06   		   		
11603   			8.72   		   		
11608   			8.66   		   		
11614   			9.24   		   		
11620   			8.20   		   		
11625   			8.74   		   		
11631   			9.31   		   		
11637   			8.68   		   		
11643   			8.91   		   		
11648   			8.74   		   		
11654   			8.33   		   		
11660   			8.51   		   		
11666   			8.62   		   		
11671   			8.33   		   		
11677   			8.62   		   		
11683   			9.31   		   		
11688   			8.74   		   		
11694   			9.02   		   		
11700   			8.74   		   		
11706   			8.91   		   		
11711   			9.25   		   		
11717   			9.88   		   		
11723   			9.48   		   		
11729   			9.37   		   		
11734   			8.45   		   		
11740   			9.04   		   		
11746   			8.58   		   		
11751   			9.39   		   		
11757   			8.64   		   		
11763   			9.22   		   		
11769   			9.02   		   		
11774   			9.08   		   		
11780   			8.56   		   		
11786   			8.39   		   		
11792   			9.25   		   		
11797   			8.41   		   		
11803   			8.64   		   		
11809   			8.69   		   		
11814   			9.61   		   		
11820   			9.61   		   		
11826   			9.44   		   		
11832   			8.64   		   		
11837   			9.39   		   		
11843   			8.70   		   		
11849   			8.47   		   		
11855   			7.72   		   		
11860   			8.76   		   		
11866   			8.47   		   		
11872   			8.70   		   		
11877   			8.81   		   		
11883   			8.32   		   		
11889   			8.38   		   		
11895   			7.23   		   		
11900   			8.09   		   		
11906   			8.26   		   		
11912   			8.81   		   		
11918   			8.87   		   		
11923   			9.33   		   		
11929   			8.36   		   		
11935   			8.70   		   		
11940   			7.76   		   		
11946   			8.68   		   		
11952   			7.93   		   		
11958   			9.31   		   		
11963   			9.25   		   		
11969   			9.33   		   		
11975   			9.62   		   		
11981   			8.81   		   		
11986   			8.41   		   		
11992   			8.30   		   		
11998   			8.51   		   		
12003   			9.19   		   		
12009   			9.02   		   		
12015   			8.56   		   		
12021   			8.91   		   		
12026   			8.41   		   		
12032   			8.47   		   		
12038   			7.95   		   		
12044   			8.47   		   		
12049   			8.01   		   		
12055   			8.16   		   		
12061   			8.28   		   		
12066   			7.99   		   		
12072   			7.82   		   		
12078   			8.68   		   		
12084   			8.51   		   		
12089   			8.51   		   		
12095   			8.74   		   		
12101   			7.70   		   		
12107   			8.62   		   		
12112   			8.94   		   		
12118   			8.31   		   		
12124   			7.91   		   		
12129   			8.20   		   		
12135   			8.49   		   		
12141   			8.41   		   		
12147   			9.04   		   		
12152   			8.70   		   		
12158   			8.24   		   		
12164   			9.16   		   		
12170   			8.97   		   		
12175   			8.97   		   		
12181   			8.85   		   		
12187   			8.16   		   		
12192   			8.91   		   		
12198   			8.93   		   		
12204   			7.95   		   		
12210   			7.90   		   		
12215   			8.47   		   		
12221   			8.81   		   		
12227   			8.10   		   		
12232   			9.37   		   		
12238   			7.19   		   		
12244   			8.22   		   		
12250   			9.14   		   		
12255   			9.19   		   		
12261   			9.02   		   		
12267   			8.10   		   		
12273   			7.93   		   		
12278   			7.76   		   		
12284   			8.30   		   		
12290   			8.87   		   		
12295   			8.70   		   		
12301   			9.04   		   		
12307   			8.30   		   		
12313   			8.51   		   		
12318   			9.19   		   		
12324   			8.97   		   		
12330   			8.97   		   		
12336   			8.62   		   		
12341   			8.33   		   		
12347   			8.10   		   		
12353   			6.84   		   		
12358   			8.28   		   		
12364   			8.45   		   		
12370   			8.38   		   		
12376   			7.86   		   		
12381   			8.78   		   		
12387   			8.38   		   		
12393   			9.12   		   		
12399   			7.72   		   		
12404   			8.18   		   		
12410   			8.13   		   		
12416   			7.21   		   		
12421   			8.76   		   		
12427   			9.04   		   		
12433   			8.64   		   		
12439   			8.58   		   		
12444   			8.58   		   		
12450   			8.01   		   		
12456   			8.39   		   		
12462   			7.76   		   		
12467   			8.05   		   		
12473   			8.28   		   		
12479   			6.27   		   		
12484   			9.48   		   		
12490   			8.56   		   		
12496   			9.08   		   		
12502   			8.22   		   		
12507   			8.62   		   		
12513   			8.38   		   		
12519   			8.78   		   		
12525   			7.97   		   		
12530   			7.92   		   		
12536   			8.20   		   		
12542   			7.03   		   		
12547   			8.99   		   		
12553   			9.56   		   		
12559   			9.16   		   		
12565   			8.64   		   		
12570   			8.36   		   		
12576   			8.47   		   		
12582   			8.47   		   		
12588   			8.36   		   		
12593   			8.81   		   		
12599   			9.01   		   		
12605   			6.19   		   		
12610   			8.55   		   		
12616   			8.03   		   		
12622   			8.61   		   		
12628   			8.13   		   		
12633   			8.01   		   		
12639   			8.36   		   		
12645   			8.70   		   		
12651   			9.73   		   		
12656   			7.95   		   		
12662   			7.78   		   		
12668   			5.14   		   		
12673   			7.03   		   		
12679   			7.72   		   		
12685   			7.42   		   		
12691   			8.10   		   		
12696   			7.19   		   		
12702   			7.42   		   		
12708   			6.61   		   		
12714   			7.32   		   		
12719   			7.15   		   		
12725   			8.18   		   		
12731   			6.40   		   		
12736   			7.61   		   		
12742   			7.54   		   		
12748   			8.45   		   		
12754   			8.68   		   		
12759   			8.74   		   		
12765   			8.11   		   		
12771   			8.10   		   		
12777   			7.65   		   		
12782   			7.65   		   		
12788   			8.10   		   		
12794   			6.21   		   		
12799   			7.55   		   		
12805   			7.84   		   		
12811   			8.07   		   		
12817   			7.84   		   		
12822   			8.30   		   		
12828   			8.47   		   		
12834   			9.04   		   		
12840   			7.78   		   		
12845   			8.41   		   		
12851   			8.18   		   		
12857   			6.29   		   		
12862   			8.24   		   		
12868   			8.64   		   		
12874   			8.01   		   		
12880   			7.90   		   		
12885   			7.55   		   		
12891   			8.47   		   		
12897   			8.93   		   		
12903   			8.87   		   		
12908   			8.30   		   		
12914   			8.18   		   		
12920   			8.07   		   		
12925   			8.58   		   		
12931   			8.93   		   		
12937   			9.22   		   		
12943   			8.89   		   		
12948   			8.77   		   		
12954   			8.71   		   		
12960   			9.63   		   		
12966   			8.83   		   		
12971   			8.79   		   		
12977   			8.33   		   		
12983   			8.45   		   		
12988   			9.08   		   		
12994   			9.02   		   		
13000   			8.13   		   		
13006   			8.87   		   		
13011   			8.58   		   		
13017   			8.47   		   		
13023   			8.76   		   		
13029   			8.76   		   		
13034   			9.04   		   		
13040   			8.24   		   		
13046   			7.55   		   		
13051   			7.44   		   		
13057   			8.32   		   		
13063   			8.26   		   		
13069   			8.03   		   		
13074   			8.43   		   		
13080   			8.15   		   		
13086   			8.10   		   		
13092   			7.13   		   		
13097   			7.93   		   		
13103   			7.30   		   		
13109   			7.99   		   		
13114   			7.57   		   		
13120   			7.80   		   		
13126   			8.43   		   		
13132   			8.20   		   		
13137   			6.83   		   		
13143   			7.32   		   		
13149   			8.18   		   		
13155   			8.01   		   		
13160   			8.64   		   		
13166   			9.10   		   		
13172   			8.51   		   		
13177   			8.45   		   		
13183   			8.33   		   		
13189   			9.08   		   		
13195   			8.33   		   		
13200   			8.09   		   		
13206   			7.29   		   		
13212   			8.03   		   		
13218   			8.03   		   		
13223   			7.92   		   		
13229   			7.95   		   		
13235   			7.55   		   		
13240   			6.98   		   		
13246   			6.86   		   		
13252   			7.72   		   		
13258   			7.38   		   		
13263   			7.78   		   		
13269   			8.24   		   		
13275   			7.49   		   		
13281   			7.32   		   		
13286   			8.39   		   		
13292   			8.51   		   		
13298   			8.33   		   		
13303   			7.88   		   		
13309   			7.30   		   		
13315   			6.86   		   		
13321   			6.69   		   		
13326   			6.57   		   		
13332   			7.21   		   		
13338   			8.30   		   		
13344   			7.95   		   		
13349   			7.44   		   		
13355   			7.03   		   		
13361   			6.52   		   		
13366   			7.03   		   		
13372   			7.61   		   		
13378   			8.24   		   		
13384   			8.81   		   		
13389   			6.92   		   		
13395   			7.72   		   		
13401   			7.44   		   		
13407   			7.09   		   		
13412   			7.26   		   		
13418   			7.72   		   		
13424   			7.55   		   		
13429   			7.67   		   		
13435   			7.03   		   		
13441   			6.98   		   		
13447   			6.52   		   		
13452   			7.38   		   		
13458   			7.49   		   		
13464   			7.90   		   		
13470   			7.49   		   		
13475   			7.72   		   		
13481   			7.72   		   		
13487   			7.78   		   		
13492   			7.78   		   		
13498   			7.61   		   		
13504   			6.57   		   		
13510   			6.92   		   		
13515   			7.32   		   		
13521   			8.47   		   		
13527   			7.61   		   		
13533   			8.64   		   		
13538   			7.44   		   		
13544   			8.47   		   		
13550   			8.24   		   		
13555   			7.95   		   		
13561   			7.84   		   		
13567   			8.07   		   		
13573   			8.09   		   		
13578   			7.92   		   		
13584   			7.80   		   		
13590   			8.38   		   		
13596   			6.94   		   		
13601   			7.30   		   		
13607   			7.07   		   		
13613   			8.22   		   		
13618   			8.45   		   		
13624   			7.76   		   		
13630   			8.07   		   		
13636   			7.78   		   		
13641   			7.61   		   		
13647   			7.95   		   		
13653   			8.30   		   		
13659   			8.20   		   		
13664   			8.38   		   		
13670   			8.49   		   		
13676   			7.52   		   		
13681   			7.40   		   		
13687   			8.56   		   		
13693   			9.02   		   		
13699   			7.53   		   		
13704   			7.82   		   		
13710   			7.59   		   		
13716   			6.71   		   		
13721   			7.45   		   		
13727   			8.20   		   		
13733   			7.74   		   		
13739   			8.03   		   		
13744   			7.95   		   		
13750   			8.24   		   		
13756   			8.41   		   		
13762   			8.70   		   		
13767   			8.30   		   		
13773   			6.83   		   		
13779   			5.45   		   		
13784   			7.80   		   		
13790   			6.65   		   		
13796   			7.17   		   		
13802   			7.36   		   		
13807   			7.99   		   		
13813   			7.70   		   		
13819   			7.59   		   		
13825   			7.59   		   		
13830   			7.78   		   		
13836   			8.24   		   		
13842   			5.19   		   		
13847   			7.67   		   		
13853   			6.75   		   		
13859   			7.95   		   		
13865   			8.58   		   		
13870   			8.41   		   		
13876   			8.01   		   		
13882   			8.24   		   		
13888   			8.16   		   		
13893   			7.07   		   		
13899   			7.36   		   		
13905   			4.54   		   		
13910   			7.13   		   		
13916   			8.18   		   		
13922   			8.01   		   		
13928   			8.81   		   		
13933   			8.07   		   		
13939   			8.18   		   		
13945   			7.80   		   		
13951   			7.69   		   		
13956   			7.40   		   		
13962   			7.57   		   		
13968   			8.61   		   		
13973   			7.67   		   		
13979   			7.72   		   		
13985   			7.55   		   		
13991   			8.53   		   		
13996   			8.24   		   		
14002   			7.76   		   		
14008   			8.22   		   		
14014   			8.05   		   		
14019   			8.16   		   		
14025   			8.05   		   		
14031   			8.64   		   		
14036   			7.67   		   		
14042   			7.21   		   		
14048   			8.01   		   		
14054   			9.22   		   		
14059   			9.18   		   		
14065   			9.18   		   		
14071   			9.01   		   		
14077   			8.43   		   		
14082   			8.20   		   		
14088   			8.30   		   		
14094   			8.13   		   		
14099   			7.55   		   		
14105   			7.61   		   		
14111   			8.30   		   		
14117   			8.97   		   		
14122   			8.39   		   		
14128   			7.99   		   		
14134   			7.53   		   		
14140   			7.47   		   		
14145   			8.43   		   		
14151   			7.57   		   		
14157   			7.92   		   		
14162   			7.97   		   		
14168   			8.49   		   		
14174   			8.62   		   		
14180   			8.45   		   		
14185   			8.22   		   		
14191   			8.05   		   		
14197   			8.74   		   		
14203   			8.15   		   		
14208   			8.15   		   		
14214   			8.55   		   		
14220   			7.63   		   		
14225   			7.17   		   		
14231   			7.95   		   		
14237   			7.61   		   		
14243   			7.44   		   		
14248   			7.21   		   		
14254   			8.18   		   		
14260   			8.56   		   		
14266   			7.24   		   		
14271   			6.96   		   		
14277   			6.44   		   		
14283   			8.39   		   		
14288   			8.05   		   		
14294   			7.53   		   		
14300   			8.62   		   		
14306   			8.28   		   		
14311   			8.45   		   		
14317   			7.78   		   		
14323   			8.18   		   		
14329   			7.21   		   		
14334   			8.70   		   		
14340   			8.81   		   		
14346   			8.62   		   		
14351   			8.56   		   		
14357   			8.39   		   		
14363   			8.51   		   		
14369   			7.47   		   		
14374   			8.30   		   		
14380   			7.95   		   		
14386   			9.10   		   		
14392   			7.95   		   		
14397   			7.84   		   		
14403   			7.52   		   		
14409   			7.17   		   		
14414   			8.03   		   		
14420   			7.80   		   		
14426   			7.69   		   		
14432   			8.13   		   		
14437   			7.15   		   		
14443   			7.49   		   		
14449   			7.49   		   		
14455   			7.32   		   		
14460   			6.86   		   		
14466   			6.98   		   		
14472   			7.95   		   		
14477   			8.41   		   		
14483   			7.72   		   		
14489   			7.38   		   		
14495   			8.41   		   		
14500   			6.80   		   		
14506   			7.09   		   		
14512   			7.84   		   		
14518   			6.80   		   		
14523   			6.98   		   		
14529   			6.98   		   		
14535   			7.61   		   		
14540   			7.49   		   		
14546   			6.52   		   		
14552   			7.55   		   		
14558   			7.78   		   		
14563   			7.90   		   		
14569   			7.38   		   		
14575   			7.11   		   		
14581   			7.40   		   		
14586   			7.46   		   		
14592   			7.52   		   		
14598   			7.34   		   		
14603   			6.96   		   		
14609   			8.39   		   		
14615   			8.39   		   		
14621   			8.56   		   		
14626   			8.22   		   		
14632   			8.33   		   		
14638   			8.28   		   		
14644   			7.36   		   		
14649   			7.70   		   		
14655   			7.30   		   		
14661   			7.63   		   		
14666   			7.46   		   		
14672   			7.11   		   		
14678   			7.57   		   		
14684   			7.11   		   		
14689   			7.03   		   		
14695   			7.84   		   		
14701   			9.10   		   		
14707   			7.38   		   		
14712   			8.01   		   		
14718   			7.55   		   		
14724   			7.72   		   		
14729   			8.58   		   		
14735   			8.01   		   		
14741   			7.84   		   		
14747   			8.51   		   		
14752   			8.10   		   		
14758   			7.70   		   		
14764   			7.99   		   		
14770   			7.53   		   		
14775   			7.34   		   		
14781   			7.17   		   		
14787   			8.20   		   		
14792   			7.29   		   		
14798   			7.97   		   		
14804   			7.80   		   		
14810   			7.74   		   		
14815   			7.62   		   		
14821   			7.39   		   		
14827   			7.62   		   		
14833   			7.78   		   		
14838   			8.07   		   		
14844   			8.41   		   		
14850   			7.84   		   		
14855   			7.78   		   		
14861   			7.93   		   		
14867   			7.93   		   		
14873   			7.30   		   		
14878   			7.30   		   		
14884   			7.30   		   		
14890   			7.44   		   		
14896   			7.38   		   		
14901   			8.24   		   		
14907   			7.38   		   		
14913   			7.38   		   		
14918   			7.78   		   		
14924   			8.18   		   		
14930   			8.07   		   		
14936   			7.09   		   		
14941   			9.10   		   		
14947   			8.47   		   		
14953   			7.84   		   		
14959   			8.47   		   		
14964   			8.70   		   		
14970   			8.07   		   		
14976   			8.30   		   		
14981   			8.41   		   		
14987   			7.55   		   		
14993   			7.95   		   		
14999   			7.78   		   		
15004   			8.41   		   		
15010   			8.81   		   		
15016   			8.41   		   		
15022   			7.72   		   		
15027   			7.95   		   		
15033   			7.38   		   		
15039   			7.49   		   		
15044   			7.26   		   		
15050   			7.32   		   		
15056   			7.44   		   		
15062   			7.21   		   		
15067   			7.72   		   		
15073   			7.26   		   		
15079   			6.63   		   		
15085   			7.78   		   		
15090   			8.22   		   		
15096   			9.02   		   		
15102   			8.56   		   		
15107   			8.56   		   		
15113   			7.76   		   		
15119   			8.16   		   		
15125   			7.13   		   		
15130   			7.76   		   		
15136   			7.42   		   		
15142   			7.59   		   		
15148   			8.55   		   		
15153   			8.32   		   		
15159   			8.66   		   		
15165   			9.06   		   		
15170   			8.15   		   		
15176   			7.67   		   		
15182   			7.49   		   		
15188   			6.80   		   		
15193   			7.32   		   		
15199   			7.21   		   		
15205   			8.41   		   		
15210   			7.61   		   		
15216   			8.93   		   		
15222   			8.81   		   		
15228   			9.73   		   		
15233   			9.37   		   		
15239   			8.10   		   		
15245   			8.74   		   		
15251   			8.45   		   		
15256   			8.10   		   		
15262   			7.19   		   		
15268   			6.27   		   		
15273   			7.47   		   		
15279   			6.50   		   		
15285   			7.65   		   		
15291   			8.14   		   		
15296   			7.51   		   		
15302   			7.68   		   		
15308   			6.65   		   		
15314   			7.57   		   		
15319   			6.98   		   		
15325   			7.49   		   		
15331   			6.63   		   		
15336   			7.67   		   		
15342   			7.15   		   		
15348   			8.18   		   		
15354   			8.36   		   		
15359   			6.69   		   		
15365   			6.63   		   		
15371   			6.46   		   		
15377   			6.84   		   		
15382   			7.30   		   		
15388   			7.13   		   		
15394   			6.67   		   		
15399   			7.76   		   		
15405   			7.19   		   		
15411   			6.96   		   		
15417   			6.96   		   		
15422   			6.84   		   		
15428   			7.53   		   		
15434   			7.01   		   		
15440   			7.30   		   		
15445   			7.65   		   		
15451   			6.90   		   		
15457   			7.47   		   		
15462   			7.42   		   		
15468   			7.19   		   		
15474   			7.19   		   		
15480   			7.01   		   		
15485   			6.84   		   		
15491   			7.82   		   		
15497   			6.84   		   		
15503   			6.96   		   		
15508   			7.07   		   		
15514   			7.01   		   		
15520   			7.19   		   		
15525   			6.61   		   		
15531   			7.24   		   		
15537   			7.47   		   		
15543   			7.36   		   		
15548   			7.38   		   		
15554   			6.80   		   		
15560   			6.17   		   		
15566   			6.80   		   		
15571   			7.26   		   		
15577   			7.23   		   		
15583   			7.52   		   		
15588   			7.17   		   		
15594   			7.69   		   		
15600   			7.69   		   		
15606   			7.36   		   		
15611   			7.93   		   		
15617   			8.91   		   		
15623   			7.70   		   		
15629   			7.36   		   		
15634   			6.60   		   		
15640   			7.34   		   		
15646   			7.57   		   		
15651   			7.00   		   		
15657   			7.11   		   		
15663   			7.21   		   		
15669   			6.69   		   		
15674   			7.84   		   		
15680   			6.98   		   		
15686   			7.32   		   		
15692   			7.84   		   		
15697   			6.63   		   		
15703   			6.75   		   		
15709   			7.03   		   		
15714   			7.90   		   		
15720   			8.20   		   		
15726   			7.57   		   		
15732   			7.11   		   		
15737   			7.00   		   		
15743   			7.40   		   		
15749   			7.47   		   		
15754   			7.93   		   		
15760   			7.82   		   		
15766   			7.65   		   		
15772   			7.24   		   		
15777   			7.76   		   		
15783   			7.88   		   		
15789   			8.10   		   		
15795   			6.96   		   		
15800   			7.07   		   		
15806   			7.38   		   		
15812   			6.23   		   		
15817   			7.72   		   		
15823   			7.26   		   		
15829   			7.21   		   		
15835   			7.28   		   		
15840   			7.16   		   		
15846   			7.80   		   		
15852   			6.88   		   		
15858   			7.85   		   		
15863   			6.84   		   		
15869   			7.99   		   		
15875   			6.50   		   		
15880   			7.53   		   		
15886   			7.01   		   		
15892   			7.53   		   		
15898   			7.47   		   		
15903   			7.59   		   		
15909   			7.19   		   		
15915   			7.59   		   		
15921   			7.42   		   		
15926   			7.76   		   		
15932   			7.30   		   		
15938   			5.35   		   		
15943   			6.90   		   		
15949   			7.01   		   		
15955   			7.70   		   		
15961   			8.05   		   		
15966   			8.45   		   		
15972   			6.78   		   		
15978   			7.32   		   		
15984   			7.55   		   		
15989   			7.72   		   		
15995   			7.26   		   		
16001   			7.26   		   		
16006   			7.57   		   		
16012   			7.57   		   		
16018   			6.94   		   		
16024   			7.74   		   		
16029   			7.68   		   		
16035   			7.76   		   		
16041   			7.24   		   		
16047   			7.53   		   		
16052   			6.78   		   		
16058   			6.55   		   		
16064   			5.75   		   		
16069   			5.23   		   		
16075   			6.09   		   		
16081   			5.40   		   		
16087   			5.75   		   		
16092   			6.50   		   		
16098   			5.92   		   		
16104   			5.46   		   		
16110   			6.44   		   		
16115   			5.98   		   		
16121   			5.42   		   		
16127   			5.71   		   		
16132   			5.77   		   		
16138   			5.08   		   		
16144   			3.98   		   		
16150   			4.44   		   		
16155   			4.50   		   		
16161   			5.08   		   		
16167   			4.27   		   		
16173   			5.08   		   		
16178   			3.96   		   		
16184   			4.14   		   		
16190   			4.31   		   		
16195   			3.85   		   		
16201   			4.08   		   		
16207   			4.10   		   		
16213   			3.75   		   		
16218   			3.52   		   		
16224   			3.29   		   		
16230   			3.18   		   		
16236   			3.33   		   		
16241   			3.39   		   		
16247   			2.69   		   		
16253   			2.29   		   		
16258   			2.69   		   		
16264   			2.77   		   		
16270   			2.31   		   		
16276   			2.31   		   		
16281   			2.71   		   		
16287   			2.60   		   		
16293   			2.31   		   		
16299   			2.71   		   		
16304   			3.00   		   		
16310   			2.37   		   		
16316   			2.60   		   		
16321   			2.64   		   		
16327   			2.23   		   		
16333   			2.23   		   		
16339   			1.60   		   		
16344   			1.71   		   		
16350   			1.62   		   		
16356   			1.67   		   		
16361   			2.71   		   		
16367   			1.96   		   		
16373   			1.56   		   		
16379   			1.48   		   		
16384   			0.84   		   		
16390   			1.60   		   		
16396   			0.79   		   		
16402   			1.71   		   		
16407   			0.98   		   		
16413   			1.56   		   		
16419   			-1.34   		   		
16424   			0.86   		   		
16430   			1.10   		   		
16436   			0.48   		   		
16442   			1.00   		   		
16447   			0.83   		   		
16453   			0.13   		   		
16459   			1.35   		   		
16465   			0.86   		   		
16470   			0.40   		   		
16476   			-0.12   		   		
16482   			-1.74   		   		
16487   			1.27   		   		
16493   			1.36   		   		
16499   			0.55   		   		
16505   			0.84   		   		
16510   			0.09   		   		
16516   			0.67   		   		
16522   			0.86   		   		
16528   			0.05   		   		
16533   			0.58   		   		
16539   			0.05   		   		
16545   			0.05   		   		
16550   			0.00   		   		
16556   			-0.12   		   		
16562   			-0.06   		   		
16568   			0.00   		   		
16573   			0.63   		   		
16579   			0.54   		   		
16585   			-0.21   		   		
16591   			-0.21   		   		
16596   			0.77   		   		
16602   			0.77   		   		
16608   			-0.35   		   		
16613   			0.05   		   		
16619   			0.63   		   		
16625   			-0.76   		   		
16631   			-0.18   		   		
16636   			0.15   		   		
16642   			0.55   		   		
16648   			0.84   		   		
16654   			0.15   		   		
16659   			0.03   		   		
16665   			-1.01   		   		
16671   			-0.66   		   		
16676   			-1.07   		   		
16682   			-1.24   		   		
16688   			-0.60   		   		
16694   			-0.29   		   		
16699   			0.34   		   		
16705   			0.46   		   		
16711   			-0.76   		   		
16717   			-0.76   		   		
16722   			-0.49   		   		
16728   			-0.89   		   		
16734   			-1.36   		   		
16739   			0.50   		   		
16745   			-1.88   		   		
16751   			-0.33   		   		
16757   			-0.74   		   		
16762   			-0.33   		   		
16768   			-0.33   		   		
16774   			-1.90   		   		
16780   			-1.34   		   		
16785   			-0.76   		   		
16791   			-0.35   		   		
16797   			-0.93   		   		
16802   			-1.22   		   		
16808   			-1.03   		   		
16814   			-0.39   		   		
16820   			-0.68   		   		
16825   			-0.10   		   		
16831   			0.08   		   		
16837   			-0.58   		   		
16843   			-1.16   		   		
16848   			-0.41   		   		
16854   			-0.87   		   		
16860   			-1.86   		   		
16865   			-1.94   		   		
16871   			-1.24   		   		
16877   			-1.01   		   		
16883   			-1.30   		   		
16888   			-2.05   		   		
16894   			-1.74   		   		
16900   			-2.03   		   		
16906   			-0.99   		   		
16911   			-1.68   		   		
16917   			-2.85   		   		
16923   			-2.29   		   		
16928   			-1.94   		   		
16934   			-1.94   		   		
16940   			-1.76   		   		
16946   			-2.58   		   		
16951   			-2.23   		   		
16957   			-2.23   		   		
16963   			-2.05   		   		
16969   			-2.46   		   		
16974   			-2.05   		   		
16980   			-2.77   		   		
16986   			-2.42   		   		
16991   			-1.14   		   		
16997   			-1.32   		   		
17003   			-1.32   		   		
17009   			-1.05   		   		
17014   			-1.39   		   		
17020   			-1.05   		   		
17026   			-0.81   		   		
17032   			-1.80   		   		
17037   			-1.74   		   		
17043   			-1.57   		   		
17049   			-1.51   		   		
17054   			-2.21   		   		
17060   			-2.56   		   		
17066   			-2.24   		   		
17072   			-2.24   		   		
17077   			-1.90   		   		
17083   			-2.13   		   		
17089   			-3.12   		   		
17094   			-1.53   		   		
17100   			-1.01   		   		
17106   			-1.88   		   		
17112   			-1.42   		   		
17117   			-1.13   		   		
17123   			-1.05   		   		
17129   			-1.22   		   		
17135   			-1.22   		   		
17140   			-0.81   		   		
17146   			-0.41   		   		
17152   			-2.98   		   		
17157   			-1.36   		   		
17163   			-2.17   		   		
17169   			-2.29   		   		
17175   			-1.76   		   		
17180   			-1.47   		   		
17186   			-1.30   		   		
17192   			-2.17   		   		
17198   			-3.27   		   		
17203   			-2.58   		   		
17209   			-1.97   		   		
17215   			-2.21   		   		
17220   			-1.80   		   		
17226   			-1.86   		   		
17232   			-2.32   		   		
17238   			-2.23   		   		
17243   			-1.53   		   		
17249   			-1.07   		   		
17255   			-1.71   		   		
17261   			-2.17   		   		
17266   			-2.32   		   		
17272   			-1.74   		   		
17278   			-3.02   		   		
17283   			-2.67   		   		
17289   			-2.03   		   		
17295   			-1.42   		   		
17301   			-2.23   		   		
17306   			-1.59   		   		
17312   			-1.30   		   		
17318   			-2.29   		   		
17324   			-1.28   		   		
17329   			-1.39   		   		
17335   			-1.10   		   		
17341   			-2.61   		   		
17346   			-1.51   		   		
17352   			-2.48   		   		
17358   			-1.61   		   		
17364   			-1.67   		   		
17369   			-2.25   		   		
17375   			-1.61   		   		
17381   			-1.13   		   		
17387   			-1.42   		   		
17392   			-1.13   		   		
17398   			-1.76   		   		
17404   			-1.13   		   		
17409   			-1.71   		   		
17415   			-1.82   		   		
17421   			-2.69   		   		
17427   			-2.34   		   		
17432   			-2.29   		   		
17438   			-2.21   		   		
17444   			-1.39   		   		
17450   			-2.15   		   		
17455   			-2.79   		   		
17461   			-3.14   		   		
17467   			-1.97   		   		
17472   			-1.57   		   		
17478   			-1.80   		   		
17484   			-1.80   		   		
17490   			-2.27   		   		
17495   			-1.97   		   		
17501   			-1.51   		   		
17507   			-1.51   		   		
17513   			-1.68   		   		
17518   			-1.92   		   		
17524   			-2.98   		   		
17530   			-2.29   		   		
17535   			-2.81   		   		
17541   			-2.29   		   		
17547   			-2.23   		   		
17553   			-2.56   		   		
17558   			-1.68   		   		
17564   			-2.73   		   		
17570   			-2.73   		   		
17576   			-1.74   		   		
17581   			-2.15   		   		
17587   			-1.51   		   		
17593   			-1.34   		   		
17598   			-1.92   		   		
17604   			-0.76   		   		
17610   			-1.92   		   		
17616   			-2.27   		   		
17621   			-2.27   		   		
17627   			-3.14   		   		
17633   			-2.38   		   		
17639   			-3.14   		   		
17644   			-2.56   		   		
17650   			-2.61   		   		
17656   			-1.51   		   		
17661   			-1.39   		   		
17667   			-1.97   		   		
17673   			-1.97   		   		
17679   			-1.80   		   		
17684   			-1.45   		   		
17690   			-1.86   		   		
17696   			-2.09   		   		
17702   			-1.63   		   		
17707   			-2.38   		   		
17713   			-1.80   		   		
17719   			-1.63   		   		
17724   			-2.15   		   		
17730   			-1.86   		   		
17736   			-2.15   		   		
17742   			-1.39   		   		
17747   			-1.39   		   		
17753   			-2.11   		   		
17759   			-4.26   		   		
17764   			-2.63   		   		
17770   			-2.87   		   		
17776   			-2.58   		   		
17782   			-1.65   		   		
17787   			-1.88   		   		
17793   			-2.05   		   		
17799   			-2.46   		   		
17805   			-2.23   		   		
17810   			-2.05   		   		
17816   			-2.46   		   		
17822   			-3.39   		   		
17827   			-2.75   		   		
17833   			-1.94   		   		
17839   			-2.46   		   		
17845   			-2.34   		   		
17850   			-2.00   		   		
17856   			-2.23   		   		
17862   			-2.34   		   		
17868   			-2.00   		   		
17873   			-2.52   		   		
17879   			-2.29   		   		
17885   			-2.87   		   		
17890   			-2.81   		   		
17896   			-1.68   		   		
17902   			-2.27   		   		
17908   			-1.86   		   		
17913   			-2.21   		   		
17919   			-2.15   		   		
17925   			-2.27   		   		
17931   			-2.03   		   		
17936   			-1.57   		   		
17942   			-1.16   		   		
17948   			-1.28   		   		
17953   			-1.13   		   		
17959   			-1.07   		   		
17965   			-0.95   		   		
17971   			-1.88   		   		
17976   			-1.94   		   		
17982   			-1.72   		   		
17988   			-1.26   		   		
17994   			-1.08   		   		
17999   			-1.43   		   		
18005   			-1.26   		   		
18011   			-0.58   		   		
18016   			-1.57   		   		
18022   			-1.16   		   		
18028   			-1.39   		   		
18034   			-1.22   		   		
18039   			-1.20   		   		
18045   			-2.37   		   		
18051   			-2.37   		   		
18057   			-1.67   		   		
18062   			-2.08   		   		
18068   			-2.00   		   		
18074   			-2.05   		   		
18079   			-1.71   		   		
18085   			-2.40   		   		
18091   			-1.24   		   		
18097   			-2.21   		   		
18102   			-2.38   		   		
18108   			-0.93   		   		
18114   			-1.74   		   		
18120   			-1.28   		   		
18125   			-1.47   		   		
18131   			-2.58   		   		
18137   			-2.11   		   		
18142   			-2.11   		   		
18148   			-1.30   		   		
18154   			-0.99   		   		
18160   			-1.16   		   		
18165   			-1.68   		   		
18171   			-1.45   		   		
18177   			-0.87   		   		
18183   			-0.81   		   		
18188   			-1.10   		   		
18194   			-1.10   		   		
18200   			-1.34   		   		
18205   			-2.15   		   		
18211   			-0.99   		   		
18217   			-1.86   		   		
18223   			-1.10   		   		
18228   			-1.39   		   		
18234   			-1.51   		   		
18240   			-1.80   		   		
18246   			-1.34   		   		
18251   			-1.05   		   		
18257   			-1.57   		   		
18263   			-1.68   		   		
18268   			-0.64   		   		
18274   			-1.16   		   		
18280   			-1.86   		   		
18286   			-1.39   		   		
18291   			-2.03   		   		
18297   			-1.36   		   		
18303   			-1.24   		   		
18309   			-1.82   		   		
18314   			-1.36   		   		
18320   			-2.63   		   		
18326   			-2.27   		   		
18331   			-2.27   		   		
18337   			-1.86   		   		
18343   			-1.45   		   		
18349   			-1.51   		   		
18354   			-1.45   		   		
18360   			-1.28   		   		
18366   			-1.86   		   		
18372   			-1.68   		   		
18377   			-0.41   		   		
18383   			-1.53   		   		
18389   			-0.60   		   		
18394   			-1.53   		   		
18400   			-0.43   		   		
18406   			-0.66   		   		
18412   			-1.24   		   		
18417   			-1.13   		   		
18423   			-0.95   		   		
18429   			-1.65   		   		
18435   			-1.01   		   		
18440   			-0.18   		   		
18446   			-0.18   		   		
18452   			0.00   		   		
18457   			-1.28   		   		
18463   			-1.57   		   		
18469   			-1.76   		   		
18475   			-1.30   		   		
18480   			-1.53   		   		
18486   			-0.60   		   		
18492   			-2.75   		   		
18497   			-1.07   		   		
18503   			-1.18   		   		
18509   			-2.00   		   		
18515   			-0.95   		   		
18520   			-1.30   		   		
18526   			-2.05   		   		
18532   			-1.07   		   		
18538   			-1.59   		   		
18543   			-1.71   		   		
18549   			-1.13   		   		
18555   			-3.10   		   		
18560   			-1.65   		   		
18566   			-1.82   		   		
18572   			-1.71   		   		
18578   			-1.47   		   		
18583   			-1.18   		   		
18589   			-0.37   		   		
18595   			-1.53   		   		
18601   			-1.01   		   		
18606   			-1.71   		   		
18612   			-1.14   		   		
18618   			-2.07   		   		
18623   			-1.61   		   		
18629   			-1.20   		   		
18635   			-1.43   		   		
18641   			-1.74   		   		
18646   			-1.92   		   		
18652   			-1.63   		   		
18658   			-3.08   		   		
18664   			-2.03   		   		
18669   			-1.72   		   		
18675   			-1.66   		   		
18681   			-2.24   		   		
18686   			-2.07   		   		
18692   			-1.55   		   		
18698   			-2.27   		   		
18704   			-2.21   		   		
18709   			-2.21   		   		
18715   			-2.90   		   		
18721   			-1.51   		   		
18727   			-1.76   		   		
18732   			-2.58   		   		
18738   			-1.82   		   		
18744   			-2.05   		   		
18749   			-1.42   		   		
18755   			-1.72   		   		
18761   			-1.08   		   		
18767   			-1.37   		   		
18772   			-1.32   		   		
18778   			-0.79   		   		
18784   			-0.95   		   		
18790   			-1.65   		   		
18795   			-1.07   		   		
18801   			-0.08   		   		
18807   			-1.07   		   		
18812   			-1.39   		   		
18818   			-0.53   		   		
18824   			-1.05   		   		
18830   			-0.76   		   		
18835   			-1.45   		   		
18841   			-0.81   		   		
18847   			-1.05   		   		
18853   			-1.74   		   		
18858   			-0.76   		   		
18864   			-1.34   		   		
18870   			-1.18   		   		
18875   			-1.01   		   		
18881   			-1.24   		   		
18887   			-0.84   		   		
18893   			-1.18   		   		
18898   			-0.81   		   		
18904   			-0.87   		   		
18910   			-0.87   		   		
18915   			-1.16   		   		
18921   			-1.16   		   		
18927   			-1.30   		   		
18933   			-1.24   		   		
18938   			-0.89   		   		
18944   			-2.05   		   		
18950   			-2.46   		   		
18956   			-1.65   		   		
18961   			-1.88   		   		
18967   			-1.59   		   		
18973   			-3.68   		   		
18978   			-1.36   		   		
18984   			-0.89   		   		
18990   			-1.07   		   		
18996   			-0.66   		   		
19001   			-1.42   		   		
19007   			-0.84   		   		
19013   			-1.18   		   		
19019   			-0.84   		   		
19024   			-0.55   		   		
19030   			-1.42   		   		
19036   			-2.52   		   		
19041   			-0.81   		   		
19047   			-0.18   		   		
19053   			-0.29   		   		
19059   			-0.18   		   		
19064   			-0.35   		   		
19070   			-0.16   		   		
19076   			-0.74   		   		
19082   			-0.21   		   		
19087   			-1.43   		   		
19093   			-0.97   		   		
19099   			-1.78   		   		
19104   			-1.61   		   		
19110   			-1.09   		   		
19116   			-1.96   		   		
19122   			-1.44   		   		
19127   			-1.13   		   		
19133   			0.09   		   		
19139   			0.03   		   		
19145   			-1.07   		   		
19150   			-1.24   		   		
19156   			-1.07   		   		
19162   			-1.30   		   		
19167   			-0.72   		   		
19173   			-0.14   		   		
19179   			-0.95   		   		
19185   			-1.13   		   		
19190   			-1.30   		   		
19196   			-1.59   		   		
19202   			-2.29   		   		
19208   			-2.40   		   		
19213   			-1.55   		   		
19219   			-2.01   		   		
19225   			-2.36   		   		
19230   			-1.95   		   		
19236   			-1.55   		   		
19242   			-1.16   		   		
19248   			-1.34   		   		
19253   			-0.93   		   		
19259   			-0.93   		   		
19265   			-1.63   		   		
19271   			-1.13   		   		
19276   			-1.42   		   		
19282   			-2.05   		   		
19288   			-1.59   		   		
19293   			-1.36   		   		
19299   			-1.13   		   		
19305   			-1.01   		   		
19311   			-1.59   		   		
19316   			-1.76   		   		
19322   			-1.18   		   		
19328   			-1.45   		   		
19334   			-1.16   		   		
19339   			-0.76   		   		
19345   			-1.57   		   		
19351   			-0.93   		   		
19356   			-1.39   		   		
19362   			-1.80   		   		
19368   			-2.73   		   		
19374   			-2.67   		   		
19379   			-2.79   		   		
19385   			-2.46   		   		
19391   			-2.23   		   		
19397   			-1.76   		   		
19402   			-2.58   		   		
19408   			-2.52   		   		
19414   			-2.01   		   		
19419   			-1.90   		   		
19425   			-1.95   		   		
19431   			-2.59   		   		
19437   			-2.01   		   		
19442   			-1.65   		   		
19448   			-1.59   		   		
19454   			-1.07   		   		
19460   			-1.76   		   		
19465   			-1.76   		   		
19471   			-1.18   		   		
19477   			-0.89   		   		
19482   			-1.47   		   		
19488   			-1.94   		   		
19494   			-1.42   		   		
19500   			-2.11   		   		
19505   			-1.47   		   		
19511   			-1.58   		   		
19517   			-1.00   		   		
19523   			-2.57   		   		
19528   			-1.80   		   		
19534   			-1.68   		   		
19540   			-2.27   		   		
19545   			-2.61   		   		
19551   			-2.44   		   		
19557   			-2.69   		   		
19563   			-1.94   		   		
19568   			-2.52   		   		
19574   			-1.18   		   		
19580   			-1.88   		   		
19586   			-1.86   		   		
19591   			-2.67   		   		
19597   			-2.15   		   		
19603   			-2.32   		   		
19608   			-1.92   		   		
19614   			-1.72   		   		
19620   			-1.84   		   		
19626   			-1.61   		   		
19631   			-1.14   		   		
19637   			-2.30   		   		
19643   			-1.76   		   		
19648   			-1.82   		   		
19654   			-2.05   		   		
19660   			-1.65   		   		
19666   			-3.27   		   		
19671   			-1.82   		   		
19677   			-1.82   		   		
19683   			-1.82   		   		
19689   			-2.69   		   		
19694   			-1.71   		   		
19700   			-1.84   		   		
19706   			-3.29   		   		
19711   			-1.90   		   		
19717   			-1.90   		   		
19723   			-1.20   		   		
19729   			-1.30   		   		
19734   			-0.89   		   		
19740   			-1.42   		   		
19746   			-1.30   		   		
19752   			-1.42   		   		
19757   			-0.53   		   		
19763   			-1.57   		   		
19769   			-2.67   		   		
19774   			-1.97   		   		
19780   			-1.74   		   		
19786   			-1.76   		   		
19792   			-2.34   		   		
19797   			-1.71   		   		
19803   			-1.82   		   		
19809   			-2.29   		   		
19815   			-1.92   		   		
19820   			-1.74   		   		
19826   			-1.68   		   		
19832   			-3.31   		   		
19837   			-0.87   		   		
19843   			-2.29   		   		
19849   			-1.76   		   		
19855   			-1.88   		   		
19860   			-2.11   		   		
19866   			-1.71   		   		
19872   			-1.94   		   		
19878   			-2.11   		   		
19883   			-2.00   		   		
19889   			-1.94   		   		
19895   			-2.69   		   		
19900   			-2.21   		   		
19906   			-1.34   		   		
19912   			-2.38   		   		
19918   			-1.97   		   		
19923   			-1.68   		   		
19929   			-1.47   		   		
19935   			-2.29   		   		
19941   			-1.82   		   		
19946   			-1.82   		   		
19952   			-2.40   		   		
19958   			-1.92   		   		
19963   			-1.34   		   		
19969   			-2.38   		   		
19975   			-2.09   		   		
19981   			-1.86   		   		
19986   			-1.86   		   		
19992   			-1.16   		   		
19998   			-1.51   		   		
20004   			-2.15   		   		
20009   			-1.63   		   		
20015   			-0.87   		   		
20021   			-1.68   		   		
20026   			-1.05   		   		
20032   			-1.74   		   		
20038   			-1.51   		   		
20044   			-2.29   		   		
20049   			-1.82   		   		
20055   			-1.53   		   		
20061   			-0.95   		   		
20067   			-1.18   		   		
20072   			-1.13   		   		
20078   			-1.88   		   		
20084   			-2.29   		   		
20089   			-2.11   		   		
20095   			-1.94   		   		
20101   			-1.76   		   		
20107   			-1.71   		   		
20112   			-2.05   		   		
20118   			-1.53   		   		
20124   			-2.63   		   		
20130   			-1.59   		   		
20135   			-1.82   		   		
20141   			-2.00   		   		
20147   			-2.00   		   		
20152   			-1.24   		   		
20158   			-1.80   		   		
20164   			-1.97   		   		
20170   			-1.57   		   		
20175   			-0.81   		   		
20181   			-1.80   		   		
20187   			-2.56   		   		
20193   			-2.56   		   		
20198   			-1.92   		   		
20204   			-1.74   		   		
20210   			-3.31   		   		
20215   			-2.17   		   		
20221   			-1.18   		   		
20227   			-2.17   		   		
20233   			-2.40   		   		
20238   			-2.05   		   		
20244   			-2.58   		   		
20250   			-2.69   		   		
20256   			-2.17   		   		
20261   			-2.40   		   		
20267   			-1.59   		   		
20273   			-1.28   		   		
20278   			-1.34   		   		
20284   			-1.05   		   		
20290   			-1.68   		   		
20296   			-0.93   		   		
20301   			-1.42   		   		
20307   			-1.24   		   		
20313   			-0.49   		   		
20319   			-1.18   		   		
20324   			-0.55   		   		
20330   			-1.53   		   		
20336   			-0.84   		   		
20341   			-0.66   		   		
20347   			-1.18   		   		
20353   			-1.71   		   		
20359   			-1.10   		   		
20364   			-1.22   		   		
20370   			-1.45   		   		
20376   			-0.64   		   		
20382   			-0.81   		   		
20387   			-0.71   		   		
20393   			-0.77   		   		
20399   			-1.35   		   		
20404   			-1.18   		   		
20410   			-1.35   		   		
20416   			-1.53   		   		
20422   			-2.23   		   		
20427   			-1.53   		   		
20433   			-1.36   		   		
20439   			-1.59   		   		
20445   			-1.95   		   		
20450   			-1.61   		   		
20456   			-0.68   		   		
20462   			-1.26   		   		
20467   			-1.14   		   		
20473   			-1.65   		   		
20479   			-0.49   		   		
20485   			-1.71   		   		
20490   			-0.66   		   		
20496   			-1.01   		   		
20502   			-0.68   		   		
20508   			-0.74   		   		
20513   			-1.84   		   		
20519   			-1.49   		   		
20525   			-0.62   		   		
20530   			-0.95   		   		
20536   			-0.72   		   		
20542   			-0.95   		   		
20548   			-0.49   		   		
20553   			-1.88   		   		
20559   			-2.00   		   		
20565   			-0.89   		   		
20570   			-0.89   		   		
20576   			-0.72   		   		
20582   			-0.37   		   		
20588   			-0.62   		   		
20593   			-1.03   		   		
20599   			-1.14   		   		
20605   			-1.43   		   		
20611   			-1.43   		   		
20616   			-1.53   		   		
20622   			-1.47   		   		
20628   			-3.56   		   		
20633   			-1.94   		   		
20639   			-2.46   		   		
20645   			-1.86   		   		
20651   			-1.22   		   		
20656   			-1.57   		   		
20662   			-1.92   		   		
20668   			-0.53   		   		
20674   			-1.24   		   		
20679   			-0.89   		   		
20685   			-1.30   		   		
20691   			-2.81   		   		
20696   			-0.72   		   		
20702   			-0.58   		   		
20708   			-0.87   		   		
20714   			-1.97   		   		
20719   			-0.93   		   		
20725   			-0.58   		   		
20731   			-1.26   		   		
20737   			-1.26   		   		
20742   			-1.55   		   		
20748   			-1.14   		   		
20754   			-3.93   		   		
20759   			-2.46   		   		
20765   			-1.53   		   		
20771   			-1.88   		   		
20777   			-2.11   		   		
20782   			-1.94   		   		
20788   			-1.78   		   		
20794   			-1.32   		   		
20800   			-1.49   		   		
20805   			-2.08   		   		
20811   			-1.38   		   		
20817   			-3.24   		   		
20822   			-1.44   		   		
20828   			-1.20   		   		
20834   			-0.22   		   		
20840   			-0.74   		   		
20845   			-1.74   		   		
20851   			-1.57   		   		
20857   			-0.47   		   		
20863   			-1.16   		   		
20868   			-1.45   		   		
20874   			-1.92   		   		
20880   			-0.47   		   		
20885   			-1.34   		   		
20891   			-1.16   		   		
20897   			-0.53   		   		
20903   			-1.53   		   		
20908   			-0.84   		   		
20914   			-0.89   		   		
20920   			-1.71   		   		
20926   			-2.17   		   		
20931   			-2.15   		   		
