Timestamp		Force Z		Comments
0   			-0.57   		   		
5   			-0.39   		   		
11   			-0.91   		   		
17   			-1.38   		   		
23   			-1.53   		   		
28   			-1.24   		   		
34   			-2.40   		   		
40   			-2.75   		   		
45   			-1.07   		   		
51   			-1.76   		   		
57   			-1.65   		   		
63   			-1.24   		   		
68   			-1.53   		   		
74   			-0.49   		   		
80   			-1.07   		   		
86   			-0.43   		   		
91   			-1.24   		   		
97   			-0.55   		   		
103   			-2.69   		   		
108   			-1.88   		   		
114   			-1.82   		   		
120   			-1.76   		   		
126   			-1.18   		   		
131   			-0.66   		   		
137   			-0.49   		   		
143   			-0.89   		   		
149   			-0.60   		   		
154   			-0.89   		   		
160   			-0.26   		   		
166   			-0.31   		   		
171   			-0.66   		   		
177   			-1.18   		   		
183   			-0.49   		   		
189   			-1.13   		   		
194   			-1.16   		   		
200   			-0.87   		   		
206   			0.52   		   		
212   			0.63   		   		
217   			0.34   		   		
223   			0.63   		   		
229   			0.00   		   		
234   			0.58   		   		
240   			0.34   		   		
246   			-0.12   		   		
252   			-0.74   		   		
257   			0.19   		   		
263   			0.59   		   		
269   			0.30   		   		
275   			-0.05   		   		
280   			-0.02   		   		
286   			0.67   		   		
292   			0.50   		   		
297   			0.21   		   		
303   			0.03   		   		
309   			-0.18   		   		
315   			-0.76   		   		
320   			-0.82   		   		
326   			-0.53   		   		
332   			-0.76   		   		
338   			-1.20   		   		
343   			-0.80   		   		
349   			-0.57   		   		
355   			-0.91   		   		
360   			-0.34   		   		
366   			-0.45   		   		
372   			-0.28   		   		
378   			-1.26   		   		
383   			-0.51   		   		
389   			-0.51   		   		
395   			-0.22   		   		
401   			0.42   		   		
406   			0.53   		   		
412   			-0.28   		   		
418   			-0.91   		   		
423   			-0.72   		   		
429   			-1.82   		   		
435   			-1.07   		   		
441   			-1.24   		   		
446   			-0.66   		   		
452   			-0.74   		   		
458   			-2.60   		   		
463   			-0.57   		   		
469   			-1.03   		   		
475   			-1.78   		   		
481   			-1.01   		   		
486   			-0.66   		   		
492   			-0.84   		   		
498   			-1.30   		   		
504   			-0.66   		   		
509   			-0.20   		   		
515   			-1.07   		   		
521   			-2.98   		   		
526   			-0.84   		   		
532   			-0.84   		   		
538   			-1.20   		   		
544   			-1.96   		   		
549   			-0.63   		   		
555   			-1.20   		   		
561   			-0.97   		   		
567   			-0.51   		   		
572   			-0.51   		   		
578   			-0.10   		   		
584   			-2.25   		   		
589   			-0.05   		   		
595   			-0.60   		   		
601   			-0.78   		   		
607   			-0.08   		   		
612   			0.03   		   		
618   			-0.37   		   		
624   			-0.74   		   		
630   			-0.57   		   		
635   			-0.45   		   		
641   			-1.26   		   		
647   			-2.31   		   		
652   			-0.03   		   		
658   			0.14   		   		
664   			-0.32   		   		
670   			-0.03   		   		
675   			-0.67   		   		
681   			-0.49   		   		
687   			-0.14   		   		
693   			-0.66   		   		
698   			-1.07   		   		
704   			-0.78   		   		
710   			0.15   		   		
715   			-0.31   		   		
721   			-1.18   		   		
727   			-1.47   		   		
733   			-1.01   		   		
738   			-1.71   		   		
744   			-0.43   		   		
750   			-0.14   		   		
756   			-0.49   		   		
761   			-0.08   		   		
767   			-0.36   		   		
773   			-0.53   		   		
778   			0.57   		   		
784   			0.16   		   		
790   			0.16   		   		
796   			-0.12   		   		
801   			-0.30   		   		
807   			-0.30   		   		
813   			-0.70   		   		
819   			-0.53   		   		
824   			-0.06   		   		
830   			-0.24   		   		
836   			0.00   		   		
841   			-0.81   		   		
847   			-1.45   		   		
853   			-0.37   		   		
859   			-0.43   		   		
864   			-1.30   		   		
870   			-0.31   		   		
876   			-0.60   		   		
882   			-0.31   		   		
887   			-0.14   		   		
893   			0.38   		   		
899   			-0.02   		   		
904   			-0.72   		   		
910   			-1.40   		   		
916   			-0.82   		   		
922   			-1.52   		   		
927   			-0.30   		   		
933   			-0.99   		   		
939   			-1.42   		   		
944   			-1.07   		   		
950   			-0.95   		   		
956   			-1.13   		   		
962   			-1.53   		   		
967   			-0.99   		   		
973   			-1.69   		   		
979   			-1.40   		   		
985   			-1.63   		   		
990   			-0.99   		   		
996   			-1.52   		   		
1002   			-0.70   		   		
1008   			-0.36   		   		
1013   			-1.40   		   		
1019   			0.11   		   		
1025   			-0.66   		   		
1030   			-0.84   		   		
1036   			-0.89   		   		
1042   			-0.60   		   		
1048   			-0.37   		   		
1053   			-0.16   		   		
1059   			-0.22   		   		
1065   			-1.67   		   		
1070   			-0.74   		   		
1076   			-0.63   		   		
1082   			-0.53   		   		
1088   			-0.29   		   		
1093   			0.34   		   		
1099   			-0.81   		   		
1105   			-0.35   		   		
1111   			0.02   		   		
1116   			-0.21   		   		
1122   			0.13   		   		
1128   			-2.94   		   		
1133   			-0.97   		   		
1139   			-0.97   		   		
1145   			-1.15   		   		
1151   			-1.32   		   		
1156   			-1.38   		   		
1162   			-1.96   		   		
1168   			-0.91   		   		
1174   			-0.97   		   		
1179   			-1.20   		   		
1185   			-1.15   		   		
1191   			-3.06   		   		
1196   			-1.86   		   		
1202   			-1.86   		   		
1208   			-1.11   		   		
1214   			-0.94   		   		
1219   			-1.46   		   		
1225   			-2.17   		   		
1231   			-1.76   		   		
1237   			-0.43   		   		
1242   			-1.13   		   		
1248   			-0.89   		   		
1254   			-0.74   		   		
1259   			-0.05   		   		
1265   			0.01   		   		
1271   			0.13   		   		
1277   			-0.39   		   		
1282   			-0.87   		   		
1288   			-0.70   		   		
1294   			-1.28   		   		
1300   			-1.68   		   		
1305   			0.17   		   		
1311   			0.58   		   		
1317   			-0.76   		   		
1322   			-0.47   		   		
1328   			0.05   		   		
1334   			-1.10   		   		
1340   			-0.37   		   		
1345   			-0.37   		   		
1351   			-0.66   		   		
1357   			-0.20   		   		
1363   			-0.84   		   		
1368   			-0.49   		   		
1374   			-1.24   		   		
1380   			-1.88   		   		
1385   			-1.24   		   		
1391   			0.21   		   		
1397   			-1.15   		   		
1403   			-1.26   		   		
1408   			-0.05   		   		
1414   			-0.63   		   		
1420   			-0.22   		   		
1426   			-0.66   		   		
1431   			-0.72   		   		
1437   			-0.95   		   		
1443   			-0.78   		   		
1448   			-0.31   		   		
1454   			-0.80   		   		
1460   			-0.57   		   		
1466   			-1.03   		   		
1471   			-1.15   		   		
1477   			-1.32   		   		
1483   			0.21   		   		
1489   			-0.43   		   		
1494   			-0.89   		   		
1500   			-1.13   		   		
1506   			-1.71   		   		
1511   			-1.55   		   		
1517   			-1.61   		   		
1523   			-1.38   		   		
1529   			-1.61   		   		
1534   			-1.03   		   		
1540   			-1.01   		   		
1546   			-1.82   		   		
1552   			-1.07   		   		
1557   			-1.07   		   		
1563   			-0.14   		   		
1569   			-0.74   		   		
1574   			-0.10   		   		
1580   			-0.74   		   		
1586   			-1.96   		   		
1592   			-2.37   		   		
1597   			-1.67   		   		
1603   			-1.32   		   		
1609   			-1.38   		   		
1615   			-1.20   		   		
1620   			-2.19   		   		
1626   			-0.39   		   		
1632   			-1.61   		   		
1637   			-1.96   		   		
1643   			-2.77   		   		
1649   			-2.31   		   		
1655   			-1.78   		   		
1660   			-1.44   		   		
1666   			-2.13   		   		
1672   			-1.73   		   		
1678   			-1.84   		   		
1683   			-2.29   		   		
1689   			-1.13   		   		
1695   			-1.59   		   		
1700   			-2.29   		   		
1706   			-2.46   		   		
1712   			-1.59   		   		
1718   			-1.36   		   		
1723   			-1.13   		   		
1729   			-1.42   		   		
1735   			-1.71   		   		
1741   			-1.10   		   		
1746   			-1.05   		   		
1752   			-1.92   		   		
1758   			-0.99   		   		
1763   			-0.87   		   		
1769   			-0.89   		   		
1775   			-1.30   		   		
1781   			-1.47   		   		
1786   			-1.24   		   		
1792   			-0.78   		   		
1798   			-1.53   		   		
1803   			-0.66   		   		
1809   			-0.20   		   		
1815   			-0.78   		   		
1821   			-0.89   		   		
1826   			-0.78   		   		
1832   			-1.07   		   		
1838   			-1.30   		   		
1844   			-0.26   		   		
1849   			-0.66   		   		
1855   			-1.32   		   		
1861   			-1.15   		   		
1867   			-2.31   		   		
1872   			-1.44   		   		
1878   			-1.49   		   		
1884   			-1.26   		   		
1889   			-0.91   		   		
1895   			-1.78   		   		
1901   			-2.08   		   		
1907   			-1.96   		   		
1912   			-1.76   		   		
1918   			-1.94   		   		
1924   			-3.51   		   		
1929   			-0.95   		   		
1935   			-1.59   		   		
1941   			-1.90   		   		
1947   			-1.55   		   		
1952   			-1.15   		   		
1958   			-0.91   		   		
1964   			-0.80   		   		
1970   			-1.05   		   		
1975   			-1.05   		   		
1981   			-0.99   		   		
1987   			-2.73   		   		
1992   			-0.94   		   		
1998   			-1.78   		   		
2004   			-1.49   		   		
2010   			-1.09   		   		
2015   			-0.68   		   		
2021   			-1.03   		   		
2027   			-0.47   		   		
2033   			-1.34   		   		
2038   			-2.38   		   		
2044   			-2.56   		   		
2050   			-3.49   		   		
2055   			-1.28   		   		
2061   			-1.57   		   		
2067   			-1.51   		   		
2073   			-2.09   		   		
2078   			-1.63   		   		
2084   			-0.66   		   		
2090   			-1.47   		   		
2096   			-1.59   		   		
2101   			-1.47   		   		
2107   			-1.53   		   		
2113   			-1.38   		   		
2118   			-1.61   		   		
2124   			-0.68   		   		
2130   			-1.73   		   		
2136   			-1.44   		   		
2141   			-1.61   		   		
2147   			-1.44   		   		
2153   			-1.20   		   		
2159   			-2.02   		   		
2164   			-2.71   		   		
2170   			-2.40   		   		
2176   			-3.04   		   		
2181   			-2.63   		   		
2187   			-2.46   		   		
2193   			-2.05   		   		
2199   			-1.44   		   		
2204   			-2.48   		   		
2210   			-1.73   		   		
2216   			-2.19   		   		
2222   			-2.02   		   		
2227   			-1.67   		   		
2233   			-1.73   		   		
2239   			-1.84   		   		
2244   			-2.02   		   		
2250   			-1.20   		   		
2256   			-0.95   		   		
2262   			-0.84   		   		
2267   			-0.66   		   		
2273   			-1.53   		   		
2279   			-1.18   		   		
2285   			0.15   		   		
2290   			-0.72   		   		
2296   			-1.07   		   		
2302   			-1.07   		   		
2307   			-0.55   		   		
2313   			-0.93   		   		
2319   			-0.58   		   		
2325   			-0.81   		   		
2330   			-1.28   		   		
2336   			-1.28   		   		
2342   			-0.80   		   		
2348   			-0.68   		   		
2353   			-0.91   		   		
2359   			-0.51   		   		
2365   			-0.91   		   		
2370   			-0.64   		   		
2376   			-0.99   		   		
2382   			-1.51   		   		
2388   			-1.39   		   		
2393   			-0.93   		   		
2399   			-0.80   		   		
2405   			-1.32   		   		
2411   			-0.74   		   		
2416   			-0.74   		   		
2422   			-0.45   		   		
2428   			-0.43   		   		
2433   			-0.49   		   		
2439   			0.44   		   		
2445   			-0.31   		   		
2451   			-0.55   		   		
2456   			-1.53   		   		
2462   			-1.76   		   		
2468   			-1.42   		   		
2474   			-1.07   		   		
2479   			-0.95   		   		
2485   			-1.18   		   		
2491   			-0.49   		   		
2496   			-0.78   		   		
2502   			-0.89   		   		
2508   			-1.53   		   		
2514   			-1.44   		   		
2519   			-1.20   		   		
2525   			-1.61   		   		
2531   			-0.97   		   		
2537   			-1.55   		   		
2542   			-0.91   		   		
2548   			-0.34   		   		
2554   			-0.39   		   		
2559   			-1.61   		   		
2565   			-0.86   		   		
2571   			-0.51   		   		
2577   			-1.38   		   		
2582   			-1.32   		   		
2588   			-1.09   		   		
2594   			-0.51   		   		
2600   			-0.68   		   		
2605   			-0.80   		   		
2611   			-1.32   		   		
2617   			-1.84   		   		
2622   			-1.73   		   		
2628   			-1.03   		   		
2634   			-0.91   		   		
2640   			-1.26   		   		
2645   			-0.28   		   		
2651   			-1.61   		   		
2657   			-1.24   		   		
2662   			-1.47   		   		
2668   			-0.55   		   		
2674   			-1.07   		   		
2680   			0.26   		   		
2685   			0.21   		   		
2691   			-0.84   		   		
2697   			-1.18   		   		
2703   			-0.55   		   		
2708   			-0.55   		   		
2714   			-0.50   		   		
2720   			-2.65   		   		
2725   			-0.62   		   		
2731   			-0.33   		   		
2737   			-0.50   		   		
2743   			-1.15   		   		
2748   			-0.63   		   		
2754   			-1.67   		   		
2760   			-0.74   		   		
2766   			-0.51   		   		
2771   			-0.86   		   		
2777   			-1.32   		   		
2783   			-2.95   		   		
2788   			-2.02   		   		
2794   			-1.15   		   		
2800   			-0.86   		   		
2806   			-0.91   		   		
2811   			-1.44   		   		
2817   			-1.09   		   		
2823   			-1.55   		   		
2829   			-0.78   		   		
2834   			-0.78   		   		
2840   			-0.55   		   		
2846   			0.03   		   		
2851   			-0.43   		   		
2857   			-0.66   		   		
2863   			-0.60   		   		
2869   			-0.95   		   		
2874   			-0.66   		   		
2880   			-0.95   		   		
2886   			-1.30   		   		
2892   			-1.53   		   		
2897   			-0.08   		   		
2903   			-1.07   		   		
2909   			-1.59   		   		
2914   			-1.55   		   		
2920   			-1.61   		   		
2926   			-1.44   		   		
2932   			-1.26   		   		
2937   			-1.55   		   		
2943   			-1.51   		   		
2949   			-0.64   		   		
2955   			-1.34   		   		
2960   			-1.05   		   		
2966   			-0.12   		   		
2972   			-1.75   		   		
2977   			-0.70   		   		
2983   			-1.28   		   		
2989   			-0.70   		   		
2995   			-0.99   		   		
3000   			-1.55   		   		
3006   			-0.80   		   		
3012   			-1.49   		   		
3018   			-1.32   		   		
3023   			-1.20   		   		
3029   			-2.42   		   		
3035   			-1.32   		   		
3040   			-2.37   		   		
3046   			-2.19   		   		
3052   			-1.78   		   		
3058   			-1.07   		   		
3063   			-1.59   		   		
3069   			-2.63   		   		
3075   			-1.18   		   		
3081   			-1.76   		   		
3086   			-1.11   		   		
3092   			-1.34   		   		
3098   			-0.99   		   		
3103   			-1.17   		   		
3109   			-1.46   		   		
3115   			-0.31   		   		
3121   			-1.13   		   		
3126   			-1.24   		   		
3132   			-1.13   		   		
3138   			-0.55   		   		
3144   			-1.13   		   		
3149   			-1.13   		   		
3155   			-1.76   		   		
3161   			-2.17   		   		
3166   			-1.53   		   		
3172   			-0.87   		   		
3178   			-0.70   		   		
3184   			-2.09   		   		
3189   			-2.15   		   		
3195   			-1.80   		   		
3201   			-1.53   		   		
3207   			-0.89   		   		
3212   			-0.60   		   		
3218   			-0.89   		   		
3224   			-1.24   		   		
3229   			-1.68   		   		
3235   			-1.57   		   		
3241   			-1.05   		   		
3247   			-0.70   		   		
3252   			-0.76   		   		
3258   			-0.86   		   		
3264   			-1.09   		   		
3270   			-0.80   		   		
3275   			-1.09   		   		
3281   			-1.32   		   		
3287   			-1.53   		   		
3292   			-0.08   		   		
3298   			-1.01   		   		
3304   			-0.95   		   		
3310   			-1.36   		   		
3315   			-0.91   		   		
3321   			-1.55   		   		
3327   			-1.15   		   		
3333   			-1.09   		   		
3338   			-1.32   		   		
3344   			-0.45   		   		
3350   			-1.15   		   		
3355   			-0.86   		   		
3361   			-1.49   		   		
3367   			-0.91   		   		
3373   			-1.13   		   		
3378   			-1.59   		   		
3384   			-1.30   		   		
3390   			-1.88   		   		
3396   			-2.00   		   		
3401   			-1.26   		   		
3407   			-1.26   		   		
3413   			-0.91   		   		
3418   			-1.15   		   		
3424   			-1.38   		   		
3430   			-2.37   		   		
3436   			-2.08   		   		
3441   			-1.55   		   		
3447   			-2.13   		   		
3453   			-1.90   		   		
3459   			-1.59   		   		
3464   			-2.05   		   		
3470   			-1.30   		   		
3476   			-1.94   		   		
3481   			-1.07   		   		
3487   			-1.24   		   		
3493   			-2.05   		   		
3499   			-1.30   		   		
3504   			-2.17   		   		
3510   			-1.18   		   		
3516   			-3.39   		   		
3521   			-1.36   		   		
3527   			-0.78   		   		
3533   			-1.71   		   		
3539   			-1.30   		   		
3544   			-0.95   		   		
3550   			-1.53   		   		
3556   			-1.53   		   		
3562   			-1.94   		   		
3567   			-1.53   		   		
3573   			-1.82   		   		
3579   			-2.75   		   		
3584   			-1.59   		   		
3590   			-1.65   		   		
3596   			-0.84   		   		
3602   			-0.72   		   		
3607   			-0.55   		   		
3613   			-1.94   		   		
3619   			-2.46   		   		
3625   			-1.94   		   		
3630   			-1.92   		   		
3636   			-2.03   		   		
3642   			-1.63   		   		
3647   			-1.45   		   		
3653   			-1.63   		   		
3659   			-1.20   		   		
3665   			-1.38   		   		
3670   			-2.60   		   		
3676   			-2.42   		   		
3682   			-2.37   		   		
3688   			-1.26   		   		
3693   			-2.48   		   		
3699   			-2.31   		   		
3705   			-1.61   		   		
3710   			-0.51   		   		
3716   			-1.84   		   		
3722   			-1.09   		   		
3728   			-1.96   		   		
3733   			-1.61   		   		
3739   			-2.19   		   		
3745   			-1.38   		   		
3751   			-1.32   		   		
3756   			-0.97   		   		
3762   			-1.20   		   		
3768   			-0.97   		   		
3773   			-1.18   		   		
3779   			-1.88   		   		
3785   			-2.17   		   		
3791   			-1.47   		   		
3796   			-2.00   		   		
3802   			-1.07   		   		
3808   			-1.94   		   		
3814   			-2.11   		   		
3819   			-2.23   		   		
3825   			-1.59   		   		
3831   			-1.28   		   		
3836   			-1.63   		   		
3842   			-2.21   		   		
3848   			-2.32   		   		
3854   			-0.99   		   		
3859   			-1.42   		   		
3865   			-1.30   		   		
3871   			-2.17   		   		
3877   			-2.17   		   		
3882   			-2.11   		   		
3888   			-2.05   		   		
3894   			-2.00   		   		
3899   			-1.76   		   		
3905   			-1.71   		   		
3911   			-2.11   		   		
3917   			-1.45   		   		
3922   			-1.63   		   		
3928   			-1.45   		   		
3934   			-1.86   		   		
3940   			-1.05   		   		
3945   			-1.44   		   		
3951   			-2.08   		   		
3957   			-1.38   		   		
3962   			-1.67   		   		
3968   			-1.49   		   		
3974   			-1.59   		   		
3980   			-1.30   		   		
3985   			-1.59   		   		
3991   			-1.59   		   		
3997   			-2.34   		   		
4003   			-1.44   		   		
4008   			-1.15   		   		
4014   			-1.90   		   		
4020   			-2.66   		   		
4025   			-2.66   		   		
4031   			-2.40   		   		
4037   			-2.23   		   		
4043   			-2.29   		   		
4048   			-1.82   		   		
4054   			-2.52   		   		
4060   			-3.22   		   		
4065   			-2.40   		   		
4071   			-1.47   		   		
4077   			-2.98   		   		
4083   			-2.29   		   		
4088   			-1.26   		   		
4094   			-2.02   		   		
4100   			-1.26   		   		
4106   			-1.44   		   		
4111   			-1.96   		   		
4117   			-1.65   		   		
4123   			-3.68   		   		
4128   			-2.69   		   		
4134   			-1.82   		   		
4140   			-2.29   		   		
4146   			-1.86   		   		
4151   			-1.75   		   		
4157   			-1.52   		   		
4163   			-1.28   		   		
4169   			-2.04   		   		
4174   			-1.80   		   		
4180   			-1.22   		   		
4186   			-1.63   		   		
4191   			-1.80   		   		
4197   			-2.15   		   		
4203   			-1.51   		   		
4209   			-1.92   		   		
4214   			-1.80   		   		
4220   			-0.76   		   		
4226   			-0.93   		   		
4232   			-0.84   		   		
4237   			-0.66   		   		
4243   			-1.30   		   		
4249   			-1.76   		   		
4254   			-2.17   		   		
4260   			-1.53   		   		
4266   			-1.65   		   		
4272   			-1.36   		   		
4277   			-1.01   		   		
4283   			-0.43   		   		
4289   			-1.84   		   		
4295   			-1.38   		   		
4300   			-0.68   		   		
4306   			-1.26   		   		
4312   			-2.19   		   		
4317   			-1.65   		   		
4323   			-2.11   		   		
4329   			-0.72   		   		
4335   			-1.30   		   		
4340   			-0.66   		   		
4346   			-1.74   		   		
4352   			-0.93   		   		
4358   			-1.10   		   		
4363   			-0.64   		   		
4369   			-1.51   		   		
4375   			-1.13   		   		
4380   			-0.67   		   		
4386   			-0.61   		   		
4392   			-1.01   		   		
4398   			-0.90   		   		
4403   			-0.87   		   		
4409   			-1.68   		   		
4415   			-0.53   		   		
4421   			-1.39   		   		
4426   			-1.05   		   		
4432   			-0.91   		   		
4438   			-1.38   		   		
4443   			-1.55   		   		
4449   			-1.09   		   		
4455   			-1.20   		   		
4461   			-0.97   		   		
4466   			-0.63   		   		
4472   			-2.02   		   		
4478   			-1.03   		   		
4484   			-2.42   		   		
4489   			-2.05   		   		
4495   			-1.82   		   		
4501   			-1.88   		   		
4506   			-1.36   		   		
4512   			-1.13   		   		
4518   			-1.73   		   		
4524   			-1.84   		   		
4529   			-1.84   		   		
4535   			-0.91   		   		
4541   			-0.68   		   		
4547   			-1.13   		   		
4552   			-1.07   		   		
4558   			-0.89   		   		
4564   			-0.49   		   		
4569   			0.09   		   		
4575   			-0.20   		   		
4581   			-1.42   		   		
4587   			-1.07   		   		
4592   			-0.43   		   		
4598   			-0.78   		   		
4604   			-2.83   		   		
4609   			-1.55   		   		
4615   			-1.61   		   		
4621   			-1.26   		   		
4627   			-1.44   		   		
4632   			-0.43   		   		
4638   			-0.95   		   		
4644   			-1.71   		   		
4650   			-1.59   		   		
4655   			-0.49   		   		
4661   			-1.10   		   		
4667   			-2.61   		   		
4672   			-2.50   		   		
4678   			-1.10   		   		
4684   			-1.92   		   		
4690   			-1.34   		   		
4695   			-1.28   		   		
4701   			-2.21   		   		
4707   			-1.86   		   		
4713   			-1.52   		   		
4718   			-0.99   		   		
4724   			-1.16   		   		
4730   			-1.97   		   		
4735   			-0.81   		   		
4741   			-0.58   		   		
4747   			-1.36   		   		
4753   			-1.59   		   		
4758   			-0.89   		   		
4764   			-0.84   		   		
4770   			-0.78   		   		
4776   			-0.89   		   		
4781   			-0.26   		   		
4787   			-1.53   		   		
4793   			-2.11   		   		
4798   			-2.11   		   		
4804   			-0.74   		   		
4810   			-0.80   		   		
4816   			-1.15   		   		
4821   			-0.39   		   		
4827   			-0.74   		   		
4833   			-1.24   		   		
4839   			-1.07   		   		
4844   			-1.53   		   		
4850   			-1.53   		   		
4856   			-1.13   		   		
4861   			-1.01   		   		
4867   			-1.30   		   		
4873   			-1.47   		   		
4879   			-1.59   		   		
4884   			-0.72   		   		
4890   			-1.44   		   		
4896   			-1.15   		   		
4902   			-2.02   		   		
4907   			-1.96   		   		
4913   			-2.08   		   		
4919   			-1.67   		   		
4924   			-1.44   		   		
4930   			-2.48   		   		
4936   			-1.96   		   		
4942   			-1.61   		   		
4947   			-1.76   		   		
4953   			-1.01   		   		
4959   			-1.36   		   		
4965   			-2.00   		   		
4970   			-2.52   		   		
4976   			-2.29   		   		
4982   			-2.58   		   		
4987   			-2.29   		   		
4993   			-2.69   		   		
4999   			-2.63   		   		
5005   			-1.73   		   		
5010   			-1.26   		   		
5016   			-1.38   		   		
5022   			-1.78   		   		
5028   			-2.08   		   		
5033   			-2.40   		   		
5039   			-0.95   		   		
5045   			-1.01   		   		
5050   			-1.59   		   		
5056   			-1.65   		   		
5062   			-1.63   		   		
5068   			-2.50   		   		
5073   			-2.21   		   		
5079   			-1.69   		   		
5085   			-1.81   		   		
5091   			-1.94   		   		
5096   			-1.53   		   		
5102   			-1.76   		   		
5108   			-1.71   		   		
5113   			-1.88   		   		
5119   			-2.29   		   		
5125   			-2.23   		   		
5131   			-2.46   		   		
5136   			-2.00   		   		
5142   			-2.69   		   		
5148   			-1.69   		   		
5154   			-2.21   		   		
5159   			-2.68   		   		
5165   			-2.50   		   		
5171   			-1.57   		   		
5176   			-2.02   		   		
5182   			-1.61   		   		
5188   			-1.09   		   		
5194   			-1.26   		   		
5199   			-1.55   		   		
5205   			-1.18   		   		
5211   			-1.53   		   		
5216   			-1.53   		   		
5222   			-1.30   		   		
5228   			-2.00   		   		
5234   			-0.91   		   		
5239   			-1.32   		   		
5245   			-1.20   		   		
5251   			-2.02   		   		
5257   			-1.96   		   		
5262   			-2.42   		   		
5268   			-1.26   		   		
5274   			-3.35   		   		
5279   			-0.74   		   		
5285   			-0.68   		   		
5291   			-0.37   		   		
5297   			-0.37   		   		
5302   			-0.49   		   		
5308   			-1.82   		   		
5314   			-0.84   		   		
5320   			-1.01   		   		
5325   			-0.66   		   		
5331   			-1.24   		   		
5337   			-2.93   		   		
5342   			-0.31   		   		
5348   			-0.55   		   		
5354   			-0.31   		   		
5360   			-0.14   		   		
5365   			-0.31   		   		
5371   			-0.60   		   		
5377   			-0.80   		   		
5383   			-0.05   		   		
5388   			0.59   		   		
5394   			-0.28   		   		
5400   			-1.44   		   		
5405   			-0.08   		   		
5411   			0.21   		   		
5417   			-0.84   		   		
5423   			-1.07   		   		
5428   			-0.55   		   		
5434   			-1.24   		   		
5440   			-0.66   		   		
5446   			-1.82   		   		
5451   			-1.30   		   		
5457   			0.21   		   		
5463   			-0.60   		   		
5468   			-0.26   		   		
5474   			0.38   		   		
5480   			-0.31   		   		
5486   			-0.43   		   		
5491   			-0.51   		   		
5497   			-1.26   		   		
5503   			-0.28   		   		
5509   			-0.16   		   		
5514   			0.24   		   		
5520   			-0.49   		   		
5526   			-0.14   		   		
5531   			-0.43   		   		
5537   			-0.08   		   		
5543   			-0.37   		   		
5549   			0.42   		   		
5554   			0.59   		   		
5560   			0.88   		   		
5566   			1.00   		   		
5572   			1.17   		   		
5577   			0.82   		   		
5583   			0.76   		   		
5589   			0.53   		   		
5594   			1.34   		   		
5600   			0.59   		   		
5606   			1.02   		   		
5612   			0.67   		   		
5617   			1.08   		   		
5623   			0.84   		   		
5629   			1.02   		   		
5635   			2.17   		   		
5640   			1.31   		   		
5646   			0.90   		   		
5652   			0.32   		   		
5657   			-0.08   		   		
5663   			-0.29   		   		
5669   			0.11   		   		
5675   			0.75   		   		
5680   			0.86   		   		
5686   			0.98   		   		
5692   			1.29   		   		
5698   			1.00   		   		
5703   			-0.39   		   		
5709   			0.65   		   		
5715   			0.94   		   		
5720   			1.88   		   		
5726   			1.65   		   		
5732   			2.23   		   		
5738   			1.31   		   		
5743   			1.65   		   		
5749   			1.36   		   		
5755   			1.54   		   		
5761   			1.94   		   		
5766   			1.60   		   		
5772   			1.83   		   		
5778   			2.69   		   		
5783   			2.52   		   		
5789   			2.17   		   		
5795   			1.54   		   		
5801   			2.46   		   		
5806   			0.94   		   		
5812   			1.34   		   		
5818   			1.34   		   		
5823   			2.15   		   		
5829   			2.21   		   		
5835   			2.69   		   		
5841   			1.65   		   		
5846   			1.60   		   		
5852   			2.23   		   		
5858   			2.46   		   		
5864   			2.25   		   		
5869   			3.17   		   		
5875   			2.82   		   		
5881   			0.51   		   		
5886   			3.11   		   		
5892   			2.27   		   		
5898   			2.50   		   		
5904   			2.44   		   		
5909   			2.85   		   		
5915   			2.09   		   		
5921   			2.44   		   		
5927   			1.98   		   		
5932   			2.38   		   		
5938   			2.27   		   		
5944   			0.82   		   		
5949   			2.15   		   		
5955   			2.15   		   		
5961   			2.56   		   		
5967   			3.48   		   		
5972   			3.42   		   		
5978   			2.60   		   		
5984   			3.52   		   		
5990   			3.41   		   		
5995   			2.77   		   		
6001   			2.54   		   		
6007   			1.34   		   		
6012   			3.65   		   		
6018   			3.54   		   		
6024   			3.13   		   		
6030   			3.25   		   		
6035   			4.88   		   		
6041   			3.85   		   		
6047   			4.14   		   		
6053   			4.37   		   		
6058   			3.79   		   		
6064   			3.44   		   		
6070   			1.88   		   		
6075   			3.85   		   		
6081   			3.27   		   		
6087   			3.73   		   		
6093   			4.31   		   		
6098   			4.94   		   		
6104   			4.31   		   		
6110   			4.42   		   		
6116   			4.71   		   		
6121   			4.23   		   		
6127   			3.25   		   		
6133   			2.44   		   		
6138   			4.75   		   		
6144   			4.46   		   		
6150   			4.11   		   		
6156   			5.04   		   		
6161   			3.94   		   		
6167   			3.94   		   		
6173   			4.29   		   		
6179   			4.23   		   		
6184   			4.81   		   		
6190   			4.35   		   		
6196   			2.56   		   		
6201   			5.67   		   		
6207   			4.37   		   		
6213   			5.52   		   		
6219   			5.69   		   		
6224   			4.77   		   		
6230   			4.60   		   		
6236   			4.60   		   		
6242   			4.94   		   		
6247   			5.00   		   		
6253   			4.94   		   		
6259   			2.87   		   		
6264   			5.35   		   		
6270   			5.29   		   		
6276   			5.63   		   		
6282   			5.46   		   		
6287   			5.29   		   		
6293   			5.63   		   		
6299   			5.52   		   		
6305   			5.52   		   		
6310   			5.46   		   		
6316   			6.15   		   		
6322   			5.09   		   		
6327   			6.76   		   		
6333   			6.99   		   		
6339   			6.88   		   		
6345   			7.39   		   		
6350   			6.32   		   		
6356   			6.50   		   		
6362   			7.42   		   		
6368   			6.04   		   		
6373   			6.50   		   		
6379   			6.57   		   		
6385   			7.03   		   		
6390   			6.92   		   		
6396   			6.80   		   		
6402   			7.55   		   		
6408   			6.90   		   		
6413   			7.19   		   		
6419   			7.59   		   		
6425   			7.59   		   		
6431   			7.99   		   		
6436   			6.94   		   		
6442   			7.39   		   		
6448   			7.85   		   		
6453   			7.97   		   		
6459   			7.97   		   		
6465   			8.62   		   		
6471   			8.62   		   		
6476   			7.53   		   		
6482   			8.10   		   		
6488   			8.16   		   		
6494   			8.20   		   		
6499   			9.12   		   		
6505   			9.00   		   		
6511   			8.60   		   		
6516   			8.77   		   		
6522   			9.06   		   		
6528   			8.08   		   		
6534   			7.68   		   		
6539   			8.03   		   		
6545   			7.74   		   		
6551   			8.16   		   		
6557   			8.33   		   		
6562   			8.62   		   		
6568   			8.10   		   		
6574   			8.62   		   		
6579   			8.31   		   		
6585   			8.20   		   		
6591   			8.20   		   		
6597   			7.97   		   		
6602   			7.97   		   		
6608   			8.45   		   		
6614   			7.88   		   		
6620   			7.70   		   		
6625   			7.65   		   		
6631   			8.33   		   		
6637   			8.77   		   		
6642   			8.03   		   		
6648   			7.85   		   		
6654   			7.85   		   		
6660   			7.34   		   		
6665   			8.51   		   		
6671   			9.25   		   		
6677   			9.14   		   		
6683   			9.65   		   		
6688   			9.88   		   		
6694   			9.15   		   		
6700   			9.15   		   		
6705   			8.87   		   		
6711   			8.52   		   		
6717   			8.87   		   		
6723   			8.33   		   		
6728   			8.79   		   		
6734   			8.56   		   		
6740   			8.85   		   		
6746   			8.97   		   		
6751   			8.28   		   		
6757   			8.74   		   		
6763   			8.97   		   		
6768   			8.51   		   		
6774   			8.91   		   		
6780   			8.79   		   		
6786   			8.68   		   		
6791   			9.02   		   		
6797   			8.51   		   		
6803   			6.55   		   		
6808   			7.91   		   		
6814   			8.37   		   		
6820   			7.91   		   		
6826   			8.26   		   		
6831   			8.20   		   		
6837   			8.66   		   		
6843   			8.26   		   		
6849   			8.60   		   		
6854   			9.06   		   		
6860   			8.60   		   		
6866   			7.45   		   		
6871   			8.83   		   		
6877   			8.89   		   		
6883   			8.08   		   		
6889   			8.66   		   		
6894   			7.91   		   		
6900   			7.91   		   		
6906   			7.57   		   		
6912   			8.66   		   		
6917   			8.71   		   		
6923   			7.80   		   		
6929   			6.48   		   		
6934   			7.80   		   		
6940   			8.83   		   		
6946   			8.26   		   		
6952   			8.79   		   		
6957   			7.88   		   		
6963   			8.68   		   		
6969   			8.62   		   		
6975   			7.76   		   		
6980   			8.20   		   		
6986   			8.60   		   		
6992   			6.94   		   		
6997   			9.46   		   		
7003   			9.06   		   		
7009   			8.10   		   		
7015   			9.25   		   		
7020   			8.39   		   		
7026   			9.19   		   		
7032   			9.08   		   		
7038   			8.14   		   		
7043   			8.89   		   		
7049   			8.14   		   		
7055   			8.08   		   		
7060   			8.66   		   		
7066   			8.64   		   		
7072   			8.93   		   		
7078   			8.70   		   		
7083   			8.70   		   		
7089   			8.18   		   		
7095   			9.22   		   		
7101   			9.39   		   		
7106   			9.56   		   		
7112   			8.93   		   		
7118   			9.04   		   		
7123   			8.45   		   		
7129   			8.22   		   		
7135   			8.68   		   		
7141   			8.74   		   		
7146   			8.97   		   		
7152   			8.16   		   		
7158   			9.14   		   		
7164   			7.88   		   		
7169   			8.39   		   		
7175   			9.08   		   		
7181   			9.50   		   		
7186   			9.50   		   		
7192   			9.39   		   		
7198   			8.81   		   		
7204   			8.64   		   		
7209   			9.23   		   		
7215   			9.29   		   		
7221   			8.49   		   		
7227   			8.60   		   		
7232   			8.31   		   		
7238   			8.56   		   		
7244   			8.97   		   		
7249   			9.48   		   		
7255   			9.60   		   		
7261   			8.79   		   		
7267   			8.46   		   		
7272   			9.50   		   		
7278   			7.89   		   		
7284   			8.46   		   		
7290   			8.69   		   		
7295   			8.94   		   		
7301   			9.40   		   		
7307   			8.49   		   		
7312   			8.43   		   		
7318   			7.74   		   		
7324   			8.20   		   		
7330   			8.31   		   		
7335   			8.54   		   		
7341   			7.91   		   		
7347   			8.94   		   		
7353   			9.23   		   		
7358   			9.35   		   		
7364   			8.71   		   		
7370   			9.69   		   		
7375   			9.00   		   		
7381   			10.05   		   		
7387   			9.08   		   		
7393   			10.34   		   		
7398   			9.37   		   		
7404   			9.48   		   		
7410   			9.37   		   		
7416   			9.14   		   		
7421   			9.65   		   		
7427   			8.91   		   		
7433   			9.42   		   		
7438   			9.40   		   		
7444   			9.23   		   		
7450   			8.89   		   		
7456   			9.57   		   		
7461   			9.23   		   		
7467   			8.85   		   		
7473   			9.42   		   		
7479   			9.71   		   		
7484   			9.42   		   		
7490   			9.02   		   		
7496   			9.31   		   		
7501   			9.54   		   		
7507   			9.77   		   		
7513   			9.77   		   		
7519   			10.40   		   		
7524   			9.65   		   		
7530   			9.42   		   		
7536   			8.51   		   		
7542   			7.82   		   		
7547   			8.33   		   		
7553   			8.66   		   		
7559   			8.08   		   		
7564   			8.08   		   		
7570   			7.85   		   		
7576   			7.85   		   		
7582   			8.54   		   		
7587   			8.43   		   		
7593   			8.66   		   		
7599   			7.97   		   		
7605   			9.29   		   		
7610   			9.02   		   		
7616   			9.08   		   		
7622   			9.54   		   		
7627   			9.42   		   		
7633   			9.31   		   		
7639   			9.15   		   		
7645   			10.41   		   		
7650   			10.18   		   		
7656   			9.78   		   		
7662   			7.26   		   		
7667   			8.76   		   		
7673   			9.04   		   		
7679   			7.90   		   		
7685   			8.18   		   		
7690   			9.16   		   		
7696   			9.52   		   		
7702   			9.17   		   		
7708   			9.12   		   		
7713   			9.23   		   		
7719   			9.69   		   		
7725   			7.51   		   		
7730   			7.80   		   		
7736   			9.35   		   		
7742   			9.29   		   		
7748   			9.00   		   		
7753   			9.00   		   		
7759   			8.83   		   		
7765   			9.52   		   		
7771   			9.75   		   		
7776   			8.14   		   		
7782   			8.76   		   		
7788   			8.41   		   		
7793   			7.84   		   		
7799   			8.87   		   		
7805   			8.24   		   		
7811   			8.60   		   		
7816   			8.14   		   		
7822   			8.60   		   		
7828   			7.68   		   		
7834   			7.85   		   		
7839   			8.20   		   		
7845   			8.26   		   		
7851   			8.03   		   		
7856   			8.60   		   		
7862   			7.45   		   		
7868   			7.99   		   		
7874   			7.88   		   		
7879   			8.22   		   		
7885   			8.62   		   		
7891   			8.22   		   		
7897   			8.79   		   		
7902   			8.68   		   		
7908   			8.05   		   		
7914   			8.28   		   		
7919   			8.51   		   		
7925   			8.58   		   		
7931   			8.07   		   		
7937   			8.41   		   		
7942   			8.53   		   		
7948   			8.64   		   		
7954   			7.65   		   		
7960   			7.24   		   		
7965   			8.22   		   		
7971   			8.33   		   		
7977   			7.65   		   		
7982   			7.62   		   		
7988   			7.62   		   		
7994   			7.57   		   		
8000   			8.54   		   		
8005   			8.14   		   		
8011   			8.76   		   		
8017   			8.24   		   		
8023   			7.61   		   		
8028   			8.07   		   		
8034   			7.84   		   		
8040   			7.76   		   		
8045   			8.22   		   		
8051   			7.65   		   		
8057   			8.22   		   		
8063   			8.62   		   		
8068   			7.16   		   		
8074   			7.62   		   		
8080   			7.22   		   		
8086   			7.62   		   		
8091   			7.80   		   		
8097   			6.76   		   		
8103   			8.03   		   		
8108   			7.68   		   		
8114   			7.11   		   		
8120   			8.66   		   		
8126   			7.53   		   		
8131   			7.76   		   		
8137   			7.53   		   		
8143   			7.93   		   		
8149   			7.53   		   		
8154   			8.71   		   		
8160   			7.62   		   		
8166   			8.60   		   		
8171   			7.57   		   		
8177   			7.80   		   		
8183   			7.68   		   		
8189   			7.68   		   		
8194   			8.31   		   		
8200   			7.74   		   		
8206   			7.34   		   		
8212   			7.82   		   		
8217   			8.22   		   		
8223   			7.53   		   		
8229   			6.67   		   		
8234   			7.70   		   		
8240   			7.13   		   		
8246   			7.13   		   		
8252   			7.19   		   		
8257   			7.07   		   		
8263   			7.19   		   		
8269   			7.36   		   		
8275   			7.36   		   		
8280   			7.07   		   		
8286   			7.24   		   		
8292   			7.24   		   		
8297   			7.39   		   		
8303   			7.91   		   		
8309   			7.62   		   		
8315   			7.05   		   		
8320   			7.68   		   		
8326   			6.94   		   		
8332   			7.00   		   		
8337   			7.34   		   		
8343   			7.46   		   		
8349   			7.74   		   		
8355   			7.38   		   		
8360   			7.67   		   		
8366   			8.53   		   		
8372   			7.38   		   		
8378   			7.09   		   		
8383   			7.24   		   		
8389   			7.24   		   		
8395   			5.63   		   		
8400   			7.65   		   		
8406   			7.30   		   		
8412   			7.90   		   		
8418   			7.95   		   		
8423   			8.53   		   		
8429   			8.13   		   		
8435   			7.67   		   		
8441   			8.28   		   		
8446   			7.93   		   		
8452   			8.56   		   		
8458   			7.19   		   		
8463   			8.74   		   		
8469   			9.02   		   		
8475   			9.14   		   		
8481   			9.08   		   		
8486   			8.56   		   		
8492   			8.79   		   		
8498   			9.77   		   		
8504   			10.00   		   		
8509   			8.91   		   		
8515   			8.74   		   		
8521   			6.61   		   		
8526   			8.47   		   		
8532   			8.13   		   		
8538   			7.95   		   		
8544   			8.99   		   		
8549   			8.99   		   		
8555   			8.89   		   		
8561   			8.89   		   		
8567   			8.54   		   		
8572   			8.77   		   		
8578   			9.17   		   		
8584   			7.16   		   		
8589   			9.17   		   		
8595   			8.43   		   		
8601   			7.85   		   		
8607   			8.37   		   		
8612   			8.94   		   		
8618   			9.23   		   		
8624   			8.94   		   		
8630   			8.20   		   		
8635   			8.94   		   		
8641   			8.51   		   		
8647   			6.67   		   		
8652   			8.51   		   		
8658   			8.85   		   		
8664   			8.79   		   		
8670   			9.79   		   		
8675   			9.10   		   		
8681   			9.27   		   		
8687   			9.33   		   		
8693   			8.93   		   		
8698   			9.25   		   		
8704   			9.02   		   		
8710   			6.90   		   		
8715   			9.71   		   		
8721   			9.19   		   		
8727   			9.75   		   		
8733   			9.23   		   		
8738   			9.52   		   		
8744   			9.17   		   		
8750   			8.66   		   		
8756   			8.08   		   		
8761   			9.00   		   		
8767   			8.31   		   		
8773   			7.80   		   		
8778   			7.97   		   		
8784   			8.77   		   		
8790   			8.66   		   		
8796   			8.43   		   		
8801   			8.60   		   		
8807   			8.71   		   		
8813   			8.91   		   		
8819   			9.25   		   		
8824   			9.08   		   		
8830   			8.51   		   		
8836   			8.97   		   		
8841   			8.62   		   		
8847   			7.76   		   		
8853   			8.56   		   		
8859   			8.74   		   		
8864   			9.08   		   		
8870   			8.26   		   		
8876   			8.83   		   		
8882   			7.91   		   		
8887   			8.37   		   		
8893   			8.77   		   		
8899   			8.49   		   		
8904   			8.49   		   		
8910   			7.80   		   		
8916   			8.20   		   		
8922   			7.74   		   		
8927   			7.93   		   		
8933   			7.59   		   		
8939   			8.22   		   		
8945   			9.42   		   		
8950   			8.39   		   		
8956   			7.34   		   		
8962   			7.85   		   		
8967   			7.45   		   		
8973   			7.57   		   		
8979   			8.89   		   		
8985   			8.33   		   		
8990   			8.05   		   		
8996   			8.28   		   		
9002   			8.33   		   		
9008   			7.99   		   		
9013   			8.31   		   		
9019   			8.89   		   		
9025   			8.77   		   		
9030   			8.83   		   		
9036   			8.26   		   		
9042   			9.69   		   		
9048   			9.00   		   		
9053   			8.83   		   		
9059   			9.06   		   		
9065   			8.71   		   		
9071   			9.71   		   		
9076   			9.65   		   		
9082   			8.91   		   		
9088   			8.39   		   		
9093   			8.28   		   		
9099   			9.08   		   		
9105   			9.14   		   		
9111   			8.05   		   		
9116   			8.22   		   		
9122   			8.91   		   		
9128   			9.06   		   		
9134   			8.37   		   		
9139   			8.26   		   		
9145   			8.89   		   		
9151   			9.12   		   		
9156   			8.74   		   		
9162   			8.56   		   		
9168   			8.68   		   		
9174   			7.82   		   		
9179   			9.02   		   		
9185   			8.24   		   		
9191   			8.64   		   		
9197   			8.01   		   		
9202   			7.78   		   		
9208   			8.24   		   		
9214   			7.57   		   		
9219   			8.66   		   		
9225   			8.03   		   		
9231   			8.37   		   		
9237   			8.43   		   		
9242   			8.56   		   		
9248   			8.91   		   		
9254   			8.56   		   		
9260   			9.48   		   		
9265   			9.71   		   		
9271   			9.02   		   		
9277   			9.08   		   		
9282   			8.91   		   		
9288   			8.97   		   		
9294   			8.91   		   		
9300   			9.77   		   		
9305   			9.37   		   		
9311   			8.51   		   		
9317   			9.71   		   		
9323   			9.48   		   		
9328   			10.03   		   		
9334   			9.80   		   		
9340   			9.12   		   		
9345   			8.83   		   		
9351   			8.26   		   		
9357   			8.83   		   		
9363   			8.66   		   		
9368   			8.60   		   		
9374   			8.60   		   		
9380   			8.71   		   		
9386   			8.22   		   		
9391   			7.88   		   		
9397   			8.74   		   		
9403   			8.39   		   		
9408   			8.10   		   		
9414   			8.49   		   		
9420   			8.31   		   		
9426   			8.26   		   		
9431   			7.91   		   		
9437   			7.80   		   		
9443   			7.95   		   		
9449   			8.07   		   		
9454   			7.49   		   		
9460   			7.44   		   		
9466   			7.61   		   		
9471   			8.30   		   		
9477   			8.58   		   		
9483   			8.13   		   		
9489   			8.58   		   		
9494   			8.24   		   		
9500   			7.61   		   		
9506   			8.53   		   		
9512   			8.70   		   		
9517   			8.53   		   		
9523   			7.49   		   		
9529   			7.59   		   		
9534   			7.76   		   		
9540   			8.97   		   		
9546   			8.10   		   		
9552   			8.51   		   		
9557   			8.79   		   		
9563   			8.56   		   		
9569   			8.62   		   		
9575   			9.02   		   		
9580   			7.70   		   		
9586   			8.31   		   		
9592   			8.71   		   		
9597   			7.80   		   		
9603   			8.77   		   		
9609   			7.80   		   		
9615   			7.93   		   		
9620   			8.33   		   		
9626   			8.22   		   		
9632   			8.05   		   		
9638   			7.82   		   		
9643   			7.47   		   		
9649   			7.65   		   		
9655   			8.28   		   		
9660   			7.53   		   		
9666   			8.74   		   		
9672   			8.37   		   		
9678   			9.12   		   		
9683   			8.03   		   		
9689   			7.97   		   		
9695   			7.80   		   		
9701   			7.95   		   		
9706   			7.15   		   		
9712   			7.72   		   		
9718   			8.41   		   		
9723   			7.67   		   		
9729   			8.36   		   		
9735   			7.38   		   		
9741   			8.41   		   		
9746   			8.41   		   		
9752   			8.41   		   		
9758   			8.33   		   		
9764   			8.39   		   		
9769   			8.05   		   		
9775   			8.51   		   		
9781   			9.14   		   		
9786   			8.10   		   		
9792   			8.74   		   		
9798   			7.88   		   		
9804   			8.51   		   		
9809   			9.37   		   		
9815   			8.70   		   		
9821   			7.61   		   		
9827   			8.58   		   		
9832   			8.76   		   		
9838   			8.87   		   		
9844   			8.85   		   		
9849   			8.16   		   		
9855   			8.22   		   		
9861   			8.16   		   		
9867   			7.70   		   		
9872   			7.34   		   		
9878   			8.20   		   		
9884   			6.36   		   		
9889   			8.20   		   		
9895   			8.37   		   		
9901   			9.25   		   		
9907   			8.33   		   		
9912   			8.56   		   		
9918   			8.85   		   		
9924   			8.79   		   		
9930   			8.43   		   		
9935   			8.60   		   		
9941   			7.74   		   		
9947   			6.48   		   		
9952   			8.71   		   		
9958   			8.01   		   		
9964   			8.30   		   		
9970   			7.72   		   		
9975   			8.01   		   		
9981   			7.90   		   		
9987   			8.53   		   		
9993   			7.90   		   		
9998   			9.04   		   		
10004   			8.24   		   		
10010   			6.63   		   		
10015   			7.39   		   		
10021   			7.22   		   		
10027   			7.22   		   		
10033   			7.74   		   		
10038   			7.80   		   		
10044   			8.74   		   		
10050   			8.45   		   		
10056   			7.88   		   		
10061   			7.82   		   		
10067   			8.05   		   		
10073   			8.20   		   		
10078   			8.54   		   		
10084   			7.74   		   		
10090   			7.97   		   		
10096   			8.08   		   		
10101   			7.47   		   		
10107   			8.85   		   		
10113   			7.59   		   		
10119   			7.88   		   		
10124   			7.99   		   		
10130   			7.24   		   		
10136   			7.19   		   		
10141   			7.24   		   		
10147   			6.32   		   		
10153   			7.07   		   		
10159   			6.65   		   		
10164   			6.82   		   		
10170   			7.16   		   		
10176   			6.76   		   		
10182   			8.14   		   		
10187   			8.05   		   		
10193   			7.24   		   		
10199   			6.38   		   		
10204   			6.38   		   		
10210   			6.67   		   		
10216   			7.62   		   		
10222   			7.11   		   		
10227   			7.68   		   		
10233   			6.53   		   		
10239   			8.60   		   		
10245   			6.84   		   		
10250   			7.30   		   		
10256   			8.05   		   		
10262   			7.59   		   		
10267   			7.19   		   		
10273   			8.26   		   		
10279   			7.80   		   		
10285   			7.80   		   		
10290   			7.11   		   		
10296   			8.08   		   		
10302   			7.80   		   		
10308   			7.62   		   		
10313   			7.74   		   		
10319   			7.22   		   		
10325   			7.16   		   		
10330   			7.74   		   		
10336   			7.74   		   		
10342   			7.51   		   		
10348   			7.62   		   		
10353   			7.91   		   		
10359   			7.91   		   		
10365   			8.43   		   		
10371   			8.66   		   		
10376   			7.85   		   		
10382   			7.91   		   		
10388   			9.02   		   		
10393   			8.74   		   		
10399   			9.02   		   		
10405   			8.97   		   		
10411   			8.85   		   		
10416   			8.60   		   		
10422   			8.26   		   		
10428   			7.91   		   		
10434   			7.62   		   		
10439   			8.54   		   		
10445   			8.05   		   		
10451   			8.91   		   		
10456   			7.99   		   		
10462   			8.10   		   		
10468   			8.16   		   		
10474   			7.45   		   		
10479   			8.26   		   		
10485   			8.26   		   		
10491   			7.68   		   		
10497   			7.74   		   		
10502   			7.76   		   		
10508   			8.28   		   		
10514   			7.82   		   		
10519   			7.70   		   		
10525   			7.30   		   		
10531   			8.29   		   		
10537   			7.83   		   		
10542   			8.64   		   		
10548   			8.29   		   		
10554   			8.58   		   		
10560   			7.78   		   		
10565   			8.36   		   		
10571   			8.13   		   		
10577   			7.55   		   		
10582   			7.15   		   		
10588   			7.90   		   		
10594   			7.44   		   		
10600   			7.90   		   		
10605   			8.07   		   		
10611   			7.78   		   		
10617   			7.19   		   		
10623   			7.36   		   		
10628   			7.88   		   		
10634   			8.22   		   		
10640   			7.42   		   		
10645   			7.88   		   		
10651   			7.36   		   		
10657   			7.70   		   		
10663   			7.36   		   		
10668   			7.65   		   		
10674   			7.39   		   		
10680   			8.08   		   		
10686   			7.51   		   		
10691   			8.71   		   		
10697   			8.37   		   		
10703   			8.10   		   		
10708   			8.62   		   		
10714   			8.39   		   		
10720   			8.45   		   		
10726   			8.16   		   		
10731   			8.45   		   		
10737   			8.39   		   		
10743   			7.53   		   		
10749   			6.78   		   		
10754   			8.33   		   		
10760   			7.38   		   		
10766   			7.90   		   		
10771   			8.36   		   		
10777   			7.95   		   		
10783   			8.18   		   		
10789   			7.97   		   		
10794   			7.97   		   		
10800   			8.14   		   		
10806   			5.90   		   		
10811   			7.85   		   		
10817   			7.76   		   		
10823   			7.19   		   		
10829   			7.53   		   		
10834   			7.53   		   		
10840   			7.47   		   		
10846   			8.64   		   		
10852   			7.72   		   		
10857   			8.18   		   		
10863   			8.41   		   		
10869   			7.61   		   		
10874   			8.77   		   		
10880   			7.57   		   		
10886   			8.31   		   		
10892   			9.35   		   		
10897   			8.31   		   		
10903   			8.07   		   		
10909   			8.18   		   		
10915   			7.84   		   		
10920   			6.92   		   		
10926   			7.61   		   		
10932   			8.22   		   		
10937   			8.28   		   		
10943   			7.59   		   		
10949   			7.42   		   		
10955   			7.76   		   		
10960   			8.43   		   		
10966   			8.03   		   		
10972   			7.62   		   		
10978   			7.85   		   		
10983   			7.80   		   		
10989   			7.97   		   		
10995   			7.34   		   		
11000   			7.34   		   		
11006   			6.88   		   		
11012   			7.34   		   		
11018   			8.16   		   		
11023   			7.47   		   		
11029   			7.53   		   		
11035   			7.59   		   		
11041   			7.99   		   		
11046   			8.13   		   		
11052   			8.87   		   		
11058   			7.90   		   		
11063   			8.13   		   		
11069   			7.78   		   		
11075   			7.53   		   		
11081   			8.28   		   		
11086   			7.93   		   		
11092   			8.39   		   		
11098   			7.59   		   		
11104   			8.22   		   		
11109   			7.47   		   		
11115   			8.28   		   		
11121   			8.10   		   		
11126   			7.47   		   		
11132   			6.78   		   		
11138   			7.53   		   		
11144   			8.22   		   		
11149   			8.05   		   		
11155   			7.93   		   		
11161   			7.88   		   		
11167   			8.05   		   		
11172   			7.76   		   		
11178   			7.76   		   		
11184   			7.47   		   		
11189   			6.67   		   		
11195   			7.99   		   		
11201   			8.05   		   		
11207   			8.10   		   		
11212   			8.22   		   		
11218   			8.74   		   		
11224   			8.05   		   		
11230   			8.33   		   		
11235   			8.68   		   		
11241   			8.16   		   		
11247   			8.37   		   		
11252   			8.31   		   		
11258   			8.43   		   		
11264   			7.80   		   		
11270   			8.60   		   		
11275   			8.10   		   		
11281   			7.88   		   		
11287   			6.67   		   		
11293   			7.24   		   		
11298   			7.47   		   		
11304   			7.78   		   		
11310   			6.40   		   		
11315   			7.26   		   		
11321   			7.44   		   		
11327   			7.72   		   		
11333   			8.14   		   		
11338   			8.08   		   		
11344   			8.20   		   		
11350   			8.08   		   		
11356   			8.31   		   		
11361   			8.20   		   		
11367   			8.71   		   		
11373   			7.39   		   		
11378   			8.20   		   		
11384   			8.08   		   		
11390   			8.28   		   		
11396   			8.74   		   		
11401   			7.42   		   		
11407   			7.82   		   		
11413   			8.56   		   		
11419   			8.24   		   		
11424   			7.55   		   		
11430   			7.72   		   		
11436   			7.84   		   		
11441   			8.18   		   		
11447   			8.56   		   		
11453   			8.56   		   		
11459   			8.22   		   		
11464   			7.76   		   		
11470   			8.16   		   		
11476   			9.10   		   		
11482   			9.22   		   		
11487   			8.76   		   		
11493   			8.41   		   		
11499   			8.81   		   		
11504   			8.68   		   		
11510   			8.74   		   		
11516   			9.48   		   		
11522   			8.51   		   		
11527   			8.91   		   		
11533   			7.99   		   		
11539   			9.54   		   		
11545   			8.91   		   		
11550   			8.74   		   		
11556   			8.85   		   		
11562   			7.70   		   		
11567   			8.10   		   		
11573   			9.31   		   		
11579   			9.60   		   		
11585   			8.45   		   		
11590   			8.54   		   		
11596   			8.49   		   		
11602   			6.53   		   		
11607   			8.71   		   		
11613   			8.43   		   		
11619   			8.54   		   		
11625   			8.20   		   		
11630   			7.74   		   		
11636   			8.43   		   		
11642   			8.37   		   		
11648   			8.13   		   		
11653   			8.13   		   		
11659   			8.53   		   		
11665   			7.90   		   		
11670   			9.22   		   		
11676   			8.39   		   		
11682   			9.42   		   		
11688   			7.88   		   		
11693   			8.16   		   		
11699   			8.28   		   		
11705   			8.39   		   		
11711   			7.88   		   		
11716   			7.76   		   		
11722   			8.05   		   		
11728   			6.73   		   		
11733   			7.59   		   		
11739   			7.82   		   		
11745   			8.91   		   		
11751   			8.22   		   		
11756   			8.39   		   		
11762   			8.14   		   		
11768   			9.06   		   		
11774   			8.60   		   		
11779   			9.12   		   		
11785   			8.14   		   		
11791   			6.55   		   		
11796   			8.39   		   		
11802   			8.68   		   		
11808   			9.08   		   		
11814   			9.54   		   		
11819   			9.46   		   		
11825   			9.00   		   		
11831   			8.66   		   		
11837   			8.83   		   		
11842   			8.94   		   		
11848   			8.51   		   		
11854   			7.42   		   		
11859   			9.31   		   		
11865   			9.42   		   		
11871   			9.37   		   		
11877   			9.23   		   		
11882   			9.00   		   		
11888   			8.54   		   		
11894   			8.26   		   		
11900   			8.26   		   		
11905   			8.28   		   		
11911   			8.39   		   		
11917   			7.01   		   		
11922   			8.68   		   		
11928   			9.42   		   		
11934   			8.51   		   		
11940   			9.54   		   		
11945   			8.85   		   		
11951   			8.39   		   		
11957   			7.93   		   		
11963   			7.93   		   		
11968   			7.76   		   		
11974   			8.28   		   		
11980   			7.19   		   		
11985   			7.36   		   		
11991   			7.36   		   		
11997   			7.24   		   		
12003   			7.59   		   		
12008   			7.70   		   		
12014   			7.13   		   		
12020   			7.21   		   		
12026   			7.38   		   		
12031   			7.21   		   		
12037   			7.44   		   		
12043   			7.38   		   		
12048   			6.71   		   		
12054   			6.94   		   		
12060   			6.99   		   		
12066   			8.08   		   		
12071   			8.94   		   		
12077   			8.03   		   		
12083   			7.97   		   		
12089   			8.31   		   		
12094   			8.26   		   		
12100   			8.14   		   		
12106   			7.88   		   		
12111   			8.74   		   		
12117   			8.74   		   		
12123   			8.51   		   		
12129   			9.02   		   		
12134   			8.39   		   		
12140   			8.51   		   		
12146   			8.91   		   		
12152   			8.62   		   		
12157   			9.02   		   		
12163   			8.85   		   		
12169   			9.08   		   		
12174   			9.31   		   		
12180   			8.85   		   		
12186   			8.91   		   		
12192   			8.56   		   		
12197   			8.16   		   		
12203   			9.08   		   		
12209   			8.39   		   		
12215   			8.97   		   		
12220   			8.99   		   		
12226   			8.87   		   		
12232   			9.16   		   		
12237   			8.81   		   		
12243   			8.87   		   		
12249   			7.76   		   		
12255   			7.82   		   		
12260   			7.88   		   		
12266   			8.22   		   		
12272   			8.39   		   		
12278   			8.20   		   		
12283   			7.68   		   		
12289   			7.39   		   		
12295   			7.85   		   		
12300   			7.45   		   		
12306   			8.32   		   		
12312   			8.15   		   		
12318   			8.43   		   		
12323   			7.40   		   		
12329   			7.40   		   		
12335   			8.14   		   		
12341   			8.49   		   		
12346   			7.97   		   		
12352   			7.97   		   		
12358   			8.83   		   		
12363   			8.20   		   		
12369   			7.80   		   		
12375   			7.62   		   		
12381   			8.31   		   		
12386   			8.60   		   		
12392   			9.57   		   		
12398   			9.40   		   		
12404   			8.49   		   		
12409   			8.66   		   		
12415   			9.00   		   		
12421   			8.16   		   		
12426   			9.19   		   		
12432   			8.22   		   		
12438   			7.47   		   		
12444   			8.39   		   		
12449   			8.43   		   		
12455   			8.89   		   		
12461   			8.66   		   		
12467   			7.51   		   		
12472   			7.16   		   		
12478   			8.05   		   		
12484   			7.30   		   		
12489   			7.65   		   		
12495   			8.62   		   		
12501   			8.39   		   		
12507   			8.56   		   		
12512   			8.39   		   		
12518   			8.28   		   		
12524   			8.68   		   		
12530   			8.97   		   		
12535   			8.54   		   		
12541   			8.94   		   		
12547   			8.20   		   		
12552   			8.37   		   		
12558   			9.06   		   		
12564   			8.91   		   		
12570   			9.14   		   		
12575   			8.62   		   		
12581   			8.39   		   		
12587   			8.79   		   		
12593   			8.36   		   		
12598   			8.30   		   		
12604   			8.41   		   		
12610   			8.70   		   		
12615   			7.67   		   		
12621   			8.53   		   		
12627   			8.47   		   		
12633   			7.84   		   		
12638   			7.49   		   		
12644   			8.76   		   		
12650   			7.05   		   		
12655   			8.71   		   		
12661   			8.20   		   		
12667   			8.54   		   		
12673   			8.49   		   		
12678   			8.62   		   		
12684   			8.62   		   		
12690   			8.05   		   		
12696   			8.39   		   		
12701   			8.45   		   		
12707   			8.51   		   		
12713   			6.21   		   		
12718   			7.82   		   		
12724   			9.19   		   		
12730   			8.10   		   		
12736   			7.68   		   		
12741   			7.74   		   		
12747   			9.35   		   		
12753   			9.12   		   		
12759   			8.26   		   		
12764   			8.74   		   		
12770   			9.48   		   		
12776   			7.07   		   		
12781   			8.62   		   		
12787   			9.25   		   		
12793   			8.79   		   		
12799   			8.16   		   		
12804   			8.68   		   		
12810   			8.51   		   		
12816   			8.85   		   		
12822   			8.33   		   		
12827   			8.22   		   		
12833   			8.56   		   		
12839   			6.27   		   		
12844   			8.05   		   		
12850   			9.06   		   		
12856   			9.23   		   		
12862   			8.49   		   		
12867   			8.31   		   		
12873   			9.17   		   		
12879   			8.49   		   		
12885   			8.43   		   		
12890   			8.20   		   		
12896   			8.66   		   		
12902   			7.97   		   		
12907   			9.12   		   		
12913   			7.97   		   		
12919   			8.37   		   		
12925   			9.00   		   		
12930   			8.83   		   		
12936   			9.71   		   		
12942   			9.02   		   		
12948   			9.31   		   		
12953   			8.79   		   		
12959   			8.39   		   		
12965   			8.39   		   		
12970   			7.93   		   		
12976   			9.48   		   		
12982   			8.28   		   		
12988   			7.82   		   		
12993   			7.97   		   		
12999   			9.12   		   		
13005   			8.26   		   		
13011   			8.43   		   		
13016   			8.49   		   		
13022   			8.85   		   		
13028   			8.22   		   		
13033   			8.97   		   		
13039   			8.79   		   		
13045   			7.82   		   		
13051   			7.76   		   		
13056   			8.85   		   		
13062   			9.14   		   		
13068   			8.45   		   		
13074   			8.45   		   		
13079   			8.10   		   		
13085   			7.99   		   		
13091   			8.45   		   		
13096   			7.76   		   		
13102   			7.47   		   		
13108   			7.91   		   		
13114   			8.08   		   		
13119   			7.57   		   		
13125   			7.97   		   		
13131   			7.57   		   		
13137   			7.82   		   		
13142   			8.62   		   		
13148   			8.74   		   		
13154   			8.51   		   		
13159   			7.82   		   		
13165   			8.74   		   		
13171   			9.37   		   		
13177   			8.39   		   		
13182   			8.28   		   		
13188   			7.93   		   		
13194   			7.59   		   		
13200   			8.28   		   		
13205   			8.22   		   		
13211   			8.39   		   		
13217   			7.65   		   		
13222   			7.51   		   		
13228   			8.08   		   		
13234   			7.91   		   		
13240   			8.26   		   		
13245   			6.99   		   		
13251   			7.59   		   		
13257   			8.16   		   		
13263   			7.70   		   		
13268   			8.05   		   		
13274   			7.88   		   		
13280   			7.97   		   		
13285   			7.39   		   		
13291   			8.03   		   		
13297   			7.68   		   		
13303   			8.60   		   		
13308   			8.24   		   		
13314   			8.93   		   		
13320   			8.99   		   		
13326   			8.13   		   		
13331   			8.58   		   		
13337   			7.91   		   		
13343   			7.39   		   		
13348   			7.74   		   		
13354   			8.26   		   		
13360   			7.97   		   		
13366   			7.88   		   		
13371   			7.88   		   		
13377   			7.76   		   		
13383   			7.53   		   		
13389   			8.39   		   		
13394   			8.28   		   		
13400   			8.74   		   		
13406   			7.65   		   		
13411   			7.93   		   		
13417   			7.93   		   		
13423   			8.45   		   		
13429   			7.99   		   		
13434   			8.33   		   		
13440   			8.68   		   		
13446   			6.96   		   		
13451   			8.08   		   		
13457   			7.57   		   		
13463   			8.71   		   		
13469   			8.08   		   		
13474   			8.83   		   		
13480   			9.25   		   		
13486   			8.56   		   		
13492   			8.51   		   		
13497   			9.14   		   		
13503   			9.37   		   		
13509   			8.74   		   		
13514   			8.56   		   		
13520   			9.02   		   		
13526   			8.05   		   		
13532   			7.82   		   		
13537   			8.56   		   		
13543   			7.76   		   		
13549   			7.42   		   		
13555   			7.82   		   		
13560   			7.82   		   		
13566   			7.34   		   		
13572   			7.85   		   		
13577   			8.14   		   		
13583   			7.45   		   		
13589   			7.28   		   		
13595   			7.97   		   		
13600   			8.20   		   		
13606   			7.51   		   		
13612   			7.11   		   		
13618   			6.76   		   		
13623   			7.42   		   		
13629   			8.16   		   		
13635   			7.88   		   		
13640   			8.05   		   		
13646   			8.62   		   		
13652   			8.26   		   		
13658   			7.80   		   		
13663   			8.60   		   		
13669   			8.20   		   		
13675   			7.80   		   		
13681   			7.37   		   		
13686   			8.29   		   		
13692   			8.41   		   		
13698   			9.15   		   		
13703   			8.52   		   		
13709   			8.89   		   		
13715   			7.74   		   		
13721   			7.85   		   		
13726   			7.91   		   		
13732   			7.97   		   		
13738   			8.91   		   		
13744   			8.85   		   		
13749   			8.33   		   		
13755   			7.76   		   		
13761   			8.39   		   		
13766   			7.85   		   		
13772   			8.26   		   		
13778   			7.74   		   		
13784   			7.97   		   		
13789   			7.28   		   		
13795   			8.94   		   		
13801   			8.49   		   		
13807   			8.14   		   		
13812   			8.37   		   		
13818   			8.71   		   		
13824   			8.43   		   		
13829   			8.20   		   		
13835   			7.62   		   		
13841   			7.28   		   		
13847   			7.51   		   		
13852   			7.44   		   		
13858   			8.70   		   		
13864   			8.07   		   		
13870   			8.87   		   		
13875   			8.81   		   		
13881   			8.28   		   		
13887   			8.05   		   		
13892   			7.88   		   		
13898   			7.93   		   		
13904   			7.76   		   		
13910   			8.51   		   		
13915   			7.76   		   		
13921   			8.16   		   		
13927   			8.33   		   		
13933   			8.68   		   		
13938   			7.53   		   		
13944   			7.59   		   		
13950   			8.10   		   		
13955   			8.68   		   		
13961   			8.22   		   		
13967   			7.07   		   		
13973   			7.99   		   		
13978   			7.47   		   		
13984   			7.24   		   		
13990   			7.99   		   		
13996   			7.39   		   		
14001   			7.85   		   		
14007   			8.31   		   		
14013   			7.62   		   		
14018   			7.57   		   		
14024   			7.99   		   		
14030   			8.91   		   		
14036   			7.70   		   		
14041   			7.65   		   		
14047   			7.65   		   		
14053   			8.33   		   		
14059   			7.24   		   		
14064   			7.13   		   		
14070   			7.88   		   		
14076   			7.36   		   		
14081   			7.19   		   		
14087   			8.05   		   		
14093   			8.62   		   		
14099   			7.70   		   		
14104   			7.07   		   		
14110   			7.86   		   		
14116   			7.92   		   		
14122   			7.57   		   		
14127   			7.69   		   		
14133   			7.97   		   		
14139   			8.20   		   		
14144   			7.91   		   		
14150   			7.91   		   		
14156   			7.91   		   		
14162   			7.85   		   		
14167   			8.26   		   		
14173   			8.20   		   		
14179   			7.85   		   		
14185   			7.91   		   		
14190   			9.00   		   		
14196   			8.10   		   		
14202   			8.45   		   		
14207   			8.28   		   		
14213   			8.62   		   		
14219   			8.51   		   		
14225   			8.66   		   		
14230   			8.94   		   		
14236   			8.60   		   		
14242   			8.20   		   		
14248   			7.80   		   		
14253   			8.03   		   		
14259   			8.54   		   		
14265   			8.89   		   		
14270   			8.83   		   		
14276   			7.62   		   		
14282   			8.16   		   		
14288   			8.68   		   		
14293   			8.28   		   		
14299   			8.62   		   		
14305   			5.63   		   		
14310   			8.18   		   		
14316   			8.01   		   		
14322   			8.53   		   		
14328   			8.87   		   		
14333   			8.81   		   		
14339   			7.70   		   		
14345   			8.22   		   		
14351   			7.70   		   		
14356   			8.16   		   		
14362   			8.68   		   		
14368   			7.93   		   		
14373   			7.88   		   		
14379   			7.70   		   		
14385   			8.45   		   		
14391   			8.74   		   		
14396   			8.14   		   		
14402   			8.83   		   		
14408   			8.89   		   		
14414   			8.77   		   		
14419   			7.97   		   		
14425   			8.10   		   		
14431   			6.55   		   		
14436   			8.68   		   		
14442   			8.91   		   		
14448   			7.93   		   		
14454   			8.56   		   		
14459   			7.59   		   		
14465   			7.70   		   		
14471   			8.16   		   		
14477   			7.24   		   		
14482   			8.49   		   		
14488   			7.68   		   		
14494   			6.36   		   		
14499   			7.57   		   		
14505   			8.08   		   		
14511   			8.16   		   		
14517   			7.36   		   		
14522   			7.30   		   		
14528   			7.65   		   		
14534   			7.36   		   		
14540   			7.28   		   		
14545   			7.45   		   		
14551   			7.16   		   		
14557   			6.48   		   		
14562   			7.51   		   		
14568   			6.50   		   		
14574   			6.90   		   		
14580   			7.13   		   		
14585   			7.01   		   		
14591   			6.84   		   		
14597   			7.88   		   		
14603   			6.78   		   		
14608   			6.84   		   		
14614   			6.04   		   		
14620   			6.73   		   		
14625   			6.15   		   		
14631   			7.13   		   		
14637   			6.96   		   		
14643   			8.22   		   		
14648   			7.19   		   		
14654   			8.16   		   		
14660   			7.65   		   		
14666   			7.65   		   		
14671   			8.10   		   		
14677   			7.13   		   		
14683   			8.54   		   		
14688   			7.51   		   		
14694   			7.91   		   		
14700   			7.62   		   		
14706   			7.97   		   		
14711   			7.88   		   		
14717   			7.65   		   		
14723   			7.42   		   		
14729   			7.70   		   		
14734   			7.07   		   		
14740   			7.84   		   		
14746   			7.49   		   		
14751   			7.15   		   		
14757   			7.21   		   		
14763   			7.32   		   		
14769   			7.62   		   		
14774   			7.62   		   		
14780   			6.99   		   		
14786   			7.11   		   		
14792   			7.05   		   		
14797   			7.03   		   		
14803   			6.75   		   		
14809   			7.61   		   		
14814   			8.87   		   		
14820   			7.78   		   		
14826   			7.22   		   		
14832   			8.03   		   		
14837   			8.08   		   		
14843   			7.57   		   		
14849   			7.22   		   		
14855   			7.22   		   		
14860   			6.65   		   		
14866   			7.05   		   		
14872   			7.57   		   		
14877   			7.57   		   		
14883   			7.93   		   		
14889   			8.10   		   		
14895   			7.70   		   		
14900   			8.22   		   		
14906   			8.05   		   		
14912   			6.61   		   		
14918   			7.82   		   		
14923   			7.70   		   		
14929   			7.47   		   		
14935   			7.47   		   		
14940   			7.30   		   		
14946   			7.24   		   		
14952   			7.01   		   		
14958   			7.47   		   		
14963   			6.78   		   		
14969   			6.63   		   		
14975   			6.00   		   		
14980   			6.63   		   		
14986   			7.95   		   		
14992   			7.90   		   		
14998   			7.70   		   		
15003   			7.88   		   		
15009   			7.47   		   		
15015   			7.70   		   		
15021   			6.84   		   		
15026   			7.01   		   		
15032   			6.55   		   		
15038   			5.00   		   		
15043   			6.78   		   		
15049   			6.78   		   		
15055   			7.32   		   		
15061   			7.44   		   		
15066   			8.18   		   		
15072   			8.24   		   		
15078   			8.24   		   		
15084   			8.68   		   		
15089   			8.51   		   		
15095   			8.05   		   		
15101   			5.92   		   		
15106   			7.76   		   		
15112   			8.14   		   		
15118   			8.14   		   		
15124   			7.45   		   		
15129   			7.74   		   		
15135   			8.03   		   		
15141   			7.88   		   		
15147   			7.99   		   		
15152   			7.88   		   		
15158   			7.99   		   		
15164   			7.01   		   		
15169   			7.99   		   		
15175   			8.62   		   		
15181   			8.05   		   		
15187   			8.79   		   		
15192   			8.79   		   		
15198   			8.05   		   		
15204   			8.51   		   		
15210   			8.05   		   		
15215   			8.22   		   		
15221   			8.33   		   		
15227   			8.79   		   		
15232   			8.10   		   		
15238   			8.33   		   		
15244   			8.45   		   		
15250   			8.22   		   		
15255   			7.82   		   		
15261   			8.39   		   		
15267   			8.51   		   		
15273   			7.82   		   		
15278   			7.70   		   		
15284   			7.70   		   		
15290   			7.53   		   		
15295   			8.68   		   		
15301   			6.78   		   		
15307   			7.88   		   		
15313   			7.65   		   		
15318   			7.19   		   		
15324   			7.76   		   		
15330   			7.65   		   		
15336   			7.42   		   		
15341   			8.33   		   		
15347   			7.99   		   		
15353   			7.24   		   		
15358   			7.70   		   		
15364   			7.13   		   		
15370   			6.78   		   		
15376   			6.61   		   		
15381   			7.24   		   		
15387   			7.76   		   		
15393   			8.05   		   		
15399   			8.06   		   		
15404   			7.83   		   		
15410   			7.49   		   		
15416   			7.43   		   		
15421   			7.14   		   		
15427   			7.13   		   		
15433   			7.36   		   		
15439   			6.96   		   		
15444   			7.30   		   		
15450   			7.76   		   		
15456   			7.13   		   		
15462   			7.93   		   		
15467   			6.61   		   		
15473   			7.65   		   		
15479   			7.82   		   		
15484   			7.47   		   		
15490   			7.07   		   		
15496   			7.24   		   		
15502   			6.90   		   		
15507   			7.65   		   		
15513   			6.84   		   		
15519   			7.82   		   		
15525   			7.88   		   		
15530   			7.42   		   		
15536   			7.24   		   		
15542   			7.21   		   		
15547   			7.26   		   		
15553   			7.61   		   		
15559   			8.47   		   		
15565   			7.38   		   		
15570   			6.98   		   		
15576   			8.07   		   		
15582   			7.44   		   		
15588   			7.03   		   		
15593   			6.86   		   		
15599   			7.42   		   		
15605   			7.24   		   		
15610   			7.65   		   		
15616   			7.36   		   		
15622   			7.53   		   		
15628   			6.96   		   		
15633   			7.13   		   		
15639   			7.99   		   		
15645   			7.07   		   		
15651   			7.13   		   		
15656   			7.82   		   		
15662   			7.93   		   		
15668   			7.24   		   		
15673   			7.36   		   		
15679   			6.96   		   		
15685   			7.13   		   		
15691   			6.73   		   		
15696   			6.67   		   		
15702   			7.30   		   		
15708   			6.55   		   		
15714   			6.78   		   		
15719   			7.24   		   		
15725   			6.84   		   		
15731   			6.84   		   		
15736   			7.65   		   		
15742   			7.22   		   		
15748   			6.99   		   		
15754   			7.39   		   		
15759   			7.34   		   		
15765   			7.22   		   		
15771   			7.45   		   		
15777   			8.03   		   		
15782   			7.68   		   		
15788   			7.62   		   		
15794   			8.03   		   		
15799   			7.32   		   		
15805   			8.12   		   		
15811   			8.75   		   		
15817   			8.69   		   		
15822   			9.21   		   		
15828   			8.28   		   		
15834   			8.05   		   		
15839   			8.05   		   		
15845   			8.05   		   		
15851   			7.82   		   		
15857   			8.36   		   		
15862   			8.01   		   		
15868   			7.44   		   		
15874   			7.38   		   		
15880   			7.44   		   		
15885   			8.31   		   		
15891   			8.49   		   		
15897   			6.13   		   		
15902   			7.51   		   		
15908   			8.08   		   		
15914   			7.62   		   		
15920   			7.74   		   		
15925   			7.74   		   		
15931   			6.65   		   		
15937   			7.91   		   		
15943   			6.36   		   		
15948   			6.71   		   		
15954   			6.07   		   		
15960   			4.58   		   		
15965   			5.38   		   		
15971   			5.17   		   		
15977   			5.46   		   		
15983   			5.81   		   		
15988   			6.09   		   		
15994   			6.21   		   		
16000   			6.19   		   		
16006   			5.67   		   		
16011   			5.61   		   		
16017   			6.07   		   		
16023   			3.83   		   		
16028   			6.21   		   		
16034   			5.52   		   		
16040   			6.15   		   		
16046   			5.58   		   		
16051   			4.88   		   		
16057   			4.77   		   		
16063   			4.94   		   		
16069   			4.31   		   		
16074   			4.54   		   		
16080   			4.48   		   		
16086   			1.91   		   		
16091   			4.16   		   		
16097   			4.96   		   		
16103   			4.62   		   		
16109   			4.27   		   		
16114   			3.85   		   		
16120   			3.56   		   		
16126   			3.50   		   		
16132   			4.02   		   		
16137   			3.85   		   		
16143   			3.39   		   		
16149   			3.33   		   		
16154   			2.98   		   		
16160   			2.75   		   		
16166   			3.73   		   		
16172   			2.90   		   		
16177   			1.98   		   		
16183   			2.04   		   		
16189   			3.48   		   		
16195   			3.83   		   		
16200   			3.31   		   		
16206   			3.13   		   		
16212   			2.15   		   		
16217   			2.04   		   		
16223   			2.33   		   		
16229   			2.23   		   		
16235   			3.16   		   		
16240   			2.17   		   		
16246   			2.29   		   		
16252   			2.35   		   		
16258   			1.40   		   		
16263   			1.52   		   		
16269   			1.23   		   		
16275   			1.57   		   		
16280   			1.34   		   		
16286   			1.05   		   		
16292   			1.23   		   		
16298   			1.81   		   		
16303   			1.17   		   		
16309   			1.63   		   		
16315   			1.65   		   		
16321   			1.13   		   		
16326   			1.48   		   		
16332   			1.13   		   		
16338   			0.96   		   		
16343   			0.90   		   		
16349   			0.44   		   		
16355   			0.73   		   		
16361   			1.02   		   		
16366   			1.31   		   		
16372   			0.81   		   		
16378   			1.96   		   		
16384   			1.15   		   		
16389   			1.85   		   		
16395   			1.85   		   		
16401   			1.34   		   		
16406   			1.29   		   		
16412   			0.65   		   		
16418   			0.42   		   		
16424   			0.76   		   		
16429   			0.79   		   		
16435   			0.26   		   		
16441   			-0.72   		   		
16447   			1.54   		   		
16452   			0.26   		   		
16458   			0.50   		   		
16464   			-0.37   		   		
16469   			0.09   		   		
16475   			0.50   		   		
16481   			-0.14   		   		
16487   			-0.72   		   		
16492   			0.21   		   		
16498   			0.44   		   		
16504   			-0.66   		   		
16510   			-0.08   		   		
16515   			0.36   		   		
16521   			0.59   		   		
16527   			0.30   		   		
16532   			0.07   		   		
16538   			0.48   		   		
16544   			0.19   		   		
16550   			-0.10   		   		
16555   			-0.05   		   		
16561   			-0.10   		   		
16567   			-0.57   		   		
16573   			0.17   		   		
16578   			0.05   		   		
16584   			-1.10   		   		
16590   			-0.06   		   		
16595   			-0.81   		   		
16601   			0.09   		   		
16607   			-0.37   		   		
16613   			0.09   		   		
16618   			-0.08   		   		
16624   			0.61   		   		
16630   			0.59   		   		
16636   			-0.16   		   		
16641   			-0.22   		   		
16647   			0.59   		   		
16653   			0.13   		   		
16658   			-0.47   		   		
16664   			0.34   		   		
16670   			-0.06   		   		
16676   			0.00   		   		
16681   			-0.24   		   		
16687   			-1.38   		   		
16693   			-2.71   		   		
16698   			-0.68   		   		
16704   			-1.78   		   		
16710   			-0.39   		   		
16716   			-1.09   		   		
16721   			-0.63   		   		
16727   			0.53   		   		
16733   			-0.16   		   		
16739   			0.30   		   		
16744   			-0.43   		   		
16750   			-0.02   		   		
16756   			-2.69   		   		
16761   			-1.13   		   		
16767   			-0.66   		   		
16773   			-0.68   		   		
16779   			-0.74   		   		
16784   			-0.68   		   		
16790   			-1.44   		   		
16796   			-0.91   		   		
16802   			0.32   		   		
16807   			-0.14   		   		
16813   			-0.14   		   		
16819   			-2.11   		   		
16824   			-0.20   		   		
16830   			-0.20   		   		
16836   			-0.55   		   		
16842   			-0.84   		   		
16847   			-0.78   		   		
16853   			-0.37   		   		
16859   			-0.60   		   		
16865   			-1.01   		   		
16870   			-0.89   		   		
16876   			-1.01   		   		
16882   			-0.78   		   		
16887   			-1.24   		   		
16893   			-0.78   		   		
16899   			-1.53   		   		
16905   			-1.30   		   		
16910   			-1.76   		   		
16916   			-2.60   		   		
16922   			-1.20   		   		
16928   			-0.05   		   		
16933   			-1.26   		   		
16939   			-1.44   		   		
16945   			-0.14   		   		
16950   			-0.72   		   		
16956   			-0.31   		   		
16962   			-0.95   		   		
16968   			-0.72   		   		
16973   			-0.31   		   		
16979   			-0.14   		   		
16985   			-0.20   		   		
16991   			-1.18   		   		
16996   			-0.20   		   		
17002   			0.46   		   		
17008   			1.04   		   		
17013   			-0.06   		   		
17019   			-0.18   		   		
17025   			-0.41   		   		
17031   			-0.31   		   		
17036   			-1.07   		   		
17042   			-0.55   		   		
17048   			-0.20   		   		
17054   			-0.26   		   		
17059   			0.57   		   		
17065   			0.16   		   		
17071   			0.45   		   		
17076   			-0.30   		   		
17082   			-0.18   		   		
17088   			0.21   		   		
17094   			-0.60   		   		
17099   			-0.14   		   		
17105   			-0.60   		   		
17111   			-0.49   		   		
17117   			0.22   		   		
17122   			-0.47   		   		
17128   			-0.82   		   		
17134   			0.34   		   		
17139   			-0.36   		   		
17145   			-0.50   		   		
17151   			-0.21   		   		
17157   			-0.97   		   		
17162   			-1.14   		   		
17168   			-0.74   		   		
17174   			-1.88   		   		
17180   			-1.53   		   		
17185   			-1.42   		   		
17191   			-1.94   		   		
17197   			-1.53   		   		
17202   			-1.57   		   		
17208   			-2.03   		   		
17214   			-1.63   		   		
17220   			-1.92   		   		
17225   			-1.39   		   		
17231   			-1.42   		   		
17237   			-1.30   		   		
17243   			-1.94   		   		
17248   			-0.84   		   		
17254   			-1.01   		   		
17260   			-0.76   		   		
17265   			-0.87   		   		
17271   			-0.93   		   		
17277   			-1.05   		   		
17283   			0.29   		   		
17288   			-0.91   		   		
17294   			-0.10   		   		
17300   			-1.03   		   		
17306   			-0.97   		   		
17311   			-1.26   		   		
17317   			-0.62   		   		
17323   			-1.14   		   		
17328   			-0.56   		   		
17334   			-1.78   		   		
17340   			-0.62   		   		
17346   			0.03   		   		
17351   			-0.43   		   		
17357   			-0.43   		   		
17363   			-0.89   		   		
17368   			-1.01   		   		
17374   			-0.37   		   		
17380   			-0.95   		   		
17386   			-1.18   		   		
17391   			-1.18   		   		
17397   			-0.49   		   		
17403   			-1.01   		   		
17409   			-0.43   		   		
17414   			-1.71   		   		
17420   			-1.18   		   		
17426   			-6.01   		   		
17431   			-0.91   		   		
17437   			-0.91   		   		
17443   			-0.68   		   		
17449   			-1.55   		   		
17454   			-0.97   		   		
17460   			0.38   		   		
17466   			0.15   		   		
17472   			-0.72   		   		
17477   			-0.72   		   		
17483   			-1.65   		   		
17489   			-6.73   		   		
17494   			-0.63   		   		
17500   			-1.26   		   		
17506   			-0.39   		   		
17512   			-0.91   		   		
17517   			-0.72   		   		
17523   			-0.66   		   		
17529   			-1.01   		   		
17535   			-1.36   		   		
17540   			-1.24   		   		
17546   			-0.66   		   		
17552   			-4.26   		   		
17557   			-0.66   		   		
17563   			-0.72   		   		
17569   			-0.20   		   		
17575   			-0.41   		   		
17580   			-0.41   		   		
17586   			-0.53   		   		
17592   			-0.47   		   		
17598   			-0.24   		   		
17603   			-0.60   		   		
17609   			-0.66   		   		
17615   			0.03   		   		
17620   			-0.49   		   		
17626   			0.44   		   		
17632   			0.15   		   		
17638   			-0.14   		   		
17643   			0.90   		   		
17649   			-0.20   		   		
17655   			0.03   		   		
17661   			-1.23   		   		
17666   			-0.76   		   		
17672   			-0.53   		   		
17678   			-0.41   		   		
17683   			-1.81   		   		
17689   			-0.95   		   		
17695   			-1.13   		   		
17701   			-1.47   		   		
17706   			-1.59   		   		
17712   			-2.05   		   		
17718   			-2.44   		   		
17724   			-1.51   		   		
17729   			-1.16   		   		
17735   			-2.38   		   		
17741   			-2.44   		   		
17746   			-2.05   		   		
17752   			-1.65   		   		
17758   			-1.47   		   		
17764   			-1.71   		   		
17769   			-0.95   		   		
17775   			-1.42   		   		
17781   			-2.11   		   		
17787   			-2.11   		   		
17792   			-1.76   		   		
17798   			-1.47   		   		
17804   			-0.72   		   		
17809   			-0.49   		   		
17815   			-1.24   		   		
17821   			-1.65   		   		
17827   			-1.01   		   		
17832   			-0.93   		   		
17838   			-0.81   		   		
17844   			-0.99   		   		
17850   			-1.16   		   		
17855   			-1.45   		   		
17861   			-0.66   		   		
17867   			-1.18   		   		
17872   			-1.07   		   		
17878   			-1.01   		   		
17884   			-0.89   		   		
17890   			-0.64   		   		
17895   			-1.28   		   		
17901   			-1.34   		   		
17907   			-2.61   		   		
17912   			-0.70   		   		
17918   			-1.32   		   		
17924   			-0.97   		   		
17930   			-0.97   		   		
17935   			-1.78   		   		
17941   			-0.80   		   		
17947   			-1.71   		   		
17953   			-2.05   		   		
17958   			-1.88   		   		
17964   			-1.71   		   		
17970   			-3.39   		   		
17975   			-2.00   		   		
17981   			-1.18   		   		
17987   			-1.53   		   		
17993   			-1.65   		   		
17998   			-2.05   		   		
18004   			-1.59   		   		
18010   			-1.36   		   		
18016   			-0.66   		   		
18021   			-1.59   		   		
18027   			-1.65   		   		
18033   			-2.81   		   		
18038   			-1.30   		   		
18044   			-1.71   		   		
18050   			-1.24   		   		
18056   			-1.59   		   		
18061   			-1.24   		   		
18067   			-0.72   		   		
18073   			-0.78   		   		
18079   			-1.30   		   		
18084   			-1.71   		   		
18090   			-1.65   		   		
18096   			-2.23   		   		
18101   			-1.30   		   		
18107   			-0.89   		   		
18113   			-1.82   		   		
18119   			-1.09   		   		
18124   			-1.09   		   		
18130   			-2.19   		   		
18136   			-1.90   		   		
18142   			-2.08   		   		
18147   			-2.17   		   		
18153   			-2.29   		   		
18159   			-2.05   		   		
18164   			-1.94   		   		
18170   			-1.18   		   		
18176   			-2.11   		   		
18182   			-1.88   		   		
18187   			-1.82   		   		
18193   			-1.65   		   		
18199   			-1.59   		   		
18205   			-0.97   		   		
18210   			-1.67   		   		
18216   			-1.38   		   		
18222   			-2.13   		   		
18227   			-2.13   		   		
18233   			-1.76   		   		
18239   			-1.76   		   		
18245   			-0.95   		   		
18250   			-1.65   		   		
18256   			-1.18   		   		
18262   			-2.03   		   		
18268   			-1.51   		   		
18273   			-1.34   		   		
18279   			-0.93   		   		
18285   			-1.45   		   		
18290   			-2.42   		   		
18296   			-2.08   		   		
18302   			-2.19   		   		
18308   			-1.84   		   		
18313   			-1.44   		   		
18319   			-1.61   		   		
18325   			-2.02   		   		
18331   			-2.25   		   		
18336   			-0.28   		   		
18342   			-0.74   		   		
18348   			-0.95   		   		
18353   			-0.95   		   		
18359   			-0.02   		   		
18365   			0.26   		   		
18371   			-0.20   		   		
18376   			-0.08   		   		
18382   			-0.72   		   		
18388   			-1.88   		   		
18394   			-0.78   		   		
18399   			-1.88   		   		
18405   			-1.49   		   		
18411   			-1.03   		   		
18416   			-1.26   		   		
18422   			-1.61   		   		
18428   			-1.26   		   		
18434   			-1.44   		   		
18439   			-1.49   		   		
18445   			-2.02   		   		
18451   			-1.67   		   		
18457   			-1.73   		   		
18462   			-1.67   		   		
18468   			-1.38   		   		
18474   			-1.49   		   		
18479   			-1.96   		   		
18485   			-1.78   		   		
18491   			-1.44   		   		
18497   			-2.13   		   		
18502   			-0.80   		   		
18508   			-1.32   		   		
18514   			-1.73   		   		
18520   			-2.50   		   		
18525   			-2.27   		   		
18531   			-2.27   		   		
18537   			-2.03   		   		
18542   			-0.70   		   		
18548   			-1.78   		   		
18554   			-0.79   		   		
18560   			-0.74   		   		
18565   			-0.50   		   		
18571   			-1.61   		   		
18577   			-0.80   		   		
18583   			-1.09   		   		
18588   			-1.32   		   		
18594   			-2.13   		   		
18600   			-0.86   		   		
18605   			-1.67   		   		
18611   			-0.51   		   		
18617   			-0.51   		   		
18623   			-1.78   		   		
18628   			-1.44   		   		
18634   			-1.36   		   		
18640   			-1.07   		   		
18645   			-1.36   		   		
18651   			-2.11   		   		
18657   			-1.76   		   		
18663   			-2.66   		   		
18668   			-1.55   		   		
18674   			-1.44   		   		
18680   			-0.74   		   		
18686   			-1.78   		   		
18691   			-1.90   		   		
18697   			-1.55   		   		
18703   			-3.24   		   		
18708   			-1.96   		   		
18714   			-1.90   		   		
18720   			-1.76   		   		
18726   			-1.53   		   		
18731   			-1.36   		   		
18737   			-1.59   		   		
18743   			-1.59   		   		
18749   			-1.18   		   		
18754   			-0.78   		   		
18760   			-1.18   		   		
18766   			-4.15   		   		
18771   			-2.29   		   		
18777   			-2.05   		   		
18783   			-2.11   		   		
18789   			-1.59   		   		
18794   			-2.00   		   		
18800   			-1.36   		   		
18806   			-2.31   		   		
18812   			-2.19   		   		
18817   			-1.96   		   		
18823   			-2.08   		   		
18829   			-1.55   		   		
18834   			-1.39   		   		
18840   			-1.39   		   		
18846   			-0.41   		   		
18852   			-1.34   		   		
18857   			-0.87   		   		
18863   			-1.13   		   		
18869   			-1.88   		   		
18875   			-2.11   		   		
18880   			-1.65   		   		
18886   			-2.05   		   		
18892   			-1.36   		   		
18897   			-1.36   		   		
18903   			-1.18   		   		
18909   			-1.24   		   		
18915   			-0.66   		   		
18920   			-1.07   		   		
18926   			-0.95   		   		
18932   			-0.72   		   		
18938   			-2.05   		   		
18943   			-1.36   		   		
18949   			-0.80   		   		
18955   			-1.55   		   		
18960   			-1.78   		   		
18966   			-1.09   		   		
18972   			-0.91   		   		
18978   			-1.15   		   		
18983   			-1.09   		   		
18989   			-0.91   		   		
18995   			-0.28   		   		
19001   			-1.09   		   		
19006   			-0.74   		   		
19012   			-1.32   		   		
19018   			-1.90   		   		
19023   			-1.44   		   		
19029   			-0.97   		   		
19035   			-0.84   		   		
19041   			-0.26   		   		
19046   			-1.01   		   		
19052   			-1.18   		   		
19058   			-1.65   		   		
19064   			-1.78   		   		
19069   			-1.61   		   		
19075   			-1.49   		   		
19081   			-1.61   		   		
19086   			-1.26   		   		
19092   			-0.49   		   		
19098   			-1.82   		   		
19104   			-0.89   		   		
19109   			-1.47   		   		
19115   			-2.17   		   		
19121   			-1.65   		   		
19127   			-1.94   		   		
19132   			-0.95   		   		
19138   			-1.30   		   		
19144   			-1.71   		   		
19149   			-2.75   		   		
19155   			-1.59   		   		
19161   			-2.05   		   		
19167   			-0.95   		   		
19172   			-1.18   		   		
19178   			-1.90   		   		
19184   			-1.09   		   		
19190   			-1.38   		   		
19195   			-1.96   		   		
19201   			-1.55   		   		
19207   			-2.02   		   		
19212   			-2.31   		   		
19218   			-1.49   		   		
19224   			-1.90   		   		
19230   			-1.90   		   		
19235   			-1.94   		   		
19241   			-2.81   		   		
19247   			-1.30   		   		
19253   			-1.36   		   		
19258   			-0.84   		   		
19264   			-1.53   		   		
19270   			-1.59   		   		
19275   			-1.18   		   		
19281   			-1.65   		   		
19287   			-1.47   		   		
19293   			-1.55   		   		
19298   			-1.49   		   		
19304   			-0.86   		   		
19310   			-1.20   		   		
19316   			-1.49   		   		
19321   			-1.42   		   		
19327   			-1.71   		   		
19333   			-2.17   		   		
19338   			-1.53   		   		
19344   			-0.89   		   		
19350   			-1.96   		   		
19356   			-1.15   		   		
19361   			-0.86   		   		
19367   			-0.68   		   		
19373   			-1.32   		   		
19379   			-0.78   		   		
19384   			-1.36   		   		
19390   			-0.43   		   		
19396   			-1.36   		   		
19401   			-1.82   		   		
19407   			-0.87   		   		
19413   			-1.28   		   		
19419   			-1.63   		   		
19424   			-1.22   		   		
