Timestamp		Force Z		Comments
0   			-0.26   		   		
6   			0.26   		   		
11   			-0.20   		   		
17   			-0.66   		   		
23   			-3.33   		   		
28   			-1.59   		   		
34   			-1.47   		   		
40   			-1.30   		   		
46   			-1.13   		   		
51   			-0.55   		   		
57   			-0.02   		   		
63   			-1.45   		   		
69   			-0.29   		   		
74   			-0.29   		   		
80   			0.29   		   		
86   			-1.92   		   		
91   			-0.20   		   		
97   			-0.60   		   		
103   			-0.43   		   		
109   			-0.49   		   		
114   			-0.08   		   		
120   			-0.22   		   		
126   			-0.10   		   		
132   			0.36   		   		
137   			-0.57   		   		
143   			-0.57   		   		
149   			-0.14   		   		
154   			0.21   		   		
160   			-0.20   		   		
166   			-1.30   		   		
172   			-0.55   		   		
177   			-1.23   		   		
183   			-0.99   		   		
189   			-0.82   		   		
195   			-1.11   		   		
200   			-0.76   		   		
206   			-0.49   		   		
212   			-0.72   		   		
217   			-0.72   		   		
223   			-1.30   		   		
229   			-1.82   		   		
235   			-1.71   		   		
240   			-1.59   		   		
246   			-2.29   		   		
252   			-1.53   		   		
258   			-1.71   		   		
263   			-0.93   		   		
269   			-1.34   		   		
275   			-1.97   		   		
280   			-1.63   		   		
286   			-1.74   		   		
292   			-1.88   		   		
298   			-1.36   		   		
303   			-1.24   		   		
309   			-1.13   		   		
315   			-0.08   		   		
321   			-0.49   		   		
326   			-0.66   		   		
332   			-1.07   		   		
338   			-1.42   		   		
343   			-1.24   		   		
349   			-0.74   		   		
355   			-0.86   		   		
361   			-0.86   		   		
366   			-2.54   		   		
372   			-1.38   		   		
378   			-1.90   		   		
384   			-0.74   		   		
389   			-1.44   		   		
395   			-1.38   		   		
401   			-1.49   		   		
406   			-1.51   		   		
412   			-0.76   		   		
418   			-1.22   		   		
424   			-1.68   		   		
429   			-0.35   		   		
435   			-1.71   		   		
441   			-0.66   		   		
447   			-1.82   		   		
452   			-1.65   		   		
458   			-1.71   		   		
464   			-1.53   		   		
469   			-1.13   		   		
475   			-0.95   		   		
481   			-1.76   		   		
487   			-1.47   		   		
492   			-0.37   		   		
498   			-0.72   		   		
504   			-1.24   		   		
510   			-0.60   		   		
515   			-1.42   		   		
521   			-1.82   		   		
527   			-1.18   		   		
532   			-1.18   		   		
538   			-1.47   		   		
544   			-1.24   		   		
550   			-1.97   		   		
555   			-0.99   		   		
561   			-2.27   		   		
567   			-2.09   		   		
573   			-2.09   		   		
578   			-1.94   		   		
584   			-1.71   		   		
590   			-1.53   		   		
595   			-1.01   		   		
601   			-1.82   		   		
607   			-1.61   		   		
613   			-1.61   		   		
618   			-2.19   		   		
624   			-0.74   		   		
630   			-1.61   		   		
636   			-1.84   		   		
641   			-1.09   		   		
647   			-0.97   		   		
653   			-1.49   		   		
658   			-1.20   		   		
664   			-1.01   		   		
670   			-1.07   		   		
676   			-1.59   		   		
681   			-0.84   		   		
687   			-0.84   		   		
693   			-1.42   		   		
698   			-1.01   		   		
704   			-1.65   		   		
710   			-0.89   		   		
716   			-0.60   		   		
721   			-1.36   		   		
727   			-1.13   		   		
733   			-1.24   		   		
739   			-1.47   		   		
744   			-1.01   		   		
750   			-1.42   		   		
756   			-3.22   		   		
761   			-0.72   		   		
767   			-1.65   		   		
773   			-1.42   		   		
779   			-1.80   		   		
784   			-0.87   		   		
790   			-1.80   		   		
796   			-2.09   		   		
802   			-2.21   		   		
807   			-1.28   		   		
813   			-1.63   		   		
819   			-0.47   		   		
824   			-1.80   		   		
830   			-0.87   		   		
836   			-1.24   		   		
842   			-2.17   		   		
847   			-1.42   		   		
853   			-1.65   		   		
859   			-1.13   		   		
865   			-1.26   		   		
870   			-1.03   		   		
876   			-1.44   		   		
882   			-1.44   		   		
887   			-0.39   		   		
893   			-1.47   		   		
899   			-0.84   		   		
905   			-1.07   		   		
910   			-1.07   		   		
916   			-0.55   		   		
922   			-2.05   		   		
928   			-2.23   		   		
933   			-1.71   		   		
939   			-1.18   		   		
945   			-1.47   		   		
950   			-2.29   		   		
956   			-2.58   		   		
962   			-1.71   		   		
968   			-1.18   		   		
973   			-1.82   		   		
979   			-1.07   		   		
985   			-1.36   		   		
991   			-0.20   		   		
996   			-1.53   		   		
1002   			-0.72   		   		
1008   			-1.82   		   		
1013   			-1.42   		   		
1019   			-1.30   		   		
1025   			-1.76   		   		
1031   			-1.07   		   		
1036   			-1.65   		   		
1042   			-2.11   		   		
1048   			-1.76   		   		
1054   			-0.84   		   		
1059   			-1.94   		   		
1065   			-1.90   		   		
1071   			-1.96   		   		
1076   			-1.49   		   		
1082   			-1.55   		   		
1088   			-1.61   		   		
1094   			-1.49   		   		
1099   			-1.90   		   		
1105   			-1.44   		   		
1111   			-1.67   		   		
1117   			-1.55   		   		
1122   			-2.02   		   		
1128   			-1.20   		   		
1134   			-1.32   		   		
1139   			-1.55   		   		
1145   			-2.37   		   		
1151   			-2.46   		   		
1157   			-1.94   		   		
1162   			-1.53   		   		
1168   			-1.13   		   		
1174   			-0.43   		   		
1180   			-1.13   		   		
1185   			-0.26   		   		
1191   			-1.07   		   		
1197   			-0.60   		   		
1202   			-1.24   		   		
1208   			-1.34   		   		
1214   			-1.51   		   		
1220   			-0.76   		   		
1225   			-1.51   		   		
1231   			-1.45   		   		
1237   			-2.02   		   		
1243   			-1.32   		   		
1248   			-1.09   		   		
1254   			-1.09   		   		
1260   			-0.97   		   		
1265   			-2.09   		   		
1271   			-1.22   		   		
1277   			-1.92   		   		
1283   			-1.97   		   		
1288   			-2.15   		   		
1294   			-2.15   		   		
1300   			-1.45   		   		
1306   			-1.68   		   		
1311   			-1.28   		   		
1317   			-1.22   		   		
1323   			-1.38   		   		
1328   			-1.20   		   		
1334   			-0.74   		   		
1340   			-1.09   		   		
1346   			-2.08   		   		
1351   			-1.71   		   		
1357   			-2.34   		   		
1363   			-1.30   		   		
1369   			-2.05   		   		
1374   			-1.65   		   		
1380   			-1.78   		   		
1386   			-0.45   		   		
1391   			-1.55   		   		
1397   			-1.32   		   		
1403   			-2.02   		   		
1409   			-1.88   		   		
1414   			-2.00   		   		
1420   			-1.82   		   		
1426   			-1.36   		   		
1432   			-1.24   		   		
1437   			-1.61   		   		
1443   			-1.32   		   		
1449   			-1.20   		   		
1454   			-0.68   		   		
1460   			-0.91   		   		
1466   			-1.73   		   		
1472   			-1.49   		   		
1477   			-1.20   		   		
1483   			-1.49   		   		
1489   			-2.89   		   		
1494   			-0.97   		   		
1500   			-1.15   		   		
1506   			-2.31   		   		
1512   			-2.42   		   		
1517   			-2.19   		   		
1523   			-0.80   		   		
1529   			-2.02   		   		
1535   			-1.61   		   		
1540   			-1.55   		   		
1546   			-2.08   		   		
1552   			-3.45   		   		
1557   			-1.82   		   		
1563   			-0.84   		   		
1569   			-2.00   		   		
1575   			-1.42   		   		
1580   			-1.57   		   		
1586   			-1.22   		   		
1592   			-1.63   		   		
1598   			-1.45   		   		
1603   			-1.45   		   		
1609   			-1.71   		   		
1615   			-3.62   		   		
1620   			-1.71   		   		
1626   			-1.53   		   		
1632   			-1.42   		   		
1638   			-1.18   		   		
1643   			-0.60   		   		
1649   			-0.66   		   		
1655   			-0.26   		   		
1661   			-1.07   		   		
1666   			-1.07   		   		
1672   			-1.71   		   		
1678   			-3.62   		   		
1683   			-2.11   		   		
1689   			-1.36   		   		
1695   			-1.13   		   		
1701   			-1.07   		   		
1706   			-1.42   		   		
1712   			-1.76   		   		
1718   			-1.30   		   		
1724   			-1.11   		   		
1729   			-1.05   		   		
1735   			-1.40   		   		
1741   			-3.78   		   		
1746   			-1.28   		   		
1752   			-0.78   		   		
1758   			-1.30   		   		
1764   			-1.53   		   		
1769   			-1.47   		   		
1775   			-2.63   		   		
1781   			-1.38   		   		
1787   			-0.68   		   		
1792   			-1.67   		   		
1798   			-1.15   		   		
1804   			-1.49   		   		
1809   			-1.73   		   		
1815   			-1.84   		   		
1821   			-1.44   		   		
1827   			-1.38   		   		
1832   			-1.49   		   		
1838   			-1.57   		   		
1844   			-1.34   		   		
1850   			-0.81   		   		
1855   			-0.76   		   		
1861   			-1.63   		   		
1867   			-1.42   		   		
1872   			-1.71   		   		
1878   			-1.07   		   		
1884   			-1.30   		   		
1890   			-1.30   		   		
1895   			-1.45   		   		
1901   			-0.81   		   		
1907   			-0.81   		   		
1913   			-1.05   		   		
1918   			-1.92   		   		
1924   			-1.53   		   		
1930   			-2.17   		   		
1935   			-1.18   		   		
1941   			-1.30   		   		
1947   			-0.95   		   		
1953   			-1.30   		   		
1958   			-1.42   		   		
1964   			-1.65   		   		
1970   			-0.89   		   		
1976   			-1.42   		   		
1981   			-0.58   		   		
1987   			-0.93   		   		
1993   			-1.68   		   		
1998   			-0.81   		   		
2004   			-1.51   		   		
2010   			-0.45   		   		
2016   			-1.61   		   		
2021   			-1.32   		   		
2027   			-1.38   		   		
2033   			-1.15   		   		
2039   			-1.39   		   		
2044   			-1.39   		   		
2050   			-1.45   		   		
2056   			-1.05   		   		
2061   			-0.70   		   		
2067   			-0.95   		   		
2073   			-1.53   		   		
2079   			-1.36   		   		
2084   			-0.20   		   		
2090   			-1.24   		   		
2096   			-1.34   		   		
2102   			-1.86   		   		
2107   			-2.09   		   		
2113   			-1.97   		   		
2119   			-1.63   		   		
2124   			-1.28   		   		
2130   			-1.80   		   		
2136   			-0.70   		   		
2142   			-0.47   		   		
2147   			-1.74   		   		
2153   			-1.07   		   		
2159   			-0.66   		   		
2165   			-1.36   		   		
2170   			-0.26   		   		
2176   			-2.00   		   		
2182   			-1.53   		   		
2187   			-0.84   		   		
2193   			-1.36   		   		
2199   			-0.55   		   		
2205   			-1.07   		   		
2210   			-0.66   		   		
2216   			-1.42   		   		
2222   			-0.72   		   		
2228   			-1.36   		   		
2233   			-0.95   		   		
2239   			-0.72   		   		
2245   			-0.95   		   		
2250   			-0.84   		   		
2256   			-1.01   		   		
2262   			-1.18   		   		
2268   			-1.59   		   		
2273   			-1.13   		   		
2279   			-1.01   		   		
2285   			-0.60   		   		
2291   			-1.07   		   		
2296   			-0.45   		   		
2302   			0.13   		   		
2308   			-1.03   		   		
2313   			-1.61   		   		
2319   			-0.74   		   		
2325   			-1.71   		   		
2331   			-1.13   		   		
2336   			-0.95   		   		
2342   			-2.29   		   		
2348   			-1.01   		   		
2354   			-1.90   		   		
2359   			-1.32   		   		
2365   			-2.37   		   		
2371   			-2.19   		   		
2376   			-2.08   		   		
2382   			-1.74   		   		
2388   			-1.51   		   		
2394   			-0.99   		   		
2399   			-1.57   		   		
2405   			-1.86   		   		
2411   			-1.42   		   		
2417   			-1.18   		   		
2422   			-1.01   		   		
2428   			-1.42   		   		
2434   			-1.53   		   		
2439   			-1.61   		   		
2445   			-1.73   		   		
2451   			-2.02   		   		
2457   			-2.19   		   		
2462   			-0.91   		   		
2468   			-0.55   		   		
2474   			-1.18   		   		
2480   			-1.59   		   		
2485   			-0.84   		   		
2491   			-1.18   		   		
2497   			-0.89   		   		
2502   			-0.95   		   		
2508   			-1.36   		   		
2514   			-1.01   		   		
2520   			-0.89   		   		
2525   			-0.84   		   		
2531   			-0.49   		   		
2537   			-2.17   		   		
2542   			-1.18   		   		
2548   			-0.14   		   		
2554   			-0.49   		   		
2560   			-0.14   		   		
2565   			-0.78   		   		
2571   			-0.55   		   		
2577   			0.03   		   		
2583   			-0.80   		   		
2588   			-1.32   		   		
2594   			-0.91   		   		
2600   			-1.78   		   		
2605   			-0.91   		   		
2611   			-0.76   		   		
2617   			-1.34   		   		
2623   			-0.87   		   		
2628   			-0.70   		   		
2634   			-0.81   		   		
2640   			-0.87   		   		
2646   			-1.28   		   		
2651   			-0.47   		   		
2657   			-0.58   		   		
2663   			-2.15   		   		
2668   			-0.06   		   		
2674   			-0.99   		   		
2680   			0.17   		   		
2686   			-0.47   		   		
2691   			-0.93   		   		
2697   			-1.13   		   		
2703   			-0.78   		   		
2709   			-1.82   		   		
2714   			-0.60   		   		
2720   			-0.60   		   		
2726   			-1.07   		   		
2731   			-0.60   		   		
2737   			-1.76   		   		
2743   			-1.47   		   		
2749   			-1.42   		   		
2754   			-1.32   		   		
2760   			-1.67   		   		
2766   			-1.38   		   		
2772   			-1.90   		   		
2777   			-1.15   		   		
2783   			-0.99   		   		
2789   			-1.51   		   		
2794   			-0.76   		   		
2800   			-1.28   		   		
2806   			-1.74   		   		
2812   			-1.09   		   		
2817   			-0.51   		   		
2823   			-0.97   		   		
2829   			-1.32   		   		
2835   			-0.97   		   		
2840   			-0.97   		   		
2846   			-1.09   		   		
2852   			-0.86   		   		
2857   			-0.05   		   		
2863   			0.13   		   		
2869   			-0.12   		   		
2875   			-0.24   		   		
2880   			-0.81   		   		
2886   			-1.39   		   		
2892   			-0.53   		   		
2898   			-0.68   		   		
2903   			-1.15   		   		
2909   			-1.09   		   		
2915   			-1.15   		   		
2920   			0.01   		   		
2926   			-0.14   		   		
2932   			-1.47   		   		
2938   			-1.42   		   		
2943   			-0.08   		   		
2949   			-1.07   		   		
2955   			0.21   		   		
2961   			-0.31   		   		
2966   			-1.42   		   		
2972   			-1.71   		   		
2978   			-1.76   		   		
2983   			-0.31   		   		
2989   			-0.37   		   		
2995   			-0.95   		   		
3001   			-0.31   		   		
3006   			-1.47   		   		
3012   			-1.24   		   		
3018   			-1.71   		   		
3024   			-1.53   		   		
3029   			-1.30   		   		
3035   			-0.60   		   		
3041   			-0.41   		   		
3046   			-0.24   		   		
3052   			-0.76   		   		
3058   			-0.58   		   		
3064   			-0.47   		   		
3069   			0.01   		   		
3075   			-0.39   		   		
3081   			-0.74   		   		
3087   			-1.38   		   		
3092   			-1.32   		   		
3098   			-1.53   		   		
3104   			-1.36   		   		
3109   			-0.78   		   		
3115   			-1.36   		   		
3121   			-1.65   		   		
3127   			-1.34   		   		
3132   			-1.63   		   		
3138   			-1.68   		   		
3144   			-0.87   		   		
3150   			-1.39   		   		
3155   			-1.73   		   		
3161   			-1.32   		   		
3167   			-1.78   		   		
3172   			-1.20   		   		
3178   			-1.15   		   		
3184   			-1.01   		   		
3190   			-1.47   		   		
3195   			-1.30   		   		
3201   			-0.84   		   		
3207   			-0.43   		   		
3213   			-0.60   		   		
3218   			-0.14   		   		
3224   			0.15   		   		
3230   			-0.37   		   		
3235   			0.03   		   		
3241   			-0.20   		   		
3247   			-0.20   		   		
3253   			-0.95   		   		
3258   			-0.08   		   		
3264   			0.15   		   		
3270   			-0.63   		   		
3276   			-0.16   		   		
3281   			0.07   		   		
3287   			-0.68   		   		
3293   			0.01   		   		
3298   			-0.08   		   		
3304   			-0.14   		   		
3310   			-0.31   		   		
3316   			-0.43   		   		
3321   			-0.60   		   		
3327   			-0.05   		   		
3333   			0.01   		   		
3338   			0.13   		   		
3344   			-0.28   		   		
3350   			-0.57   		   		
3356   			0.15   		   		
3361   			0.03   		   		
3367   			0.38   		   		
3373   			-0.14   		   		
3379   			0.03   		   		
3384   			-1.68   		   		
3390   			-1.34   		   		
3396   			-2.90   		   		
3401   			-0.18   		   		
3407   			-1.16   		   		
3413   			-0.37   		   		
3419   			0.67   		   		
3424   			-0.02   		   		
3430   			0.84   		   		
3436   			0.50   		   		
3442   			0.11   		   		
3447   			-0.93   		   		
3453   			-0.29   		   		
3459   			0.86   		   		
3464   			-0.12   		   		
3470   			-0.51   		   		
3476   			-0.45   		   		
3482   			-0.63   		   		
3487   			0.13   		   		
3493   			0.36   		   		
3499   			0.46   		   		
3505   			0.75   		   		
3510   			-0.70   		   		
3516   			-0.18   		   		
3522   			1.15   		   		
3527   			0.15   		   		
3533   			0.44   		   		
3539   			0.21   		   		
3545   			0.26   		   		
3550   			-0.37   		   		
3556   			0.17   		   		
3562   			0.63   		   		
3568   			0.58   		   		
3573   			-0.58   		   		
3579   			-0.41   		   		
3585   			-0.26   		   		
3590   			-0.84   		   		
3596   			-0.37   		   		
3602   			-0.26   		   		
3608   			-0.66   		   		
3613   			-0.74   		   		
3619   			-0.28   		   		
3625   			-0.63   		   		
3631   			-0.10   		   		
3636   			-0.68   		   		
3642   			0.23   		   		
3648   			0.17   		   		
3653   			-0.29   		   		
3659   			0.17   		   		
3665   			-0.41   		   		
3671   			-0.51   		   		
3676   			-0.57   		   		
3682   			0.01   		   		
3688   			-0.34   		   		
3694   			0.01   		   		
3699   			-0.55   		   		
3705   			-1.01   		   		
3711   			-1.42   		   		
3716   			-1.82   		   		
3722   			-1.42   		   		
3728   			-1.76   		   		
3734   			-1.42   		   		
3739   			-1.24   		   		
3745   			-2.23   		   		
3751   			-2.11   		   		
3757   			-1.68   		   		
3762   			-0.81   		   		
3768   			-1.39   		   		
3774   			-1.45   		   		
3779   			-0.41   		   		
3785   			-0.84   		   		
3791   			-0.37   		   		
3797   			-1.13   		   		
3802   			-0.84   		   		
3808   			-1.71   		   		
3814   			-0.78   		   		
3820   			-0.95   		   		
3825   			-0.60   		   		
3831   			0.26   		   		
3837   			0.09   		   		
3842   			-0.41   		   		
3848   			-0.06   		   		
3854   			-0.64   		   		
3860   			-0.64   		   		
3865   			-0.53   		   		
3871   			0.46   		   		
3877   			-1.22   		   		
3883   			-1.16   		   		
3888   			-1.45   		   		
3894   			-0.76   		   		
3900   			-1.26   		   		
3905   			-1.03   		   		
3911   			-0.80   		   		
3917   			-1.15   		   		
3923   			-1.44   		   		
3928   			-0.89   		   		
3934   			-0.95   		   		
3940   			-0.02   		   		
3946   			-0.78   		   		
3951   			-1.18   		   		
3957   			-1.36   		   		
3963   			-1.24   		   		
3968   			-1.65   		   		
3974   			-1.30   		   		
3980   			-1.13   		   		
3986   			-1.76   		   		
3991   			-1.59   		   		
3997   			-2.23   		   		
4003   			-0.55   		   		
4009   			-1.01   		   		
4014   			-0.60   		   		
4020   			-0.26   		   		
4026   			-0.43   		   		
4031   			-0.60   		   		
4037   			0.61   		   		
4043   			0.24   		   		
4049   			-0.22   		   		
4054   			-0.39   		   		
4060   			-0.74   		   		
4066   			-0.28   		   		
4072   			-1.24   		   		
4077   			-1.18   		   		
4083   			-0.31   		   		
4089   			-0.55   		   		
4094   			-0.02   		   		
4100   			-0.37   		   		
4106   			-1.24   		   		
4112   			-0.95   		   		
4117   			-0.60   		   		
4123   			-1.01   		   		
4129   			-2.46   		   		
4134   			-0.78   		   		
4140   			-0.84   		   		
4146   			-0.26   		   		
4152   			-0.84   		   		
4157   			-0.41   		   		
4163   			-1.28   		   		
4169   			-0.35   		   		
4175   			-1.34   		   		
4180   			-0.81   		   		
4186   			-1.13   		   		
4192   			-2.00   		   		
4197   			-0.60   		   		
4203   			-0.49   		   		
4209   			-0.84   		   		
4215   			-1.47   		   		
4220   			-1.07   		   		
4226   			-1.47   		   		
4232   			-0.84   		   		
4238   			-0.43   		   		
4243   			-1.74   		   		
4249   			-1.16   		   		
4255   			-3.43   		   		
4260   			-1.28   		   		
4266   			-1.22   		   		
4272   			-1.18   		   		
4278   			-1.65   		   		
4283   			-2.00   		   		
4289   			-1.76   		   		
4295   			-1.71   		   		
4301   			-2.11   		   		
4306   			-2.40   		   		
4312   			-0.60   		   		
4318   			-1.47   		   		
4323   			-0.84   		   		
4329   			-1.73   		   		
4335   			-1.78   		   		
4341   			-1.67   		   		
4346   			-1.67   		   		
4352   			-1.90   		   		
4358   			-1.71   		   		
4364   			-1.47   		   		
4369   			-1.30   		   		
4375   			-1.36   		   		
4381   			-1.76   		   		
4386   			-1.13   		   		
4392   			-2.00   		   		
4398   			-2.23   		   		
4404   			-2.46   		   		
4409   			-3.16   		   		
4415   			-2.25   		   		
4421   			-1.73   		   		
4427   			-1.73   		   		
4432   			-1.78   		   		
4438   			-1.96   		   		
4444   			-1.71   		   		
4449   			-1.82   		   		
4455   			-0.78   		   		
4461   			-0.84   		   		
4467   			-1.53   		   		
4472   			-1.05   		   		
4478   			-0.87   		   		
4484   			-1.86   		   		
4490   			-1.80   		   		
4495   			-1.39   		   		
4501   			-0.84   		   		
4507   			-1.47   		   		
4512   			-1.30   		   		
4518   			-1.47   		   		
4524   			-1.59   		   		
4530   			-2.31   		   		
4535   			-1.32   		   		
4541   			-2.02   		   		
4547   			-1.61   		   		
4553   			-1.49   		   		
4558   			-1.23   		   		
4564   			-2.10   		   		
4570   			-1.28   		   		
4575   			-1.28   		   		
4581   			-1.05   		   		
4587   			-1.90   		   		
4593   			-0.86   		   		
4598   			-1.15   		   		
4604   			-1.44   		   		
4610   			-1.15   		   		
4616   			-0.99   		   		
4621   			-1.86   		   		
4627   			-1.57   		   		
4633   			-2.15   		   		
4638   			-1.92   		   		
4644   			-1.24   		   		
4650   			-1.42   		   		
4656   			-1.53   		   		
4661   			-1.07   		   		
4667   			-1.65   		   		
4673   			-1.94   		   		
4679   			-1.13   		   		
4684   			-1.36   		   		
4690   			0.03   		   		
4696   			-0.31   		   		
4701   			-0.72   		   		
4707   			0.03   		   		
4713   			-0.20   		   		
4719   			-0.43   		   		
4724   			-0.43   		   		
4730   			-0.89   		   		
4736   			0.61   		   		
4742   			0.21   		   		
4747   			-0.08   		   		
4753   			0.61   		   		
4759   			-0.18   		   		
4764   			-0.18   		   		
4770   			-0.41   		   		
4776   			-0.36   		   		
4782   			0.45   		   		
4787   			-0.14   		   		
4793   			-0.66   		   		
4799   			0.03   		   		
4805   			0.67   		   		
4810   			1.08   		   		
4816   			0.69   		   		
4822   			1.15   		   		
4827   			1.33   		   		
4833   			1.79   		   		
4839   			0.92   		   		
4845   			0.59   		   		
4850   			0.36   		   		
4856   			1.29   		   		
4862   			1.57   		   		
4868   			0.48   		   		
4873   			1.73   		   		
4879   			1.04   		   		
4885   			1.10   		   		
4890   			2.37   		   		
4896   			2.02   		   		
4902   			1.92   		   		
4908   			1.34   		   		
4913   			1.86   		   		
4919   			1.86   		   		
4925   			2.04   		   		
4931   			2.09   		   		
4936   			0.76   		   		
4942   			1.11   		   		
4948   			1.23   		   		
4953   			1.11   		   		
4959   			2.00   		   		
4965   			1.48   		   		
4971   			2.00   		   		
4976   			1.25   		   		
4982   			2.12   		   		
4988   			1.69   		   		
4994   			1.92   		   		
4999   			0.88   		   		
5005   			1.63   		   		
5011   			1.86   		   		
5016   			1.65   		   		
5022   			1.13   		   		
5028   			1.31   		   		
5034   			1.19   		   		
5039   			1.88   		   		
5045   			2.38   		   		
5051   			0.53   		   		
5056   			2.73   		   		
5062   			1.98   		   		
5068   			2.50   		   		
5074   			1.96   		   		
5079   			1.96   		   		
5085   			2.30   		   		
5091   			2.48   		   		
5097   			2.59   		   		
5102   			2.06   		   		
5108   			1.83   		   		
5114   			0.21   		   		
5119   			2.46   		   		
5125   			2.12   		   		
5131   			3.39   		   		
5137   			2.17   		   		
5142   			2.75   		   		
5148   			3.50   		   		
5154   			2.81   		   		
5160   			2.90   		   		
5165   			2.56   		   		
5171   			2.33   		   		
5177   			1.29   		   		
5182   			2.33   		   		
5188   			3.18   		   		
5194   			3.35   		   		
5200   			3.87   		   		
5205   			3.46   		   		
5211   			3.75   		   		
5217   			3.70   		   		
5223   			3.70   		   		
5228   			3.12   		   		
5234   			3.29   		   		
5240   			2.43   		   		
5245   			3.25   		   		
5251   			3.43   		   		
5257   			3.20   		   		
5263   			3.95   		   		
5268   			3.77   		   		
5274   			3.52   		   		
5280   			3.87   		   		
5286   			3.75   		   		
5291   			4.39   		   		
5297   			3.93   		   		
5303   			3.48   		   		
5308   			3.60   		   		
5314   			4.06   		   		
5320   			3.60   		   		
5326   			3.54   		   		
5331   			4.50   		   		
5337   			3.64   		   		
5343   			4.62   		   		
5349   			3.70   		   		
5354   			4.33   		   		
5360   			4.73   		   		
5366   			4.04   		   		
5371   			4.21   		   		
5377   			4.91   		   		
5383   			3.93   		   		
5389   			3.19   		   		
5394   			3.83   		   		
5400   			4.46   		   		
5406   			4.17   		   		
5412   			4.00   		   		
5417   			5.12   		   		
5423   			4.31   		   		
5429   			4.83   		   		
5434   			4.31   		   		
5440   			4.19   		   		
5446   			4.19   		   		
5452   			5.17   		   		
5457   			5.12   		   		
5463   			4.83   		   		
5469   			4.19   		   		
5475   			4.02   		   		
5480   			4.71   		   		
5486   			4.54   		   		
5492   			5.29   		   		
5497   			5.23   		   		
5503   			5.42   		   		
5509   			5.30   		   		
5515   			4.90   		   		
5520   			4.84   		   		
5526   			5.02   		   		
5532   			4.54   		   		
5538   			4.71   		   		
5543   			6.09   		   		
5549   			4.71   		   		
5555   			5.92   		   		
5560   			6.32   		   		
5566   			6.09   		   		
5572   			6.27   		   		
5578   			7.01   		   		
5583   			6.44   		   		
5589   			7.19   		   		
5595   			6.04   		   		
5601   			5.98   		   		
5606   			5.75   		   		
5612   			6.27   		   		
5618   			7.52   		   		
5623   			7.57   		   		
5629   			7.00   		   		
5635   			7.00   		   		
5641   			6.77   		   		
5646   			7.47   		   		
5652   			7.59   		   		
5658   			6.84   		   		
5664   			7.19   		   		
5669   			7.42   		   		
5675   			7.49   		   		
5681   			7.61   		   		
5686   			7.72   		   		
5692   			8.13   		   		
5698   			8.36   		   		
5704   			7.90   		   		
5709   			7.90   		   		
5715   			7.44   		   		
5721   			8.24   		   		
5727   			9.10   		   		
5732   			8.74   		   		
5738   			8.22   		   		
5744   			9.37   		   		
5749   			8.51   		   		
5755   			9.08   		   		
5761   			8.85   		   		
5767   			8.33   		   		
5772   			8.39   		   		
5778   			8.28   		   		
5784   			7.70   		   		
5790   			9.14   		   		
5795   			9.14   		   		
5801   			8.39   		   		
5807   			8.22   		   		
5812   			8.62   		   		
5818   			8.51   		   		
5824   			8.56   		   		
5830   			8.45   		   		
5835   			8.28   		   		
5841   			7.82   		   		
5847   			7.72   		   		
5853   			8.01   		   		
5858   			7.26   		   		
5864   			7.55   		   		
5870   			8.13   		   		
5875   			7.55   		   		
5881   			7.72   		   		
5887   			8.30   		   		
5893   			8.36   		   		
5898   			7.90   		   		
5904   			7.93   		   		
5910   			8.28   		   		
5916   			8.91   		   		
5921   			8.28   		   		
5927   			8.16   		   		
5933   			8.28   		   		
5938   			9.54   		   		
5944   			9.25   		   		
5950   			9.31   		   		
5956   			9.54   		   		
5961   			8.26   		   		
5967   			9.40   		   		
5973   			9.17   		   		
5979   			8.03   		   		
5984   			8.83   		   		
5990   			8.18   		   		
5996   			8.30   		   		
6001   			8.70   		   		
6007   			9.44   		   		
6013   			9.50   		   		
6019   			8.93   		   		
6024   			9.22   		   		
6030   			9.22   		   		
6036   			7.09   		   		
6041   			9.04   		   		
6047   			8.85   		   		
6053   			8.33   		   		
6059   			8.33   		   		
6064   			8.68   		   		
6070   			8.28   		   		
6076   			8.31   		   		
6082   			7.85   		   		
6087   			7.91   		   		
6093   			8.08   		   		
6099   			6.36   		   		
6104   			8.64   		   		
6110   			7.49   		   		
6116   			8.36   		   		
6122   			8.70   		   		
6127   			8.87   		   		
6133   			8.39   		   		
6139   			8.51   		   		
6145   			8.05   		   		
6150   			8.74   		   		
6156   			9.02   		   		
6162   			7.93   		   		
6167   			9.31   		   		
6173   			9.54   		   		
6179   			9.31   		   		
6185   			9.08   		   		
6190   			8.60   		   		
6196   			9.57   		   		
6202   			9.12   		   		
6208   			8.94   		   		
6213   			9.63   		   		
6219   			9.94   		   		
6225   			7.59   		   		
6230   			9.08   		   		
6236   			9.71   		   		
6242   			9.88   		   		
6248   			9.52   		   		
6253   			9.46   		   		
6259   			9.52   		   		
6265   			9.00   		   		
6271   			9.23   		   		
6276   			9.62   		   		
6282   			9.33   		   		
6288   			9.22   		   		
6293   			8.64   		   		
6299   			9.10   		   		
6305   			8.93   		   		
6311   			8.64   		   		
6316   			8.81   		   		
6322   			8.47   		   		
6328   			7.67   		   		
6334   			8.26   		   		
6339   			8.31   		   		
6345   			8.37   		   		
6351   			8.08   		   		
6356   			8.71   		   		
6362   			8.94   		   		
6368   			8.43   		   		
6374   			8.54   		   		
6379   			8.71   		   		
6385   			8.89   		   		
6391   			9.19   		   		
6397   			8.85   		   		
6402   			9.19   		   		
6408   			8.62   		   		
6414   			8.33   		   		
6419   			8.56   		   		
6425   			8.74   		   		
6431   			8.85   		   		
6437   			9.65   		   		
6442   			8.79   		   		
6448   			8.68   		   		
6454   			9.42   		   		
6460   			9.31   		   		
6465   			9.14   		   		
6471   			8.74   		   		
6477   			9.12   		   		
6482   			8.03   		   		
6488   			8.89   		   		
6494   			9.86   		   		
6500   			9.57   		   		
6505   			9.16   		   		
6511   			9.67   		   		
6517   			8.36   		   		
6523   			8.70   		   		
6528   			9.33   		   		
6534   			8.91   		   		
6540   			9.42   		   		
6545   			9.08   		   		
6551   			9.19   		   		
6557   			8.91   		   		
6563   			9.14   		   		
6568   			9.08   		   		
6574   			8.97   		   		
6580   			9.71   		   		
6586   			9.42   		   		
6591   			8.56   		   		
6597   			9.02   		   		
6603   			8.97   		   		
6608   			9.71   		   		
6614   			9.54   		   		
6620   			8.97   		   		
6626   			9.31   		   		
6631   			8.97   		   		
6637   			8.91   		   		
6643   			8.33   		   		
6649   			8.10   		   		
6654   			7.99   		   		
6660   			8.79   		   		
6666   			8.51   		   		
6671   			9.14   		   		
6677   			8.68   		   		
6683   			8.97   		   		
6689   			9.08   		   		
6694   			9.71   		   		
6700   			8.91   		   		
6706   			8.83   		   		
6712   			9.23   		   		
6717   			8.94   		   		
6723   			9.17   		   		
6729   			8.71   		   		
6734   			8.54   		   		
6740   			8.77   		   		
6746   			8.71   		   		
6752   			8.54   		   		
6757   			8.26   		   		
6763   			8.51   		   		
6769   			9.19   		   		
6775   			7.99   		   		
6780   			8.91   		   		
6786   			8.51   		   		
6792   			7.51   		   		
6797   			8.08   		   		
6803   			8.71   		   		
6809   			8.14   		   		
6815   			8.03   		   		
6820   			8.97   		   		
6826   			7.53   		   		
6832   			8.05   		   		
6838   			7.24   		   		
6843   			8.16   		   		
6849   			8.33   		   		
6855   			8.28   		   		
6860   			8.28   		   		
6866   			7.99   		   		
6872   			7.47   		   		
6878   			7.59   		   		
6883   			7.53   		   		
6889   			7.30   		   		
6895   			7.76   		   		
6901   			7.70   		   		
6906   			8.07   		   		
6912   			9.39   		   		
6918   			6.92   		   		
6923   			8.76   		   		
6929   			8.07   		   		
6935   			7.36   		   		
6941   			8.56   		   		
6946   			8.62   		   		
6952   			7.59   		   		
6958   			8.22   		   		
6964   			7.74   		   		
6969   			9.24   		   		
6975   			8.66   		   		
6981   			8.43   		   		
6986   			8.55   		   		
6992   			8.37   		   		
6998   			8.77   		   		
7004   			8.49   		   		
7009   			9.52   		   		
7015   			8.66   		   		
7021   			8.97   		   		
7026   			9.14   		   		
7032   			8.51   		   		
7038   			8.22   		   		
7044   			8.62   		   		
7049   			8.24   		   		
7055   			7.38   		   		
7061   			8.24   		   		
7067   			8.07   		   		
7072   			8.36   		   		
7078   			7.90   		   		
7084   			6.34   		   		
7089   			8.01   		   		
7095   			8.01   		   		
7101   			8.01   		   		
7107   			8.41   		   		
7112   			8.87   		   		
7118   			7.78   		   		
7124   			8.58   		   		
7130   			8.92   		   		
7135   			7.80   		   		
7141   			9.06   		   		
7147   			6.02   		   		
7152   			7.74   		   		
7158   			8.20   		   		
7164   			7.92   		   		
7170   			7.86   		   		
7175   			7.40   		   		
7181   			7.40   		   		
7187   			7.40   		   		
7193   			7.80   		   		
7198   			8.60   		   		
7204   			8.03   		   		
7210   			7.11   		   		
7215   			8.54   		   		
7221   			9.48   		   		
7227   			8.85   		   		
7233   			8.85   		   		
7238   			8.79   		   		
7244   			7.88   		   		
7250   			8.62   		   		
7256   			7.93   		   		
7261   			7.59   		   		
7267   			7.36   		   		
7273   			6.21   		   		
7278   			8.08   		   		
7284   			7.97   		   		
7290   			8.66   		   		
7296   			8.14   		   		
7301   			8.14   		   		
7307   			8.18   		   		
7313   			7.90   		   		
7319   			7.03   		   		
7324   			7.49   		   		
7330   			7.72   		   		
7336   			6.00   		   		
7341   			7.84   		   		
7347   			9.44   		   		
7353   			8.36   		   		
7359   			9.44   		   		
7364   			8.91   		   		
7370   			9.31   		   		
7376   			8.10   		   		
7382   			8.39   		   		
7387   			8.45   		   		
7393   			8.56   		   		
7399   			7.07   		   		
7404   			7.88   		   		
7410   			7.07   		   		
7416   			7.42   		   		
7422   			7.57   		   		
7427   			7.39   		   		
7433   			8.08   		   		
7439   			7.97   		   		
7445   			7.62   		   		
7450   			7.88   		   		
7456   			7.13   		   		
7462   			6.15   		   		
7467   			8.10   		   		
7473   			8.56   		   		
7479   			8.66   		   		
7485   			8.77   		   		
7490   			8.43   		   		
7496   			8.20   		   		
7502   			7.85   		   		
7508   			7.69   		   		
7513   			8.26   		   		
7519   			8.55   		   		
7525   			6.08   		   		
7530   			7.86   		   		
7536   			7.88   		   		
7542   			8.51   		   		
7548   			7.88   		   		
7553   			8.16   		   		
7559   			7.19   		   		
7565   			7.15   		   		
7571   			8.01   		   		
7576   			8.07   		   		
7582   			8.18   		   		
7588   			8.30   		   		
7593   			7.82   		   		
7599   			7.82   		   		
7605   			7.70   		   		
7611   			7.88   		   		
7616   			7.42   		   		
7622   			7.84   		   		
7628   			7.84   		   		
7634   			7.72   		   		
7639   			7.55   		   		
7645   			7.61   		   		
7651   			7.53   		   		
7656   			7.70   		   		
7662   			7.19   		   		
7668   			6.90   		   		
7674   			7.42   		   		
7679   			7.90   		   		
7685   			7.78   		   		
7691   			7.67   		   		
7697   			8.58   		   		
7702   			8.30   		   		
7708   			7.95   		   		
7714   			8.30   		   		
7719   			7.90   		   		
7725   			7.55   		   		
7731   			8.58   		   		
7737   			8.60   		   		
7742   			8.66   		   		
7748   			8.54   		   		
7754   			8.43   		   		
7760   			8.66   		   		
7765   			8.85   		   		
7771   			8.79   		   		
7777   			8.97   		   		
7782   			8.28   		   		
7788   			8.62   		   		
7794   			7.30   		   		
7800   			7.99   		   		
7805   			8.10   		   		
7811   			7.30   		   		
7817   			8.97   		   		
7823   			7.26   		   		
7828   			8.13   		   		
7834   			7.78   		   		
7840   			8.30   		   		
7845   			8.41   		   		
7851   			8.51   		   		
7857   			8.10   		   		
7863   			7.19   		   		
7868   			8.74   		   		
7874   			7.99   		   		
7880   			7.88   		   		
7886   			8.62   		   		
7891   			8.56   		   		
7897   			8.56   		   		
7903   			8.22   		   		
7908   			7.95   		   		
7914   			8.24   		   		
7920   			8.81   		   		
7926   			7.61   		   		
7931   			8.41   		   		
7937   			7.99   		   		
7943   			8.91   		   		
7949   			8.62   		   		
7954   			8.22   		   		
7960   			8.10   		   		
7966   			8.10   		   		
7971   			8.05   		   		
7977   			8.22   		   		
7983   			7.82   		   		
7989   			8.33   		   		
7994   			8.22   		   		
8000   			8.10   		   		
8006   			7.65   		   		
8012   			7.88   		   		
8017   			8.28   		   		
8023   			7.39   		   		
8029   			8.49   		   		
8034   			8.77   		   		
8040   			7.97   		   		
8046   			7.57   		   		
8052   			7.34   		   		
8057   			6.71   		   		
8063   			6.88   		   		
8069   			7.68   		   		
8075   			7.85   		   		
8080   			7.19   		   		
8086   			8.05   		   		
8092   			7.88   		   		
8097   			8.33   		   		
8103   			7.88   		   		
8109   			7.70   		   		
8115   			8.33   		   		
8120   			8.33   		   		
8126   			7.59   		   		
8132   			7.36   		   		
8138   			7.51   		   		
8143   			7.28   		   		
8149   			7.85   		   		
8155   			7.74   		   		
8160   			7.51   		   		
8166   			7.76   		   		
8172   			8.56   		   		
8178   			6.90   		   		
8183   			6.67   		   		
8189   			7.30   		   		
8195   			7.01   		   		
8201   			7.13   		   		
8206   			7.99   		   		
8212   			7.47   		   		
8218   			8.16   		   		
8223   			7.30   		   		
8229   			7.65   		   		
8235   			7.88   		   		
8241   			7.88   		   		
8246   			7.70   		   		
8252   			8.07   		   		
8258   			8.47   		   		
8264   			6.69   		   		
8269   			7.55   		   		
8275   			7.38   		   		
8281   			7.44   		   		
8286   			7.03   		   		
8292   			6.86   		   		
8298   			7.55   		   		
8304   			7.03   		   		
8309   			7.07   		   		
8315   			6.96   		   		
8321   			7.30   		   		
8327   			6.73   		   		
8332   			7.01   		   		
8338   			7.51   		   		
8344   			7.97   		   		
8349   			7.80   		   		
8355   			8.26   		   		
8361   			7.16   		   		
8367   			8.07   		   		
8372   			8.30   		   		
8378   			7.09   		   		
8384   			7.55   		   		
8390   			7.26   		   		
8395   			7.55   		   		
8401   			8.07   		   		
8407   			7.03   		   		
8412   			7.15   		   		
8418   			7.38   		   		
8424   			6.84   		   		
8430   			6.78   		   		
8435   			7.53   		   		
8441   			7.13   		   		
8447   			6.61   		   		
8452   			6.71   		   		
8458   			7.34   		   		
8464   			6.76   		   		
8470   			6.30   		   		
8475   			7.34   		   		
8481   			7.84   		   		
8487   			7.49   		   		
8493   			7.21   		   		
8498   			7.72   		   		
8504   			8.47   		   		
8510   			6.80   		   		
8515   			8.70   		   		
8521   			7.21   		   		
8527   			8.30   		   		
8533   			7.44   		   		
8538   			7.47   		   		
8544   			7.30   		   		
8550   			6.96   		   		
8556   			7.76   		   		
8561   			8.62   		   		
8567   			7.49   		   		
8573   			7.09   		   		
8578   			8.24   		   		
8584   			8.18   		   		
8590   			7.03   		   		
8596   			6.96   		   		
8601   			7.42   		   		
8607   			7.99   		   		
8613   			6.21   		   		
8619   			6.96   		   		
8624   			7.01   		   		
8630   			8.16   		   		
8636   			8.56   		   		
8641   			8.74   		   		
8647   			8.85   		   		
8653   			8.14   		   		
8659   			8.54   		   		
8664   			8.03   		   		
8670   			7.62   		   		
8676   			9.00   		   		
8682   			8.22   		   		
8687   			9.08   		   		
8693   			8.56   		   		
8699   			7.53   		   		
8704   			8.05   		   		
8710   			8.03   		   		
8716   			7.85   		   		
8722   			7.39   		   		
8727   			7.51   		   		
8733   			7.68   		   		
8739   			6.48   		   		
8745   			6.99   		   		
8750   			7.22   		   		
8756   			7.62   		   		
8762   			7.91   		   		
8767   			7.01   		   		
8773   			8.10   		   		
8779   			7.88   		   		
8785   			8.51   		   		
8790   			7.30   		   		
8796   			6.38   		   		
8802   			6.32   		   		
8808   			6.78   		   		
8813   			6.27   		   		
8819   			7.36   		   		
8825   			7.07   		   		
8830   			6.84   		   		
8836   			7.24   		   		
8842   			8.28   		   		
8848   			7.76   		   		
8853   			7.88   		   		
8859   			7.53   		   		
8865   			7.36   		   		
8871   			7.93   		   		
8876   			7.30   		   		
8882   			7.19   		   		
8888   			8.16   		   		
8893   			8.10   		   		
8899   			7.93   		   		
8905   			7.76   		   		
8911   			7.59   		   		
8916   			8.28   		   		
8922   			7.65   		   		
8928   			8.10   		   		
8934   			7.65   		   		
8939   			7.13   		   		
8945   			6.78   		   		
8951   			7.59   		   		
8956   			7.24   		   		
8962   			7.93   		   		
8968   			7.76   		   		
8974   			8.16   		   		
8979   			8.33   		   		
8985   			7.70   		   		
8991   			7.99   		   		
8997   			7.95   		   		
9002   			6.92   		   		
9008   			7.21   		   		
9014   			7.61   		   		
9019   			7.55   		   		
9025   			7.65   		   		
9031   			8.22   		   		
9037   			8.22   		   		
9042   			7.59   		   		
9048   			8.33   		   		
9054   			7.16   		   		
9060   			8.08   		   		
9065   			6.82   		   		
9071   			6.94   		   		
9077   			7.74   		   		
9082   			6.36   		   		
9088   			7.57   		   		
9094   			7.51   		   		
9100   			7.39   		   		
9105   			6.99   		   		
9111   			7.38   		   		
9117   			7.49   		   		
9123   			8.18   		   		
9128   			7.55   		   		
9134   			8.01   		   		
9140   			7.22   		   		
9145   			6.99   		   		
9151   			7.85   		   		
9157   			7.80   		   		
9163   			7.34   		   		
9168   			7.36   		   		
9174   			6.78   		   		
9180   			6.73   		   		
9186   			6.32   		   		
9191   			6.44   		   		
9197   			5.83   		   		
9203   			6.69   		   		
9208   			5.71   		   		
9214   			6.69   		   		
9220   			6.52   		   		
9226   			7.05   		   		
9231   			6.07   		   		
9237   			5.55   		   		
9243   			6.76   		   		
9249   			7.22   		   		
9254   			6.11   		   		
9260   			6.80   		   		
9266   			7.38   		   		
9271   			5.65   		   		
9277   			6.40   		   		
9283   			7.24   		   		
9289   			7.01   		   		
9294   			6.78   		   		
9300   			7.19   		   		
9306   			6.67   		   		
9312   			6.84   		   		
9317   			6.78   		   		
9323   			6.84   		   		
9329   			7.42   		   		
9334   			7.53   		   		
9340   			7.42   		   		
9346   			6.67   		   		
9352   			6.38   		   		
9357   			6.84   		   		
9363   			6.78   		   		
9369   			5.81   		   		
9374   			6.38   		   		
9380   			6.44   		   		
9386   			5.58   		   		
9392   			6.78   		   		
9397   			7.32   		   		
9403   			6.98   		   		
9409   			7.67   		   		
9415   			7.03   		   		
9420   			6.34   		   		
9426   			6.86   		   		
9432   			5.02   		   		
9437   			7.72   		   		
9443   			7.61   		   		
9449   			7.26   		   		
9455   			7.03   		   		
9460   			6.75   		   		
9466   			6.06   		   		
9472   			6.17   		   		
9478   			6.92   		   		
9483   			6.96   		   		
9489   			7.30   		   		
9495   			4.94   		   		
9500   			6.67   		   		
9506   			6.61   		   		
9512   			7.16   		   		
9518   			7.34   		   		
9523   			6.94   		   		
9529   			6.82   		   		
9535   			6.94   		   		
9541   			7.59   		   		
9546   			7.65   		   		
9552   			6.55   		   		
9558   			6.78   		   		
9563   			7.36   		   		
9569   			7.44   		   		
9575   			7.72   		   		
9581   			7.32   		   		
9586   			7.26   		   		
9592   			7.72   		   		
9598   			6.44   		   		
9604   			6.90   		   		
9609   			7.65   		   		
9615   			7.70   		   		
9621   			7.19   		   		
9626   			7.30   		   		
9632   			7.59   		   		
9638   			8.22   		   		
9644   			7.59   		   		
9649   			7.01   		   		
9655   			7.76   		   		
9661   			7.24   		   		
9667   			7.76   		   		
9672   			7.82   		   		
9678   			8.56   		   		
9684   			7.66   		   		
9689   			7.26   		   		
9695   			7.37   		   		
9701   			7.78   		   		
9707   			7.37   		   		
9712   			6.90   		   		
9718   			6.78   		   		
9724   			7.24   		   		
9730   			6.96   		   		
9735   			7.36   		   		
9741   			7.74   		   		
9747   			7.91   		   		
9752   			7.85   		   		
9758   			8.03   		   		
9764   			8.31   		   		
9770   			7.99   		   		
9775   			8.97   		   		
9781   			8.56   		   		
9787   			7.76   		   		
9793   			7.99   		   		
9798   			7.42   		   		
9804   			7.88   		   		
9810   			8.39   		   		
9815   			8.56   		   		
9821   			8.74   		   		
9827   			8.26   		   		
9833   			7.46   		   		
9838   			8.20   		   		
9844   			7.80   		   		
9850   			8.49   		   		
9856   			8.16   		   		
9861   			7.76   		   		
9867   			7.53   		   		
9873   			7.42   		   		
9878   			7.65   		   		
9884   			7.74   		   		
9890   			8.71   		   		
9896   			7.28   		   		
9901   			9.00   		   		
9907   			8.31   		   		
9913   			7.68   		   		
9919   			7.39   		   		
9924   			7.85   		   		
9930   			7.85   		   		
9936   			7.68   		   		
9941   			7.78   		   		
9947   			8.36   		   		
9953   			8.30   		   		
9959   			8.18   		   		
9964   			7.26   		   		
9970   			8.22   		   		
9976   			8.10   		   		
9982   			7.76   		   		
9987   			7.82   		   		
9993   			7.59   		   		
9999   			6.53   		   		
10004   			7.85   		   		
10010   			7.97   		   		
10016   			6.76   		   		
10022   			7.28   		   		
10027   			7.21   		   		
10033   			7.72   		   		
10039   			8.24   		   		
10045   			8.41   		   		
10050   			8.24   		   		
10056   			8.16   		   		
10062   			7.76   		   		
10067   			6.90   		   		
10073   			7.19   		   		
10079   			6.44   		   		
10085   			7.11   		   		
10090   			7.74   		   		
10096   			7.85   		   		
10102   			8.26   		   		
10108   			8.49   		   		
10113   			7.99   		   		
10119   			8.28   		   		
10125   			8.33   		   		
10130   			7.70   		   		
10136   			8.56   		   		
10142   			8.39   		   		
10148   			8.85   		   		
10153   			7.53   		   		
10159   			7.47   		   		
10165   			8.10   		   		
10171   			7.59   		   		
10176   			7.36   		   		
10182   			7.47   		   		
10188   			7.19   		   		
10193   			7.47   		   		
10199   			7.65   		   		
10205   			7.30   		   		
10211   			8.05   		   		
10216   			7.36   		   		
10222   			7.70   		   		
10228   			8.13   		   		
10234   			8.70   		   		
10239   			7.90   		   		
10245   			8.13   		   		
10251   			8.18   		   		
10256   			8.51   		   		
10262   			8.28   		   		
10268   			8.33   		   		
10274   			8.28   		   		
10279   			7.93   		   		
10285   			7.30   		   		
10291   			7.99   		   		
10297   			7.65   		   		
10302   			7.82   		   		
10308   			7.59   		   		
10314   			7.97   		   		
10319   			7.34   		   		
10325   			8.26   		   		
10331   			7.74   		   		
10337   			8.14   		   		
10342   			8.64   		   		
10348   			7.67   		   		
10354   			8.13   		   		
10359   			8.70   		   		
10365   			7.15   		   		
10371   			7.88   		   		
10377   			7.42   		   		
10382   			7.65   		   		
10388   			7.42   		   		
10394   			7.88   		   		
10400   			7.95   		   		
10405   			7.38   		   		
10411   			7.55   		   		
10417   			6.92   		   		
10422   			8.93   		   		
10428   			7.93   		   		
10434   			8.05   		   		
10440   			8.68   		   		
10445   			7.93   		   		
10451   			7.30   		   		
10457   			7.13   		   		
10463   			8.16   		   		
10468   			7.53   		   		
10474   			8.10   		   		
10480   			7.13   		   		
10485   			7.59   		   		
10491   			7.70   		   		
10497   			8.28   		   		
10503   			7.88   		   		
10508   			7.42   		   		
10514   			7.95   		   		
10520   			8.18   		   		
10526   			7.78   		   		
10531   			7.72   		   		
10537   			7.44   		   		
10543   			5.29   		   		
10548   			8.51   		   		
10554   			8.51   		   		
10560   			9.25   		   		
10566   			7.88   		   		
10571   			7.97   		   		
10577   			8.14   		   		
10583   			8.71   		   		
10589   			7.51   		   		
10594   			7.51   		   		
10600   			7.76   		   		
10606   			7.01   		   		
10611   			8.39   		   		
10617   			8.51   		   		
10623   			7.99   		   		
10629   			7.74   		   		
10634   			8.08   		   		
10640   			8.49   		   		
10646   			8.03   		   		
10652   			7.57   		   		
10657   			8.16   		   		
10663   			8.91   		   		
10669   			9.54   		   		
10674   			9.48   		   		
10680   			9.14   		   		
10686   			8.51   		   		
10692   			8.68   		   		
10697   			8.56   		   		
10703   			8.97   		   		
10709   			8.68   		   		
10715   			9.16   		   		
10720   			8.99   		   		
10726   			9.44   		   		
10732   			8.36   		   		
10737   			8.18   		   		
10743   			9.22   		   		
10749   			8.47   		   		
10755   			7.90   		   		
10760   			8.81   		   		
10766   			8.41   		   		
10772   			8.74   		   		
10778   			8.85   		   		
10783   			8.45   		   		
10789   			8.85   		   		
10795   			7.99   		   		
10800   			8.16   		   		
10806   			8.10   		   		
10812   			8.56   		   		
10818   			7.59   		   		
10823   			7.70   		   		
10829   			8.22   		   		
10835   			8.33   		   		
10841   			7.88   		   		
10846   			8.45   		   		
10852   			7.99   		   		
10858   			7.47   		   		
10863   			8.39   		   		
10869   			8.33   		   		
10875   			8.85   		   		
10881   			7.65   		   		
10886   			8.18   		   		
10892   			8.93   		   		
10898   			8.24   		   		
10904   			8.13   		   		
10909   			8.18   		   		
10915   			8.36   		   		
10921   			8.36   		   		
10926   			8.30   		   		
10932   			8.24   		   		
10938   			8.36   		   		
10944   			8.49   		   		
10949   			8.31   		   		
10955   			8.66   		   		
10961   			8.31   		   		
10967   			8.26   		   		
10972   			7.91   		   		
10978   			7.45   		   		
10984   			7.91   		   		
10989   			7.62   		   		
10995   			8.20   		   		
11001   			7.90   		   		
11007   			8.70   		   		
11012   			8.07   		   		
11018   			7.49   		   		
11024   			8.07   		   		
11030   			8.56   		   		
11035   			8.28   		   		
11041   			8.05   		   		
11047   			8.39   		   		
11052   			8.16   		   		
11058   			8.74   		   		
11064   			8.68   		   		
11070   			8.74   		   		
11075   			8.45   		   		
11081   			8.79   		   		
11087   			6.38   		   		
11092   			8.10   		   		
11098   			8.33   		   		
11104   			8.05   		   		
11110   			7.70   		   		
11115   			8.66   		   		
11121   			7.74   		   		
11127   			6.99   		   		
11133   			7.85   		   		
11138   			8.20   		   		
11144   			7.63   		   		
11150   			9.01   		   		
11155   			8.20   		   		
11161   			7.52   		   		
11167   			7.34   		   		
11173   			8.01   		   		
11178   			8.93   		   		
11184   			8.07   		   		
11190   			9.56   		   		
11196   			7.78   		   		
11201   			8.22   		   		
11207   			8.16   		   		
11213   			7.47   		   		
11218   			7.13   		   		
11224   			7.65   		   		
11230   			8.03   		   		
11236   			8.26   		   		
11241   			8.14   		   		
11247   			7.91   		   		
11253   			7.22   		   		
11259   			7.36   		   		
11264   			7.47   		   		
11270   			7.47   		   		
11276   			7.59   		   		
11281   			7.59   		   		
11287   			8.39   		   		
11293   			7.76   		   		
11299   			7.65   		   		
11304   			7.19   		   		
11310   			7.36   		   		
11316   			7.30   		   		
11322   			7.07   		   		
11327   			7.42   		   		
11333   			6.96   		   		
11339   			7.42   		   		
11344   			7.07   		   		
11350   			7.13   		   		
11356   			6.96   		   		
11362   			7.47   		   		
11367   			7.59   		   		
11373   			7.28   		   		
11379   			8.08   		   		
11385   			7.57   		   		
11390   			7.91   		   		
11396   			8.54   		   		
11402   			7.59   		   		
11407   			8.39   		   		
11413   			7.99   		   		
11419   			7.93   		   		
11425   			7.99   		   		
11430   			7.85   		   		
11436   			7.62   		   		
11442   			7.80   		   		
11448   			8.43   		   		
11453   			7.91   		   		
11459   			7.82   		   		
11465   			8.22   		   		
11470   			8.45   		   		
11476   			8.51   		   		
11482   			7.99   		   		
11488   			8.66   		   		
11493   			7.97   		   		
11499   			7.97   		   		
11505   			8.31   		   		
11511   			7.97   		   		
11516   			6.90   		   		
11522   			7.30   		   		
11528   			7.42   		   		
11533   			8.33   		   		
11539   			7.88   		   		
11545   			7.29   		   		
11551   			7.46   		   		
11556   			7.97   		   		
11562   			7.57   		   		
11568   			6.88   		   		
11574   			7.24   		   		
11579   			7.53   		   		
11585   			7.53   		   		
11591   			7.24   		   		
11596   			7.99   		   		
11602   			7.55   		   		
11608   			7.72   		   		
11614   			8.07   		   		
11619   			8.01   		   		
11625   			6.86   		   		
11631   			6.34   		   		
11636   			7.78   		   		
11642   			7.38   		   		
11648   			7.32   		   		
11654   			7.44   		   		
11659   			6.75   		   		
11665   			7.44   		   		
11671   			7.61   		   		
11677   			6.98   		   		
11682   			6.46   		   		
11688   			7.03   		   		
11694   			5.54   		   		
11699   			6.98   		   		
11705   			7.44   		   		
11711   			7.38   		   		
11717   			7.03   		   		
11722   			7.15   		   		
11728   			7.55   		   		
11734   			6.80   		   		
11740   			7.32   		   		
11745   			8.49   		   		
11751   			8.31   		   		
11757   			6.36   		   		
11762   			7.16   		   		
11768   			7.68   		   		
11774   			7.03   		   		
11780   			6.69   		   		
11785   			6.75   		   		
11791   			7.78   		   		
11797   			7.15   		   		
11803   			8.36   		   		
11808   			7.72   		   		
11814   			7.90   		   		
11820   			8.53   		   		
11825   			6.98   		   		
11831   			6.78   		   		
11837   			6.55   		   		
11843   			6.73   		   		
11848   			7.07   		   		
11854   			8.05   		   		
11860   			7.63   		   		
11866   			7.74   		   		
11871   			7.34   		   		
11877   			7.34   		   		
11883   			7.23   		   		
11888   			7.09   		   		
11894   			7.38   		   		
11900   			7.61   		   		
11906   			7.61   		   		
11911   			7.38   		   		
11917   			8.14   		   		
11923   			8.83   		   		
11929   			8.43   		   		
11934   			7.80   		   		
11940   			7.51   		   		
11946   			7.47   		   		
11951   			7.53   		   		
11957   			6.90   		   		
11963   			7.70   		   		
11969   			6.96   		   		
11974   			7.16   		   		
11980   			7.45   		   		
11986   			7.45   		   		
11992   			7.57   		   		
11997   			7.68   		   		
12003   			8.39   		   		
12009   			8.62   		   		
12014   			7.82   		   		
12020   			6.96   		   		
12026   			7.65   		   		
12032   			8.60   		   		
12037   			8.43   		   		
12043   			7.85   		   		
12049   			7.57   		   		
12055   			6.53   		   		
12060   			7.53   		   		
12066   			7.47   		   		
12072   			7.42   		   		
12077   			7.99   		   		
12083   			7.59   		   		
12089   			7.93   		   		
12095   			8.74   		   		
12100   			8.16   		   		
12106   			7.13   		   		
12112   			5.23   		   		
12117   			8.22   		   		
12123   			7.30   		   		
12129   			8.16   		   		
12135   			8.68   		   		
12140   			7.93   		   		
12146   			8.74   		   		
12152   			8.22   		   		
12158   			7.93   		   		
12163   			7.70   		   		
12169   			8.05   		   		
12175   			6.50   		   		
12180   			7.76   		   		
12186   			7.99   		   		
12192   			7.65   		   		
12198   			7.36   		   		
12203   			7.42   		   		
12209   			7.24   		   		
12215   			7.36   		   		
12221   			7.88   		   		
12226   			8.39   		   		
12232   			8.33   		   		
12238   			8.22   		   		
12243   			8.10   		   		
12249   			7.82   		   		
12255   			8.28   		   		
12261   			8.43   		   		
12266   			7.80   		   		
12272   			7.91   		   		
12278   			8.14   		   		
12284   			7.91   		   		
12289   			9.50   		   		
12295   			8.07   		   		
12301   			6.11   		   		
12306   			8.53   		   		
12312   			8.36   		   		
12318   			8.56   		   		
12324   			8.79   		   		
12329   			8.91   		   		
12335   			8.10   		   		
12341   			7.99   		   		
12347   			9.00   		   		
12352   			7.91   		   		
12358   			7.68   		   		
12364   			5.90   		   		
12369   			8.26   		   		
12375   			8.07   		   		
12381   			8.13   		   		
12387   			7.55   		   		
12392   			6.86   		   		
12398   			6.98   		   		
12404   			6.55   		   		
12410   			7.93   		   		
12415   			9.08   		   		
12421   			7.88   		   		
12427   			6.44   		   		
12432   			8.20   		   		
12438   			8.03   		   		
12444   			8.15   		   		
12450   			7.63   		   		
12455   			8.72   		   		
12461   			7.93   		   		
12467   			7.99   		   		
12473   			8.10   		   		
12478   			7.76   		   		
12484   			8.33   		   		
12490   			7.13   		   		
12495   			6.84   		   		
12501   			6.96   		   		
12507   			7.88   		   		
12513   			7.70   		   		
12518   			7.30   		   		
12524   			7.76   		   		
12530   			8.10   		   		
12536   			8.45   		   		
12541   			7.76   		   		
12547   			8.97   		   		
12553   			7.82   		   		
12558   			7.93   		   		
12564   			7.01   		   		
12570   			7.47   		   		
12576   			7.65   		   		
12581   			8.74   		   		
12587   			8.39   		   		
12593   			8.16   		   		
12599   			8.16   		   		
12604   			8.56   		   		
12610   			8.45   		   		
12616   			8.39   		   		
12621   			8.45   		   		
12627   			10.23   		   		
12633   			8.83   		   		
12639   			8.66   		   		
12644   			8.71   		   		
12650   			8.08   		   		
12656   			8.37   		   		
12662   			7.30   		   		
12667   			7.76   		   		
12673   			7.24   		   		
12679   			7.47   		   		
12684   			7.70   		   		
12690   			8.13   		   		
12696   			8.07   		   		
12702   			6.52   		   		
12707   			7.44   		   		
12713   			8.18   		   		
12719   			8.36   		   		
12725   			8.53   		   		
12730   			8.70   		   		
12736   			8.70   		   		
12742   			8.58   		   		
12747   			7.82   		   		
12753   			7.82   		   		
12759   			8.33   		   		
12765   			8.28   		   		
12770   			8.28   		   		
12776   			8.70   		   		
12782   			7.90   		   		
12788   			7.84   		   		
12793   			8.99   		   		
12799   			8.93   		   		
12805   			8.81   		   		
12810   			8.58   		   		
12816   			8.01   		   		
12822   			8.41   		   		
12828   			7.72   		   		
12833   			8.18   		   		
12839   			8.24   		   		
12845   			8.53   		   		
12851   			8.41   		   		
12856   			7.55   		   		
12862   			8.07   		   		
12868   			8.01   		   		
12873   			8.47   		   		
12879   			8.13   		   		
12885   			8.41   		   		
12891   			8.66   		   		
12896   			8.71   		   		
12902   			8.20   		   		
12908   			8.20   		   		
12914   			7.74   		   		
12919   			8.62   		   		
12925   			9.77   		   		
12931   			8.51   		   		
12936   			8.56   		   		
12942   			8.68   		   		
12948   			8.30   		   		
12954   			8.24   		   		
12959   			8.24   		   		
12965   			8.36   		   		
12971   			6.86   		   		
12976   			8.22   		   		
12982   			8.10   		   		
12988   			8.51   		   		
12994   			8.68   		   		
12999   			8.33   		   		
13005   			8.05   		   		
13011   			7.59   		   		
13017   			7.76   		   		
13022   			8.05   		   		
13028   			8.68   		   		
13034   			6.11   		   		
13039   			7.95   		   		
13045   			8.30   		   		
13051   			7.72   		   		
13057   			7.72   		   		
13062   			8.22   		   		
13068   			8.45   		   		
13074   			7.53   		   		
13080   			7.99   		   		
13085   			8.51   		   		
13091   			8.33   		   		
13097   			7.42   		   		
13102   			6.67   		   		
13108   			7.53   		   		
13114   			7.53   		   		
13120   			8.22   		   		
13125   			7.93   		   		
13131   			7.42   		   		
13137   			7.76   		   		
13143   			8.05   		   		
13148   			8.53   		   		
13154   			6.86   		   		
13160   			7.90   		   		
13165   			7.90   		   		
13171   			8.76   		   		
13177   			8.00   		   		
13183   			7.48   		   		
13188   			7.54   		   		
13194   			8.00   		   		
13200   			8.28   		   		
13206   			7.80   		   		
13211   			7.11   		   		
13217   			6.99   		   		
13223   			7.51   		   		
13228   			7.11   		   		
13234   			7.42   		   		
13240   			8.28   		   		
13246   			7.59   		   		
13251   			7.36   		   		
13257   			8.05   		   		
13263   			7.07   		   		
13269   			8.10   		   		
13274   			7.59   		   		
13280   			7.53   		   		
13286   			7.01   		   		
13291   			6.60   		   		
13297   			7.11   		   		
13303   			7.57   		   		
13309   			8.09   		   		
13314   			7.63   		   		
13320   			7.03   		   		
13326   			6.75   		   		
13332   			7.61   		   		
13337   			7.09   		   		
13343   			8.18   		   		
13349   			7.99   		   		
13354   			7.82   		   		
13360   			7.99   		   		
13366   			8.05   		   		
13372   			7.70   		   		
13377   			7.36   		   		
13383   			8.05   		   		
13389   			7.93   		   		
13395   			7.07   		   		
13400   			7.30   		   		
13406   			7.72   		   		
13412   			7.55   		   		
13417   			7.15   		   		
13423   			8.24   		   		
13429   			8.18   		   		
13435   			8.07   		   		
13440   			8.41   		   		
13446   			8.07   		   		
13452   			7.72   		   		
13458   			8.13   		   		
13463   			7.90   		   		
13469   			7.78   		   		
13475   			7.95   		   		
13480   			6.80   		   		
13486   			8.36   		   		
13492   			8.28   		   		
13498   			8.22   		   		
13503   			7.93   		   		
13509   			7.07   		   		
13515   			7.36   		   		
13521   			8.33   		   		
13526   			7.82   		   		
13532   			8.10   		   		
13538   			6.96   		   		
13543   			7.93   		   		
13549   			7.93   		   		
13555   			7.13   		   		
13561   			8.22   		   		
13566   			7.99   		   		
13572   			7.24   		   		
13578   			8.03   		   		
13584   			8.31   		   		
13589   			8.26   		   		
13595   			8.66   		   		
13601   			8.20   		   		
13606   			8.45   		   		
13612   			7.93   		   		
13618   			7.76   		   		
13624   			7.65   		   		
13629   			7.53   		   		
13635   			8.24   		   		
13641   			8.13   		   		
13647   			8.58   		   		
13652   			8.07   		   		
13658   			7.49   		   		
13664   			7.82   		   		
13669   			7.13   		   		
13675   			7.30   		   		
13681   			8.22   		   		
13687   			8.91   		   		
13692   			8.16   		   		
13698   			7.88   		   		
13704   			8.45   		   		
13710   			7.88   		   		
13715   			7.70   		   		
13721   			7.85   		   		
13727   			7.85   		   		
13732   			9.12   		   		
13738   			8.08   		   		
13744   			7.97   		   		
13750   			7.70   		   		
13755   			8.10   		   		
13761   			7.65   		   		
13767   			6.27   		   		
13772   			7.59   		   		
13778   			7.45   		   		
13784   			6.99   		   		
13790   			7.45   		   		
13795   			6.76   		   		
13801   			6.88   		   		
13807   			6.98   		   		
13813   			6.86   		   		
13818   			7.55   		   		
13824   			6.69   		   		
13830   			5.65   		   		
13835   			8.16   		   		
13841   			8.33   		   		
13847   			7.53   		   		
13853   			7.65   		   		
13858   			6.96   		   		
13864   			7.53   		   		
13870   			7.42   		   		
13876   			7.70   		   		
13881   			8.10   		   		
13887   			6.38   		   		
13893   			6.57   		   		
13898   			6.98   		   		
13904   			7.21   		   		
13910   			7.49   		   		
13916   			7.03   		   		
13921   			7.86   		   		
13927   			6.54   		   		
13933   			6.54   		   		
13939   			5.96   		   		
13944   			7.29   		   		
13950   			7.15   		   		
13956   			7.49   		   		
13961   			7.38   		   		
13967   			7.55   		   		
13973   			7.03   		   		
13979   			7.59   		   		
13984   			7.24   		   		
13990   			7.76   		   		
13996   			7.07   		   		
14002   			7.30   		   		
14007   			6.75   		   		
14013   			6.63   		   		
14019   			6.98   		   		
14024   			6.57   		   		
14030   			6.52   		   		
14036   			6.90   		   		
14042   			6.90   		   		
14047   			7.19   		   		
14053   			7.24   		   		
14059   			6.96   		   		
14065   			6.78   		   		
14070   			6.90   		   		
14076   			6.96   		   		
14082   			7.93   		   		
14087   			7.30   		   		
14093   			7.65   		   		
14099   			6.38   		   		
14105   			7.13   		   		
14110   			6.15   		   		
14116   			6.96   		   		
14122   			6.67   		   		
14128   			7.65   		   		
14133   			7.99   		   		
14139   			6.78   		   		
14145   			6.90   		   		
14150   			7.68   		   		
14156   			7.39   		   		
14162   			6.82   		   		
14168   			5.96   		   		
14173   			7.51   		   		
14179   			7.34   		   		
14185   			7.00   		   		
14191   			6.71   		   		
14196   			6.65   		   		
14202   			6.94   		   		
14208   			6.80   		   		
14213   			7.03   		   		
14219   			7.55   		   		
14225   			6.98   		   		
14231   			7.90   		   		
14236   			7.93   		   		
14242   			7.82   		   		
14248   			7.53   		   		
14254   			7.13   		   		
14259   			7.47   		   		
14265   			7.82   		   		
14271   			8.22   		   		
14276   			7.42   		   		
14282   			8.56   		   		
14288   			7.99   		   		
14294   			8.26   		   		
14299   			7.29   		   		
14305   			6.83   		   		
14311   			7.11   		   		
14317   			7.23   		   		
14322   			7.57   		   		
14328   			7.62   		   		
14334   			7.28   		   		
14339   			7.45   		   		
14345   			7.74   		   		
14351   			7.21   		   		
14357   			6.69   		   		
14362   			7.55   		   		
14368   			7.49   		   		
14374   			7.38   		   		
14380   			6.99   		   		
14385   			7.51   		   		
14391   			7.62   		   		
14397   			7.62   		   		
14402   			6.94   		   		
14408   			7.59   		   		
14414   			8.62   		   		
14420   			8.22   		   		
14425   			7.59   		   		
14431   			7.47   		   		
14437   			5.52   		   		
14442   			7.93   		   		
14448   			7.24   		   		
14454   			7.30   		   		
14460   			6.90   		   		
14465   			7.78   		   		
14471   			7.26   		   		
14477   			7.61   		   		
14483   			7.32   		   		
14488   			6.86   		   		
14494   			8.28   		   		
14500   			8.51   		   		
14505   			7.53   		   		
14511   			7.30   		   		
14517   			7.93   		   		
14523   			7.62   		   		
14528   			7.28   		   		
14534   			8.08   		   		
14540   			7.51   		   		
14546   			7.68   		   		
14551   			7.36   		   		
14557   			7.70   		   		
14563   			7.19   		   		
14568   			7.01   		   		
14574   			7.19   		   		
14580   			7.76   		   		
14586   			7.36   		   		
14591   			7.24   		   		
14597   			7.13   		   		
14603   			7.19   		   		
14609   			7.70   		   		
14614   			6.84   		   		
14620   			7.13   		   		
14626   			7.19   		   		
14631   			6.61   		   		
14637   			6.52   		   		
14643   			7.32   		   		
14649   			7.32   		   		
14654   			7.44   		   		
14660   			8.24   		   		
14666   			7.59   		   		
14672   			7.36   		   		
14677   			7.24   		   		
14683   			7.59   		   		
14689   			6.96   		   		
14694   			8.28   		   		
14700   			7.30   		   		
14706   			6.50   		   		
14712   			7.13   		   		
14717   			7.01   		   		
14723   			6.29   		   		
14729   			7.09   		   		
14735   			7.03   		   		
14740   			7.32   		   		
14746   			7.15   		   		
14752   			6.96   		   		
14757   			7.42   		   		
14763   			7.19   		   		
14769   			7.01   		   		
14775   			8.10   		   		
14780   			7.42   		   		
14786   			7.42   		   		
14792   			7.59   		   		
14798   			7.30   		   		
14803   			7.24   		   		
14809   			7.07   		   		
14815   			7.36   		   		
14820   			7.24   		   		
14826   			7.59   		   		
14832   			8.39   		   		
14838   			7.01   		   		
14843   			7.47   		   		
14849   			7.36   		   		
14855   			7.07   		   		
14861   			7.47   		   		
14866   			7.03   		   		
14872   			7.32   		   		
14878   			7.67   		   		
14883   			7.49   		   		
14889   			7.61   		   		
14895   			7.51   		   		
14901   			7.74   		   		
14906   			8.03   		   		
14912   			7.28   		   		
14918   			7.80   		   		
14923   			8.05   		   		
14929   			7.70   		   		
14935   			6.73   		   		
14941   			6.50   		   		
14946   			6.73   		   		
14952   			7.11   		   		
14958   			7.28   		   		
14964   			6.82   		   		
14969   			6.88   		   		
14975   			7.51   		   		
14981   			5.44   		   		
14986   			6.02   		   		
14992   			7.11   		   		
14998   			6.94   		   		
15004   			6.76   		   		
15009   			8.30   		   		
15015   			7.03   		   		
15021   			7.15   		   		
15027   			7.15   		   		
15032   			7.49   		   		
15038   			7.21   		   		
15044   			5.42   		   		
15049   			7.90   		   		
15055   			8.30   		   		
15061   			8.58   		   		
15067   			7.61   		   		
15072   			8.58   		   		
15078   			7.21   		   		
15084   			7.95   		   		
15090   			7.15   		   		
15095   			7.70   		   		
15101   			7.59   		   		
15107   			6.04   		   		
15112   			7.93   		   		
15118   			8.22   		   		
15124   			7.53   		   		
15130   			7.47   		   		
15135   			7.93   		   		
15141   			8.22   		   		
15147   			8.33   		   		
15153   			7.70   		   		
15158   			6.84   		   		
15164   			8.16   		   		
15170   			5.35   		   		
15175   			7.13   		   		
15181   			6.96   		   		
15187   			7.76   		   		
15193   			6.96   		   		
15198   			7.53   		   		
15204   			8.16   		   		
15210   			7.30   		   		
15216   			8.51   		   		
15221   			7.24   		   		
15227   			8.33   		   		
15233   			7.36   		   		
15238   			8.01   		   		
15244   			7.55   		   		
15250   			7.72   		   		
15256   			7.78   		   		
15261   			7.21   		   		
15267   			6.73   		   		
15273   			6.21   		   		
15279   			7.53   		   		
15284   			7.93   		   		
15290   			6.96   		   		
15296   			7.32   		   		
15301   			6.80   		   		
15307   			6.52   		   		
15313   			6.23   		   		
15319   			6.34   		   		
15324   			6.63   		   		
15330   			5.94   		   		
15336   			6.69   		   		
15342   			5.54   		   		
15347   			5.19   		   		
15353   			5.69   		   		
15359   			5.75   		   		
15364   			6.73   		   		
15370   			7.42   		   		
15376   			6.21   		   		
15382   			6.34   		   		
15387   			7.15   		   		
15393   			6.52   		   		
15399   			6.86   		   		
15405   			6.75   		   		
15410   			5.35   		   		
15416   			5.92   		   		
15422   			4.71   		   		
15427   			5.63   		   		
15433   			5.23   		   		
15439   			5.88   		   		
15445   			5.94   		   		
15450   			5.83   		   		
15456   			5.42   		   		
15462   			5.88   		   		
15468   			5.46   		   		
15473   			5.17   		   		
15479   			4.83   		   		
15485   			4.08   		   		
15490   			4.31   		   		
15496   			4.21   		   		
15502   			4.16   		   		
15508   			3.64   		   		
15513   			4.50   		   		
15519   			4.04   		   		
15525   			4.16   		   		
15531   			3.87   		   		
15536   			3.35   		   		
15542   			4.56   		   		
15548   			3.64   		   		
15553   			4.60   		   		
15559   			3.16   		   		
15565   			2.23   		   		
15571   			2.87   		   		
15576   			3.73   		   		
15582   			4.37   		   		
15588   			3.27   		   		
15594   			2.69   		   		
15599   			3.10   		   		
15605   			1.54   		   		
15611   			1.34   		   		
15616   			3.02   		   		
15622   			3.19   		   		
15628   			3.08   		   		
15634   			3.02   		   		
15639   			3.31   		   		
15645   			1.92   		   		
15651   			3.31   		   		
15657   			3.19   		   		
15662   			3.08   		   		
15668   			2.85   		   		
15674   			2.73   		   		
15679   			2.79   		   		
15685   			2.90   		   		
15691   			2.04   		   		
15697   			1.34   		   		
15702   			2.73   		   		
15708   			1.69   		   		
15714   			-2.48   		   		
15719   			1.69   		   		
15725   			1.62   		   		
15731   			1.73   		   		
15737   			1.04   		   		
15742   			1.15   		   		
15748   			1.96   		   		
15754   			2.12   		   		
15760   			2.06   		   		
15765   			2.12   		   		
15771   			1.48   		   		
15777   			-4.32   		   		
15782   			0.84   		   		
15788   			1.71   		   		
15794   			1.42   		   		
15800   			0.73   		   		
15805   			0.67   		   		
15811   			0.26   		   		
15817   			0.55   		   		
15823   			1.36   		   		
15828   			0.50   		   		
15834   			0.67   		   		
15840   			0.90   		   		
15845   			0.38   		   		
15851   			0.38   		   		
15857   			0.61   		   		
15863   			1.31   		   		
15868   			0.90   		   		
15874   			0.32   		   		
15880   			0.15   		   		
15886   			0.32   		   		
15891   			-0.02   		   		
15897   			-0.02   		   		
15903   			0.96   		   		
15908   			0.90   		   		
15914   			0.96   		   		
15920   			0.44   		   		
15926   			0.03   		   		
15931   			-0.08   		   		
15937   			-0.14   		   		
15943   			0.26   		   		
15949   			-0.49   		   		
15954   			-0.66   		   		
15960   			0.26   		   		
15966   			-0.49   		   		
15971   			-0.78   		   		
15977   			-0.49   		   		
15983   			-0.51   		   		
15989   			-1.15   		   		
15994   			-0.68   		   		
16000   			-1.20   		   		
16006   			-1.09   		   		
16012   			-0.49   		   		
16017   			-1.07   		   		
16023   			-1.53   		   		
16029   			0.44   		   		
16034   			-1.18   		   		
16040   			-1.76   		   		
16046   			-2.05   		   		
16052   			-1.53   		   		
16057   			-0.66   		   		
16063   			-1.36   		   		
16069   			-1.08   		   		
16075   			-1.03   		   		
16080   			-0.85   		   		
16086   			-1.37   		   		
16092   			-0.97   		   		
16097   			-0.87   		   		
16103   			-1.57   		   		
16109   			-0.29   		   		
16115   			-1.28   		   		
16120   			-0.76   		   		
16126   			-1.07   		   		
16132   			-0.55   		   		
16138   			-1.01   		   		
16143   			-0.78   		   		
16149   			-0.55   		   		
16155   			-1.53   		   		
16160   			-0.89   		   		
16166   			-0.49   		   		
16172   			-0.66   		   		
16178   			-0.95   		   		
16183   			-0.22   		   		
16189   			0.24   		   		
16195   			-0.57   		   		
16201   			-1.20   		   		
16206   			-0.39   		   		
16212   			-0.66   		   		
16218   			-0.26   		   		
16223   			-0.95   		   		
16229   			-1.47   		   		
16235   			-1.47   		   		
16241   			-2.05   		   		
16246   			-1.30   		   		
16252   			-0.66   		   		
16258   			-1.88   		   		
16264   			-1.18   		   		
16269   			-1.84   		   		
16275   			-0.63   		   		
16281   			-1.09   		   		
16286   			-1.44   		   		
16292   			-1.67   		   		
16298   			-1.07   		   		
16304   			-0.95   		   		
16309   			-1.30   		   		
16315   			-1.30   		   		
16321   			-2.69   		   		
16326   			-1.42   		   		
16332   			-0.72   		   		
16338   			-1.30   		   		
16344   			-0.72   		   		
16349   			-0.66   		   		
16355   			-0.87   		   		
16361   			-1.57   		   		
16367   			-0.93   		   		
16372   			-1.16   		   		
16378   			-0.29   		   		
16384   			-3.10   		   		
16389   			-1.76   		   		
16395   			-1.42   		   		
16401   			-1.76   		   		
16407   			-1.82   		   		
16412   			-0.95   		   		
16418   			-1.59   		   		
16424   			-1.24   		   		
16430   			-1.36   		   		
16435   			-1.36   		   		
16441   			-1.42   		   		
16447   			-2.05   		   		
16452   			-1.13   		   		
16458   			-1.07   		   		
16464   			-0.60   		   		
16470   			-0.95   		   		
16475   			-1.30   		   		
16481   			-1.07   		   		
16487   			-1.18   		   		
16493   			-1.76   		   		
16498   			-1.32   		   		
16504   			-0.28   		   		
16510   			-2.66   		   		
16515   			-1.90   		   		
16521   			-0.80   		   		
16527   			-0.95   		   		
16533   			-0.31   		   		
16538   			-0.31   		   		
16544   			-1.82   		   		
16550   			-1.01   		   		
16556   			-1.16   		   		
16561   			-0.53   		   		
16567   			-1.22   		   		
16573   			-2.15   		   		
16578   			-0.12   		   		
16584   			-1.18   		   		
16590   			-1.59   		   		
16596   			-0.95   		   		
16601   			-1.24   		   		
16607   			-1.07   		   		
16613   			-1.94   		   		
16619   			-0.66   		   		
16624   			-1.13   		   		
16630   			-0.26   		   		
16636   			-0.95   		   		
16641   			-0.49   		   		
16647   			-1.24   		   		
16653   			-1.82   		   		
16659   			-1.42   		   		
16664   			-2.05   		   		
16670   			-1.07   		   		
16676   			-1.47   		   		
16682   			-1.36   		   		
16687   			-1.30   		   		
16693   			-1.18   		   		
16699   			-0.89   		   		
16704   			-1.24   		   		
16710   			-1.07   		   		
16716   			-2.75   		   		
16722   			-2.46   		   		
16727   			-1.53   		   		
16733   			-2.46   		   		
16739   			-1.94   		   		
16745   			-1.94   		   		
16750   			-0.60   		   		
16756   			-1.01   		   		
16762   			-1.88   		   		
16767   			-1.36   		   		
16773   			-1.65   		   		
16779   			-1.36   		   		
16785   			-0.93   		   		
16790   			-1.34   		   		
16796   			-0.70   		   		
16802   			-1.05   		   		
16808   			-1.28   		   		
16813   			-0.97   		   		
16819   			-1.03   		   		
16825   			-1.26   		   		
16830   			-1.26   		   		
16836   			-0.85   		   		
16842   			-1.16   		   		
16848   			-1.57   		   		
16853   			-0.64   		   		
16859   			-0.53   		   		
16865   			-1.34   		   		
16871   			-1.24   		   		
16876   			-0.37   		   		
16882   			-1.13   		   		
16888   			-1.59   		   		
16893   			-1.36   		   		
16899   			-0.58   		   		
16905   			-0.76   		   		
16911   			-0.64   		   		
16916   			-0.93   		   		
16922   			-0.53   		   		
16928   			-2.90   		   		
16933   			0.17   		   		
16939   			-1.22   		   		
16945   			-0.64   		   		
16951   			-0.99   		   		
16956   			-0.51   		   		
16962   			-0.63   		   		
16968   			-0.57   		   		
16974   			-1.26   		   		
16979   			-1.44   		   		
16985   			-0.14   		   		
16991   			-2.11   		   		
16996   			-0.55   		   		
17002   			-0.26   		   		
17008   			-0.95   		   		
17014   			-0.81   		   		
17019   			-1.10   		   		
17025   			-0.35   		   		
17031   			-0.76   		   		
17037   			-0.53   		   		
17042   			-1.09   		   		
17048   			-1.20   		   		
17054   			-0.34   		   		
17059   			0.01   		   		
17065   			-0.63   		   		
17071   			0.03   		   		
17077   			-1.01   		   		
17082   			-1.30   		   		
17088   			-1.88   		   		
17094   			-0.72   		   		
17100   			-1.42   		   		
17105   			-1.18   		   		
17111   			-1.71   		   		
17117   			-1.88   		   		
17122   			-0.84   		   		
17128   			-1.16   		   		
17134   			-1.22   		   		
17140   			-1.57   		   		
17145   			-0.64   		   		
17151   			-0.64   		   		
17157   			-2.05   		   		
17163   			-1.53   		   		
17168   			-1.88   		   		
17174   			-1.13   		   		
17180   			-0.95   		   		
17185   			-1.51   		   		
17191   			-1.22   		   		
17197   			-2.03   		   		
17203   			-1.57   		   		
17208   			-2.03   		   		
17214   			-1.90   		   		
17220   			-0.28   		   		
17226   			-1.84   		   		
17231   			-1.78   		   		
17237   			-1.44   		   		
17243   			-1.94   		   		
17248   			-1.36   		   		
17254   			-1.94   		   		
17260   			-1.88   		   		
17266   			-1.24   		   		
17271   			-0.47   		   		
17277   			-1.39   		   		
17283   			-0.53   		   		
17289   			-0.76   		   		
17294   			-1.34   		   		
17300   			-1.78   		   		
17306   			-0.74   		   		
17311   			-1.26   		   		
17317   			-1.55   		   		
17323   			-1.90   		   		
17329   			-0.66   		   		
17334   			-1.13   		   		
17340   			-2.23   		   		
17346   			-2.17   		   		
17352   			-1.53   		   		
17357   			-1.07   		   		
17363   			-1.47   		   		
17369   			-1.18   		   		
17374   			-1.36   		   		
17380   			-0.95   		   		
17386   			-1.22   		   		
17392   			-1.16   		   		
17397   			-0.81   		   		
17403   			-1.34   		   		
17409   			-1.57   		   		
17415   			-1.47   		   		
17420   			-1.94   		   		
17426   			-2.40   		   		
17432   			-1.18   		   		
17437   			-0.72   		   		
17443   			-1.42   		   		
17449   			-1.47   		   		
17455   			-1.65   		   		
17460   			-2.29   		   		
17466   			-1.13   		   		
17472   			-1.38   		   		
17478   			-1.49   		   		
17483   			-1.84   		   		
17489   			-0.63   		   		
17495   			-1.84   		   		
17500   			-1.76   		   		
17506   			-0.84   		   		
17512   			-1.42   		   		
17518   			-1.01   		   		
17523   			0.03   		   		
17529   			-0.84   		   		
17535   			-3.04   		   		
17541   			-0.89   		   		
17546   			-1.59   		   		
17552   			-1.65   		   		
17558   			-2.46   		   		
17563   			-1.82   		   		
17569   			-1.53   		   		
17575   			-1.30   		   		
17581   			-1.30   		   		
17586   			-1.61   		   		
17592   			-1.26   		   		
17598   			-3.18   		   		
17603   			-1.44   		   		
17609   			-0.80   		   		
17615   			-0.95   		   		
17621   			-0.31   		   		
17626   			-0.84   		   		
17632   			-0.95   		   		
17638   			-1.53   		   		
17644   			-1.55   		   		
17649   			-0.74   		   		
17655   			-2.02   		   		
17661   			-2.77   		   		
17666   			-1.44   		   		
17672   			-2.23   		   		
17678   			-2.00   		   		
17684   			-1.88   		   		
17689   			-1.13   		   		
17695   			-2.00   		   		
17701   			-2.17   		   		
17707   			-2.29   		   		
17712   			-2.17   		   		
17718   			-1.47   		   		
17724   			0.03   		   		
17729   			-1.20   		   		
17735   			-1.44   		   		
17741   			-1.03   		   		
17747   			-0.57   		   		
17752   			-1.38   		   		
17758   			-1.59   		   		
17764   			-2.40   		   		
17770   			-1.01   		   		
17775   			-2.00   		   		
17781   			-1.71   		   		
17787   			-1.86   		   		
17792   			-2.15   		   		
17798   			-1.68   		   		
17804   			-1.63   		   		
17810   			-1.86   		   		
17815   			-1.94   		   		
17821   			-2.05   		   		
17827   			-2.93   		   		
17833   			-2.69   		   		
17838   			-2.23   		   		
17844   			-2.87   		   		
17850   			-2.46   		   		
17855   			-1.36   		   		
17861   			-1.94   		   		
17867   			-1.59   		   		
17873   			-2.17   		   		
17878   			-2.23   		   		
17884   			-2.17   		   		
17890   			-1.71   		   		
17896   			-1.76   		   		
17901   			-2.23   		   		
17907   			-2.75   		   		
17913   			-2.98   		   		
17918   			-3.10   		   		
17924   			-2.05   		   		
17930   			-1.94   		   		
17936   			-2.40   		   		
17941   			-1.30   		   		
17947   			-2.17   		   		
17953   			-3.04   		   		
17959   			-2.32   		   		
17964   			-2.15   		   		
17970   			-2.21   		   		
17976   			-2.27   		   		
17981   			-2.50   		   		
17987   			-2.73   		   		
17993   			-2.67   		   		
17999   			-2.32   		   		
18004   			-1.80   		   		
18010   			-2.56   		   		
18016   			-3.02   		   		
18022   			-2.85   		   		
18027   			-2.15   		   		
18033   			-3.25   		   		
18039   			-2.85   		   		
18044   			-2.29   		   		
18050   			-1.59   		   		
18056   			-2.11   		   		
18062   			-2.05   		   		
18067   			-1.88   		   		
18073   			-1.92   		   		
18079   			-1.63   		   		
18085   			-2.67   		   		
18090   			-2.03   		   		
18096   			-2.09   		   		
18102   			-2.24   		   		
18107   			-1.03   		   		
18113   			-1.43   		   		
18119   			-2.19   		   		
18125   			-2.42   		   		
18130   			-1.82   		   		
18136   			-1.13   		   		
18142   			-2.00   		   		
18147   			-1.65   		   		
18153   			-0.84   		   		
18159   			-1.42   		   		
18165   			-1.30   		   		
18170   			-3.04   		   		
18176   			-1.71   		   		
18182   			-2.17   		   		
18188   			-0.99   		   		
18193   			-1.34   		   		
18199   			-0.93   		   		
18205   			-3.02   		   		
18210   			-1.16   		   		
18216   			-1.45   		   		
18222   			-2.15   		   		
18228   			-2.73   		   		
18233   			-1.68   		   		
18239   			-1.45   		   		
18245   			-1.42   		   		
18251   			-1.36   		   		
18256   			-1.76   		   		
18262   			-1.71   		   		
18268   			-1.18   		   		
18274   			-1.94   		   		
18279   			-1.42   		   		
18285   			-1.88   		   		
18291   			-1.82   		   		
18296   			-1.94   		   		
18302   			-2.11   		   		
18308   			-1.30   		   		
18314   			-2.11   		   		
18319   			-2.69   		   		
18325   			-2.17   		   		
18331   			-3.74   		   		
18336   			-2.75   		   		
18342   			-2.11   		   		
18348   			-2.29   		   		
18354   			-2.63   		   		
18359   			-2.23   		   		
18365   			-2.40   		   		
18371   			-2.69   		   		
18377   			-1.82   		   		
18382   			-1.76   		   		
18388   			-1.74   		   		
18394   			-2.96   		   		
18399   			-0.93   		   		
18405   			-1.51   		   		
18411   			-2.27   		   		
18417   			-1.24   		   		
18422   			-1.82   		   		
18428   			-1.30   		   		
18434   			-2.11   		   		
18440   			-2.00   		   		
18445   			-1.88   		   		
18451   			-1.53   		   		
18457   			-3.45   		   		
18462   			-0.95   		   		
18468   			-2.17   		   		
18474   			-1.30   		   		
18480   			-1.59   		   		
18485   			-1.71   		   		
18491   			-1.88   		   		
18497   			-1.82   		   		
18503   			-1.94   		   		
18508   			-1.36   		   		
18514   			-1.24   		   		
18520   			-2.29   		   		
18525   			-2.69   		   		
18531   			-1.86   		   		
18537   			-1.51   		   		
18543   			-2.03   		   		
18548   			-1.34   		   		
18554   			-0.06   		   		
18560   			-1.36   		   		
18566   			-0.89   		   		
18571   			-1.53   		   		
18577   			-1.18   		   		
18583   			-1.71   		   		
18588   			-1.57   		   		
18594   			-1.80   		   		
18600   			-2.21   		   		
18606   			-2.03   		   		
18611   			-2.67   		   		
18617   			-2.44   		   		
18623   			-2.03   		   		
18629   			-2.44   		   		
18634   			-1.97   		   		
18640   			-2.27   		   		
18646   			-2.09   		   		
18651   			-1.97   		   		
18657   			-1.74   		   		
18663   			-1.45   		   		
18669   			-2.09   		   		
18674   			-1.86   		   		
18680   			-1.16   		   		
18686   			-1.34   		   		
18692   			-1.39   		   		
18697   			-1.63   		   		
18703   			-1.71   		   		
18709   			-1.82   		   		
18714   			-1.59   		   		
18720   			-2.17   		   		
18726   			-2.11   		   		
18732   			-1.59   		   		
18737   			-1.47   		   		
18743   			-1.65   		   		
18749   			-1.53   		   		
18755   			-1.01   		   		
18760   			-1.18   		   		
18766   			-1.94   		   		
18772   			-1.94   		   		
18777   			-1.82   		   		
18783   			-1.36   		   		
18789   			-2.13   		   		
18795   			-1.09   		   		
18800   			-1.61   		   		
18806   			-1.26   		   		
18812   			-1.73   		   		
18818   			-2.34   		   		
18823   			-1.47   		   		
18829   			-1.36   		   		
18835   			-1.65   		   		
18840   			-2.17   		   		
18846   			-1.65   		   		
18852   			-2.05   		   		
18858   			-1.36   		   		
18863   			-2.69   		   		
18869   			-2.11   		   		
18875   			-2.93   		   		
18881   			-1.88   		   		
18886   			-1.36   		   		
18892   			-1.71   		   		
18898   			-2.34   		   		
18903   			-1.65   		   		
18909   			-1.42   		   		
18915   			-1.65   		   		
18921   			-2.23   		   		
18926   			-1.71   		   		
18932   			-1.95   		   		
18938   			-2.59   		   		
18944   			-2.83   		   		
18949   			-3.12   		   		
18955   			-3.00   		   		
18961   			-2.27   		   		
18966   			-1.92   		   		
18972   			-1.74   		   		
18978   			-1.97   		   		
18984   			-2.21   		   		
18989   			-1.47   		   		
18995   			-0.72   		   		
19001   			-2.00   		   		
19007   			-1.82   		   		
19012   			-1.07   		   		
19018   			-2.08   		   		
19024   			-1.61   		   		
19029   			-0.97   		   		
19035   			-1.55   		   		
19041   			-1.38   		   		
19047   			-1.53   		   		
19052   			-1.53   		   		
19058   			-1.01   		   		
19064   			-2.58   		   		
19069   			-1.42   		   		
19075   			-1.30   		   		
19081   			-1.30   		   		
19087   			-0.31   		   		
19092   			-0.72   		   		
19098   			-0.49   		   		
19104   			-0.84   		   		
19110   			-1.24   		   		
19115   			-1.82   		   		
19121   			-1.30   		   		
19127   			-2.93   		   		
19132   			-1.28   		   		
19138   			-1.10   		   		
19144   			0.05   		   		
19150   			-1.68   		   		
19155   			-0.87   		   		
19161   			-1.24   		   		
19167   			-1.53   		   		
19173   			-1.36   		   		
19178   			-1.13   		   		
19184   			-1.42   		   		
19190   			-2.61   		   		
19195   			-2.73   		   		
19201   			-2.15   		   		
19207   			-2.27   		   		
19213   			-2.09   		   		
19218   			-2.00   		   		
19224   			-1.07   		   		
19230   			-1.13   		   		
19236   			-1.30   		   		
19241   			-1.13   		   		
19247   			-2.32   		   		
19253   			-4.42   		   		
19258   			-1.45   		   		
19264   			-2.15   		   		
19270   			-2.44   		   		
19276   			-1.92   		   		
19281   			-1.28   		   		
19287   			-1.97   		   		
19293   			-1.63   		   		
19299   			-2.85   		   		
19304   			-1.51   		   		
19310   			-1.86   		   		
19316   			-4.07   		   		
19321   			-1.92   		   		
19327   			-1.92   		   		
19333   			-1.45   		   		
19339   			-1.39   		   		
19344   			-1.39   		   		
19350   			-1.97   		   		
19356   			-2.21   		   		
19362   			-1.90   		   		
19367   			-1.61   		   		
19373   			-1.96   		   		
19379   			-2.37   		   		
19384   			-2.25   		   		
19390   			-2.13   		   		
19396   			-2.02   		   		
19402   			-2.37   		   		
19407   			-1.78   		   		
19413   			-1.73   		   		
19419   			-1.82   		   		
19425   			-1.59   		   		
19430   			-1.82   		   		
19436   			-1.65   		   		
19442   			-1.88   		   		
19447   			-1.55   		   		
19453   			-0.85   		   		
19459   			-1.20   		   		
19465   			-1.49   		   		
19470   			-1.84   		   		
19476   			-2.60   		   		
19482   			-1.90   		   		
19488   			-1.61   		   		
19493   			-1.67   		   		
19499   			-1.84   		   		
19505   			-2.11   		   		
19510   			-1.30   		   		
19516   			-1.01   		   		
19522   			-1.01   		   		
19528   			-1.30   		   		
19533   			-0.72   		   		
19539   			-1.59   		   		
19545   			-1.53   		   		
19551   			-2.11   		   		
19556   			-1.30   		   		
19562   			-2.08   		   		
19568   			-2.42   		   		
19573   			-1.78   		   		
19579   			-1.96   		   		
19585   			-1.26   		   		
19591   			-1.30   		   		
19596   			-1.76   		   		
19602   			-1.59   		   		
19608   			-0.89   		   		
19614   			-0.72   		   		
19619   			-1.16   		   		
19625   			-1.16   		   		
19631   			-1.10   		   		
19636   			-1.86   		   		
19642   			-1.92   		   		
19648   			-2.09   		   		
19654   			-1.74   		   		
19659   			-2.56   		   		
19665   			-2.03   		   		
19671   			-2.09   		   		
19677   			-2.61   		   		
19682   			-1.97   		   		
19688   			-1.45   		   		
19694   			-1.74   		   		
19699   			-2.15   		   		
19705   			-1.97   		   		
19711   			-1.92   		   		
19717   			-1.86   		   		
19722   			-1.92   		   		
19728   			-1.92   		   		
19734   			-2.52   		   		
19740   			-2.05   		   		
19745   			-1.88   		   		
19751   			-2.34   		   		
19757   			-2.87   		   		
19762   			-1.94   		   		
19768   			-2.34   		   		
19774   			-1.88   		   		
19780   			-2.11   		   		
19785   			-1.13   		   		
19791   			-1.47   		   		
19797   			-2.81   		   		
19802   			-2.23   		   		
19808   			-2.29   		   		
19814   			-1.94   		   		
19820   			-2.75   		   		
19825   			-2.52   		   		
19831   			-1.47   		   		
19837   			-2.69   		   		
19843   			-2.17   		   		
19848   			-1.61   		   		
19854   			-1.96   		   		
19860   			-3.82   		   		
19865   			-1.32   		   		
19871   			-2.66   		   		
19877   			-1.92   		   		
19883   			-1.45   		   		
19888   			-2.61   		   		
19894   			-1.39   		   		
19900   			-1.92   		   		
19906   			-1.68   		   		
19911   			-2.15   		   		
19917   			-2.09   		   		
19923   			-1.39   		   		
19928   			-1.45   		   		
19934   			-1.94   		   		
19940   			-2.23   		   		
19946   			-1.13   		   		
19951   			-1.42   		   		
19957   			-2.00   		   		
19963   			-1.53   		   		
19969   			-2.05   		   		
19974   			-0.49   		   		
19980   			-1.18   		   		
19986   			-0.95   		   		
19991   			-1.24   		   		
19997   			-0.26   		   		
