Timestamp		Force Z		Comments
0   			-1.59   		   		
6   			-2.00   		   		
12   			-2.05   		   		
17   			-2.11   		   		
23   			-1.36   		   		
29   			-0.97   		   		
34   			-1.38   		   		
40   			-1.73   		   		
46   			-2.25   		   		
52   			-2.02   		   		
57   			-1.38   		   		
63   			-1.55   		   		
69   			-0.74   		   		
75   			-1.03   		   		
80   			-1.26   		   		
86   			-1.01   		   		
92   			-1.65   		   		
97   			-0.72   		   		
103   			-1.01   		   		
109   			-0.60   		   		
115   			-1.07   		   		
120   			-1.07   		   		
126   			-1.94   		   		
132   			-0.84   		   		
137   			-0.60   		   		
143   			-1.32   		   		
149   			-2.08   		   		
155   			-1.55   		   		
160   			-1.44   		   		
166   			-1.67   		   		
172   			-1.47   		   		
178   			-2.00   		   		
183   			-1.53   		   		
189   			-1.53   		   		
195   			-3.97   		   		
200   			-1.55   		   		
206   			-1.67   		   		
212   			-0.97   		   		
218   			-1.32   		   		
223   			-1.38   		   		
229   			-0.63   		   		
235   			-0.05   		   		
241   			-1.84   		   		
246   			-1.61   		   		
252   			-1.38   		   		
258   			-3.70   		   		
263   			-1.67   		   		
269   			-2.02   		   		
275   			-1.78   		   		
281   			-2.71   		   		
286   			-1.10   		   		
292   			-1.22   		   		
298   			-1.86   		   		
304   			-1.92   		   		
309   			-1.10   		   		
315   			-1.44   		   		
321   			-2.60   		   		
326   			-1.55   		   		
332   			-0.68   		   		
338   			-1.49   		   		
344   			-1.78   		   		
349   			-0.57   		   		
355   			-1.44   		   		
361   			-1.67   		   		
367   			-1.78   		   		
372   			-2.31   		   		
378   			-2.71   		   		
384   			-2.02   		   		
389   			-2.25   		   		
395   			-1.09   		   		
401   			-1.42   		   		
407   			-1.94   		   		
412   			-1.42   		   		
418   			-1.82   		   		
424   			-1.36   		   		
430   			-2.11   		   		
435   			-0.72   		   		
441   			-2.93   		   		
447   			-2.11   		   		
452   			-1.65   		   		
458   			-2.29   		   		
464   			-2.29   		   		
470   			-1.71   		   		
475   			-2.40   		   		
481   			-1.36   		   		
487   			-1.90   		   		
493   			-1.78   		   		
498   			-1.78   		   		
504   			-1.73   		   		
510   			-1.15   		   		
515   			-2.08   		   		
521   			-1.20   		   		
527   			-1.03   		   		
533   			-0.68   		   		
538   			-1.49   		   		
544   			-1.92   		   		
550   			-2.39   		   		
556   			-1.81   		   		
561   			-2.33   		   		
567   			-2.27   		   		
573   			-2.19   		   		
578   			-2.42   		   		
584   			-2.02   		   		
590   			-1.61   		   		
596   			-1.90   		   		
601   			-2.25   		   		
607   			-1.73   		   		
613   			-2.42   		   		
619   			-1.73   		   		
624   			-2.08   		   		
630   			-2.37   		   		
636   			-2.19   		   		
641   			-1.96   		   		
647   			-2.25   		   		
653   			-2.66   		   		
659   			-2.10   		   		
664   			-2.50   		   		
670   			-2.15   		   		
676   			-2.97   		   		
682   			-2.04   		   		
687   			-2.32   		   		
693   			-1.92   		   		
699   			-1.28   		   		
704   			-2.50   		   		
710   			-0.93   		   		
716   			-1.61   		   		
722   			-1.32   		   		
727   			-2.02   		   		
733   			-1.20   		   		
739   			-3.18   		   		
744   			-1.34   		   		
750   			-1.17   		   		
756   			-1.98   		   		
762   			-1.69   		   		
767   			-1.52   		   		
773   			-1.15   		   		
779   			-1.20   		   		
785   			-2.25   		   		
790   			-1.78   		   		
796   			-2.08   		   		
802   			-4.01   		   		
807   			-1.11   		   		
813   			-1.92   		   		
819   			-1.05   		   		
825   			-2.27   		   		
830   			-1.84   		   		
836   			-0.68   		   		
842   			-0.39   		   		
848   			-0.68   		   		
853   			-0.80   		   		
859   			-1.32   		   		
865   			-1.38   		   		
870   			-0.91   		   		
876   			-0.97   		   		
882   			-1.38   		   		
888   			-1.59   		   		
893   			-1.88   		   		
899   			-1.71   		   		
905   			-0.66   		   		
911   			-1.18   		   		
916   			-1.09   		   		
922   			-1.15   		   		
928   			-1.32   		   		
933   			-1.44   		   		
939   			-1.61   		   		
945   			-1.44   		   		
951   			-1.26   		   		
956   			-1.32   		   		
962   			-0.91   		   		
968   			-1.03   		   		
974   			-1.07   		   		
979   			-1.47   		   		
985   			-1.88   		   		
991   			-1.36   		   		
996   			-1.82   		   		
1002   			-2.83   		   		
1008   			-2.36   		   		
1014   			-2.24   		   		
1019   			-2.19   		   		
1025   			-2.19   		   		
1031   			-1.53   		   		
1037   			-1.30   		   		
1042   			-2.29   		   		
1048   			-1.94   		   		
1054   			-1.94   		   		
1059   			-1.76   		   		
1065   			-1.53   		   		
1071   			-1.88   		   		
1077   			-1.94   		   		
1082   			-1.94   		   		
1088   			-0.95   		   		
1094   			-0.55   		   		
1100   			-1.13   		   		
1105   			-1.59   		   		
1111   			-1.42   		   		
1117   			-1.38   		   		
1122   			-1.67   		   		
1128   			-1.67   		   		
1134   			-1.09   		   		
1140   			-1.67   		   		
1145   			-2.81   		   		
1151   			-1.76   		   		
1157   			-2.11   		   		
1163   			-2.29   		   		
1168   			-1.94   		   		
1174   			-1.45   		   		
1180   			-1.86   		   		
1185   			-1.51   		   		
1191   			-1.34   		   		
1197   			-0.70   		   		
1203   			-2.02   		   		
1208   			-2.31   		   		
1214   			-1.44   		   		
1220   			-2.48   		   		
1225   			-1.32   		   		
1231   			-2.71   		   		
1237   			-2.19   		   		
1243   			-1.67   		   		
1248   			-1.20   		   		
1254   			-1.78   		   		
1260   			-1.94   		   		
1266   			-2.29   		   		
1271   			-1.42   		   		
1277   			-1.42   		   		
1283   			-3.74   		   		
1288   			-1.86   		   		
1294   			-1.11   		   		
1300   			-1.52   		   		
1306   			-2.39   		   		
1311   			-1.63   		   		
1317   			-1.55   		   		
1323   			-1.49   		   		
1329   			-1.49   		   		
1334   			-1.90   		   		
1340   			-2.25   		   		
1346   			-2.79   		   		
1351   			-1.05   		   		
1357   			-0.93   		   		
1363   			-1.57   		   		
1369   			-1.68   		   		
1374   			-0.84   		   		
1380   			-1.42   		   		
1386   			-1.82   		   		
1392   			-2.11   		   		
1397   			-2.29   		   		
1403   			-2.29   		   		
1409   			-2.52   		   		
1414   			-1.36   		   		
1420   			-0.89   		   		
1426   			-2.23   		   		
1432   			-2.19   		   		
1437   			-2.42   		   		
1443   			-2.25   		   		
1449   			-2.02   		   		
1455   			-2.60   		   		
1460   			-2.29   		   		
1466   			-2.46   		   		
1472   			-1.71   		   		
1477   			-2.29   		   		
1483   			-1.30   		   		
1489   			-0.59   		   		
1495   			-1.34   		   		
1500   			-1.05   		   		
1506   			-1.28   		   		
1512   			-1.23   		   		
1518   			-0.78   		   		
1523   			-1.36   		   		
1529   			-0.95   		   		
1535   			-1.76   		   		
1540   			-1.88   		   		
1546   			-1.18   		   		
1552   			-0.66   		   		
1558   			-1.36   		   		
1563   			-1.65   		   		
1569   			-1.71   		   		
1575   			-1.67   		   		
1581   			-1.49   		   		
1586   			-1.38   		   		
1592   			-1.15   		   		
1598   			-1.90   		   		
1603   			-1.26   		   		
1609   			-1.32   		   		
1615   			-0.39   		   		
1621   			-1.49   		   		
1626   			-1.32   		   		
1632   			-1.73   		   		
1638   			-0.86   		   		
1644   			-1.44   		   		
1649   			-0.80   		   		
1655   			-0.63   		   		
1661   			-1.24   		   		
1666   			-1.07   		   		
1672   			-1.24   		   		
1678   			-0.49   		   		
1684   			-0.78   		   		
1689   			-1.76   		   		
1695   			-1.42   		   		
1701   			-1.18   		   		
1707   			-0.89   		   		
1712   			-0.78   		   		
1718   			-1.01   		   		
1724   			-1.65   		   		
1729   			-1.36   		   		
1735   			-0.78   		   		
1741   			-0.95   		   		
1747   			-1.53   		   		
1752   			-1.18   		   		
1758   			-0.89   		   		
1764   			-0.60   		   		
1770   			-1.59   		   		
1775   			-0.97   		   		
1781   			-0.51   		   		
1787   			0.01   		   		
1792   			-0.39   		   		
1798   			-1.09   		   		
1804   			-1.63   		   		
1810   			-1.57   		   		
1815   			-0.70   		   		
1821   			-0.81   		   		
1827   			-0.87   		   		
1833   			-0.74   		   		
1838   			-0.68   		   		
1844   			-0.05   		   		
1850   			-1.90   		   		
1855   			-1.26   		   		
1861   			-1.42   		   		
1867   			-0.49   		   		
1873   			-1.13   		   		
1878   			-0.84   		   		
1884   			-1.59   		   		
1890   			-3.74   		   		
1895   			-2.34   		   		
1901   			-1.18   		   		
1907   			-0.37   		   		
1913   			-0.43   		   		
1918   			-1.18   		   		
1924   			-1.42   		   		
1930   			-1.13   		   		
1936   			-1.94   		   		
1941   			-1.65   		   		
1947   			-0.70   		   		
1953   			-2.32   		   		
1958   			-1.10   		   		
1964   			-1.97   		   		
1970   			-0.81   		   		
1976   			-0.99   		   		
1981   			-1.05   		   		
1987   			-1.16   		   		
1993   			-1.34   		   		
1999   			-1.16   		   		
2004   			-1.44   		   		
2010   			-2.08   		   		
2016   			-3.70   		   		
2021   			-1.67   		   		
2027   			-2.25   		   		
2033   			-2.63   		   		
2039   			-3.33   		   		
2044   			-2.87   		   		
2050   			-3.80   		   		
2056   			-3.04   		   		
2062   			-1.94   		   		
2067   			-2.17   		   		
2073   			-2.11   		   		
2079   			-1.82   		   		
2084   			-1.53   		   		
2090   			-2.27   		   		
2096   			-1.63   		   		
2102   			-1.63   		   		
2107   			-1.92   		   		
2113   			-1.98   		   		
2119   			-2.13   		   		
2125   			-2.31   		   		
2130   			-2.19   		   		
2136   			-1.67   		   		
2142   			-1.67   		   		
2147   			-2.95   		   		
2153   			-1.84   		   		
2159   			-1.90   		   		
2165   			-1.67   		   		
2170   			-1.67   		   		
2176   			-1.55   		   		
2182   			-1.55   		   		
2188   			-1.67   		   		
2193   			-2.66   		   		
2199   			-2.37   		   		
2205   			-1.81   		   		
2210   			-2.27   		   		
2216   			-1.92   		   		
2222   			-1.69   		   		
2228   			-2.27   		   		
2233   			-1.84   		   		
2239   			-0.97   		   		
2245   			-1.32   		   		
2251   			-1.61   		   		
2256   			-1.96   		   		
2262   			-1.82   		   		
2268   			-1.88   		   		
2273   			-1.01   		   		
2279   			-0.89   		   		
2285   			-0.84   		   		
2291   			-2.10   		   		
2296   			-2.10   		   		
2302   			-2.62   		   		
2308   			-1.69   		   		
2314   			-1.98   		   		
2319   			-1.92   		   		
2325   			-1.86   		   		
2331   			-1.63   		   		
2336   			-2.09   		   		
2342   			-1.74   		   		
2348   			-0.80   		   		
2354   			-0.97   		   		
2359   			-1.67   		   		
2365   			-1.73   		   		
2371   			-0.86   		   		
2377   			-1.32   		   		
2382   			-1.67   		   		
2388   			-1.96   		   		
2394   			-1.55   		   		
2399   			-1.61   		   		
2405   			-1.49   		   		
2411   			-0.74   		   		
2417   			-1.55   		   		
2422   			-1.15   		   		
2428   			-0.91   		   		
2434   			-1.20   		   		
2440   			-0.86   		   		
2445   			-1.67   		   		
2451   			-1.26   		   		
2457   			-1.20   		   		
2462   			-0.80   		   		
2468   			-1.09   		   		
2474   			-1.49   		   		
2480   			-1.44   		   		
2485   			-1.49   		   		
2491   			-1.76   		   		
2497   			-1.65   		   		
2503   			-1.47   		   		
2508   			-1.01   		   		
2514   			-2.00   		   		
2520   			-1.96   		   		
2525   			-1.84   		   		
2531   			-0.45   		   		
2537   			-1.26   		   		
2543   			-2.02   		   		
2548   			-1.57   		   		
2554   			-1.22   		   		
2560   			-1.45   		   		
2566   			-2.56   		   		
2571   			-1.45   		   		
2577   			-1.32   		   		
2583   			-1.26   		   		
2588   			-2.08   		   		
2594   			-1.96   		   		
2600   			-0.86   		   		
2606   			-0.95   		   		
2611   			-1.53   		   		
2617   			-2.58   		   		
2623   			-4.03   		   		
2628   			-1.47   		   		
2634   			-0.80   		   		
2640   			-0.91   		   		
2646   			-0.34   		   		
2651   			-0.86   		   		
2657   			-0.91   		   		
2663   			-0.37   		   		
2669   			-1.24   		   		
2674   			0.09   		   		
2680   			-0.89   		   		
2686   			-2.17   		   		
2691   			-1.20   		   		
2697   			-1.26   		   		
2703   			-1.61   		   		
2709   			-1.49   		   		
2714   			-1.73   		   		
2720   			-1.63   		   		
2726   			-0.47   		   		
2732   			-1.34   		   		
2737   			-1.17   		   		
2743   			-2.04   		   		
2749   			-2.52   		   		
2754   			-1.53   		   		
2760   			-1.42   		   		
2766   			-2.00   		   		
2772   			-2.23   		   		
2777   			-2.03   		   		
2783   			-0.93   		   		
2789   			-0.64   		   		
2795   			-1.63   		   		
2800   			-0.76   		   		
2806   			-0.84   		   		
2812   			-1.07   		   		
2817   			-1.13   		   		
2823   			-0.95   		   		
2829   			-0.89   		   		
2835   			-0.68   		   		
2840   			-1.78   		   		
2846   			-0.91   		   		
2852   			-1.49   		   		
2858   			-1.61   		   		
2863   			-1.45   		   		
2869   			-1.57   		   		
2875   			-1.28   		   		
2880   			-1.34   		   		
2886   			-1.86   		   		
2892   			-1.53   		   		
2898   			-1.07   		   		
2903   			-2.11   		   		
2909   			-1.88   		   		
2915   			-1.47   		   		
2921   			-0.78   		   		
2926   			-1.18   		   		
2932   			-1.42   		   		
2938   			-2.11   		   		
2943   			-1.30   		   		
2949   			-1.65   		   		
2955   			-1.01   		   		
2961   			-0.02   		   		
2966   			-1.36   		   		
2972   			-0.72   		   		
2978   			-1.38   		   		
2984   			-2.02   		   		
2989   			-1.78   		   		
2995   			-1.73   		   		
3001   			-0.68   		   		
3006   			-1.26   		   		
3012   			-0.57   		   		
3018   			-2.48   		   		
3024   			-1.55   		   		
3029   			-0.74   		   		
3035   			-1.38   		   		
3041   			-0.28   		   		
3047   			-0.68   		   		
3052   			-1.61   		   		
3058   			-1.44   		   		
3064   			-0.99   		   		
3069   			-1.28   		   		
3075   			-1.17   		   		
3081   			-2.04   		   		
3087   			-1.28   		   		
3092   			-0.81   		   		
3098   			-1.86   		   		
3104   			-1.74   		   		
3109   			-0.53   		   		
3115   			-1.34   		   		
3121   			-1.78   		   		
3127   			-2.42   		   		
3132   			-1.61   		   		
3138   			-1.67   		   		
3144   			-1.44   		   		
3150   			-1.82   		   		
3155   			-1.24   		   		
3161   			-1.59   		   		
3167   			-3.16   		   		
3172   			-1.24   		   		
3178   			-1.36   		   		
3184   			-2.05   		   		
3190   			-1.36   		   		
3195   			-1.13   		   		
3201   			-2.23   		   		
3207   			-1.90   		   		
3213   			-1.44   		   		
3218   			-2.19   		   		
3224   			-0.86   		   		
3230   			-3.29   		   		
3235   			-1.01   		   		
3241   			-0.55   		   		
3247   			-1.82   		   		
3253   			-1.24   		   		
3258   			-1.65   		   		
3264   			-1.94   		   		
3270   			-1.13   		   		
3276   			-2.05   		   		
3281   			-1.59   		   		
3287   			-1.53   		   		
3293   			-1.26   		   		
3298   			-1.90   		   		
3304   			-1.26   		   		
3310   			-1.20   		   		
3316   			-1.32   		   		
3321   			-1.13   		   		
3327   			-1.01   		   		
3333   			-1.47   		   		
3339   			-2.23   		   		
3344   			-0.43   		   		
3350   			-1.47   		   		
3356   			0.03   		   		
3361   			-0.72   		   		
3367   			-0.55   		   		
3373   			-1.47   		   		
3379   			-1.18   		   		
3384   			-1.13   		   		
3390   			-1.01   		   		
3396   			-0.72   		   		
3402   			-1.30   		   		
3407   			-1.15   		   		
3413   			-0.63   		   		
3419   			-1.44   		   		
3424   			-1.90   		   		
3430   			-1.26   		   		
3436   			-0.39   		   		
3442   			-0.74   		   		
3447   			-0.80   		   		
3453   			-1.15   		   		
3459   			-0.51   		   		
3465   			-0.70   		   		
3470   			-1.57   		   		
3476   			-1.63   		   		
3482   			-1.63   		   		
3487   			-0.58   		   		
3493   			-0.55   		   		
3499   			-1.18   		   		
3505   			-0.49   		   		
3510   			-1.01   		   		
3516   			-1.01   		   		
3522   			-0.66   		   		
3528   			-0.26   		   		
3533   			-0.49   		   		
3539   			-0.89   		   		
3545   			-0.20   		   		
3550   			-0.78   		   		
3556   			-0.49   		   		
3562   			-0.95   		   		
3568   			-2.00   		   		
3573   			-1.82   		   		
3579   			-1.67   		   		
3585   			-1.09   		   		
3591   			-1.55   		   		
3596   			-0.97   		   		
3602   			-2.13   		   		
3608   			-1.28   		   		
3613   			-2.04   		   		
3619   			-1.75   		   		
3625   			-1.69   		   		
3631   			-1.98   		   		
3636   			-0.84   		   		
3642   			-1.30   		   		
3648   			-0.43   		   		
3654   			-0.37   		   		
3659   			-0.60   		   		
3665   			-1.38   		   		
3671   			-1.49   		   		
3676   			-0.97   		   		
3682   			-0.80   		   		
3688   			-1.32   		   		
3694   			-2.31   		   		
3699   			-1.96   		   		
3705   			-1.09   		   		
3711   			-2.71   		   		
3716   			-1.78   		   		
3722   			-2.05   		   		
3728   			-1.47   		   		
3734   			-1.65   		   		
3739   			-1.65   		   		
3745   			-1.13   		   		
3751   			-0.97   		   		
3757   			-1.03   		   		
3762   			-1.49   		   		
3768   			-1.61   		   		
3774   			-3.93   		   		
3779   			-1.90   		   		
3785   			-0.74   		   		
3791   			-1.90   		   		
3797   			-1.73   		   		
3802   			-2.13   		   		
3808   			-2.40   		   		
3814   			-1.94   		   		
3820   			-1.18   		   		
3825   			-1.18   		   		
3831   			-1.53   		   		
3837   			-3.88   		   		
3842   			-2.19   		   		
3848   			-1.55   		   		
3854   			-1.96   		   		
3860   			-1.03   		   		
3865   			-1.36   		   		
3871   			-1.53   		   		
3877   			-1.71   		   		
3883   			-2.00   		   		
3888   			-2.00   		   		
3894   			-1.73   		   		
3900   			-1.78   		   		
3905   			-2.60   		   		
3911   			-2.48   		   		
3917   			-2.08   		   		
3923   			-2.63   		   		
3928   			-1.65   		   		
3934   			-2.46   		   		
3940   			-2.63   		   		
3946   			-1.47   		   		
3951   			-2.23   		   		
3957   			-1.36   		   		
3963   			-2.00   		   		
3968   			-1.42   		   		
3974   			-2.23   		   		
3980   			-1.40   		   		
3986   			-1.34   		   		
3991   			-1.92   		   		
3997   			-1.92   		   		
4003   			-1.23   		   		
4009   			-0.89   		   		
4014   			-1.71   		   		
4020   			-1.71   		   		
4026   			-1.59   		   		
4031   			-1.07   		   		
4037   			-2.00   		   		
4043   			-1.53   		   		
4049   			-1.76   		   		
4054   			-1.47   		   		
4060   			-1.76   		   		
4066   			-2.18   		   		
4072   			-2.81   		   		
4077   			-2.35   		   		
4083   			-2.52   		   		
4089   			-2.41   		   		
4094   			-1.65   		   		
4100   			-1.42   		   		
4106   			-1.13   		   		
4112   			-1.65   		   		
4117   			-1.53   		   		
4123   			-2.02   		   		
4129   			-2.77   		   		
4135   			-2.54   		   		
4140   			-2.25   		   		
4146   			-2.13   		   		
4152   			-2.03   		   		
4157   			-2.32   		   		
4163   			-2.90   		   		
4169   			-1.86   		   		
4175   			-1.92   		   		
4180   			-2.46   		   		
4186   			-2.75   		   		
4192   			-2.29   		   		
4198   			-2.63   		   		
4203   			-2.87   		   		
4209   			-2.11   		   		
4215   			-1.07   		   		
4220   			-1.24   		   		
4226   			-1.88   		   		
4232   			-2.40   		   		
4238   			-1.51   		   		
4243   			-1.68   		   		
4249   			-1.68   		   		
4255   			-1.51   		   		
4261   			-1.63   		   		
4266   			-1.84   		   		
4272   			-1.09   		   		
4278   			-1.38   		   		
4283   			-0.80   		   		
4289   			-2.08   		   		
4295   			-2.02   		   		
4301   			-2.08   		   		
4306   			-2.37   		   		
4312   			-1.55   		   		
4318   			-1.78   		   		
4324   			-2.09   		   		
4329   			-2.44   		   		
4335   			-1.80   		   		
4341   			-1.34   		   		
4346   			-1.68   		   		
4352   			-2.33   		   		
4358   			-2.10   		   		
4364   			-2.21   		   		
4369   			-2.39   		   		
4375   			-1.92   		   		
4381   			-3.06   		   		
4386   			-2.48   		   		
4392   			-2.54   		   		
4398   			-1.96   		   		
4404   			-1.61   		   		
4409   			-1.84   		   		
4415   			-1.67   		   		
4421   			-1.26   		   		
4427   			-1.44   		   		
4432   			-1.49   		   		
4438   			-1.67   		   		
4444   			-2.95   		   		
4449   			-2.08   		   		
4455   			-2.42   		   		
4461   			-1.15   		   		
4467   			-1.71   		   		
4472   			-1.54   		   		
4478   			-2.35   		   		
4484   			-2.00   		   		
4490   			-1.48   		   		
4495   			-1.80   		   		
4501   			-2.61   		   		
4507   			-3.54   		   		
4512   			-2.32   		   		
4518   			-2.38   		   		
4524   			-2.93   		   		
4530   			-2.69   		   		
4535   			-2.23   		   		
4541   			-1.88   		   		
4547   			-1.65   		   		
4553   			-2.04   		   		
4558   			-1.81   		   		
4564   			-1.17   		   		
4570   			-2.10   		   		
4575   			-1.40   		   		
4581   			-2.29   		   		
4587   			-2.75   		   		
4593   			-2.17   		   		
4598   			-1.65   		   		
4604   			-2.40   		   		
4610   			-1.90   		   		
4616   			-1.32   		   		
4621   			-1.73   		   		
4627   			-1.44   		   		
4633   			-1.26   		   		
4638   			-1.96   		   		
4644   			-1.32   		   		
4650   			-2.25   		   		
4656   			-1.73   		   		
4661   			-2.19   		   		
4667   			-2.00   		   		
4673   			-1.47   		   		
4679   			-2.00   		   		
4684   			-2.11   		   		
4690   			-1.07   		   		
4696   			-0.84   		   		
4701   			-0.78   		   		
4707   			-1.47   		   		
4713   			-1.42   		   		
4719   			-1.59   		   		
4724   			-0.63   		   		
4730   			-0.63   		   		
4736   			-0.68   		   		
4742   			-1.20   		   		
4747   			-1.55   		   		
4753   			-2.19   		   		
4759   			-2.25   		   		
4764   			-2.25   		   		
4770   			-1.38   		   		
4776   			-2.13   		   		
4782   			-2.00   		   		
4787   			-1.76   		   		
4793   			-2.81   		   		
4799   			-2.17   		   		
4805   			-1.88   		   		
4810   			-2.83   		   		
4816   			-1.73   		   		
4822   			-1.90   		   		
4827   			-2.42   		   		
4833   			-2.02   		   		
4839   			-2.31   		   		
4845   			-2.13   		   		
4850   			-1.61   		   		
4856   			-2.60   		   		
4862   			-2.42   		   		
4868   			-1.76   		   		
4873   			-1.36   		   		
4879   			-1.82   		   		
4885   			-0.84   		   		
4890   			-0.95   		   		
4896   			-1.67   		   		
4902   			-1.32   		   		
4908   			-1.32   		   		
4913   			-1.49   		   		
4919   			-2.60   		   		
4925   			-2.60   		   		
4931   			-2.08   		   		
4936   			-1.96   		   		
4942   			-1.03   		   		
4948   			-1.49   		   		
4953   			-1.90   		   		
4959   			-1.90   		   		
4965   			-2.25   		   		
4971   			-1.55   		   		
4976   			-2.42   		   		
4982   			-2.29   		   		
4988   			-2.93   		   		
4993   			-1.76   		   		
4999   			-2.63   		   		
5005   			-1.76   		   		
5011   			-1.40   		   		
5016   			-1.98   		   		
5022   			-1.57   		   		
5028   			-2.04   		   		
5034   			-1.92   		   		
5039   			-1.49   		   		
5045   			-1.90   		   		
5051   			-2.77   		   		
5056   			-0.63   		   		
5062   			-0.05   		   		
5068   			-1.20   		   		
5074   			-1.55   		   		
5079   			-1.67   		   		
5085   			-1.73   		   		
5091   			-1.67   		   		
5097   			-1.63   		   		
5102   			-0.82   		   		
5108   			-1.34   		   		
5114   			-2.39   		   		
5119   			-0.82   		   		
5125   			-1.07   		   		
5131   			-1.94   		   		
5137   			-1.71   		   		
5142   			-2.40   		   		
5148   			-1.94   		   		
5154   			-2.48   		   		
5160   			-1.96   		   		
5165   			-1.55   		   		
5171   			-2.25   		   		
5177   			-3.18   		   		
5182   			-1.59   		   		
5188   			-1.53   		   		
5194   			-1.13   		   		
5200   			-1.36   		   		
5205   			-1.13   		   		
5211   			-1.65   		   		
5217   			-0.84   		   		
5223   			-0.95   		   		
5228   			-1.71   		   		
5234   			-2.05   		   		
5240   			-2.37   		   		
5245   			-1.03   		   		
5251   			-2.08   		   		
5257   			-1.15   		   		
5263   			-1.44   		   		
5268   			-1.26   		   		
5274   			-0.68   		   		
5280   			-1.20   		   		
5286   			-1.09   		   		
5291   			-0.97   		   		
5297   			-0.80   		   		
5303   			-0.39   		   		
5308   			-0.68   		   		
5314   			-1.44   		   		
5320   			-1.55   		   		
5326   			-2.02   		   		
5331   			-2.02   		   		
5337   			-1.61   		   		
5343   			-1.26   		   		
5349   			-2.31   		   		
5354   			-1.47   		   		
5360   			-1.18   		   		
5366   			-1.01   		   		
5371   			-1.76   		   		
5377   			-2.00   		   		
5383   			-1.55   		   		
5389   			-1.73   		   		
5394   			-2.02   		   		
5400   			-1.78   		   		
5406   			-0.63   		   		
5412   			-1.45   		   		
5417   			-2.90   		   		
5423   			-1.80   		   		
5429   			-1.45   		   		
5434   			-1.45   		   		
5440   			-1.71   		   		
5446   			-2.46   		   		
5452   			-2.11   		   		
5457   			-3.16   		   		
5463   			-1.94   		   		
5469   			-2.48   		   		
5475   			-2.42   		   		
5480   			-2.37   		   		
5486   			-1.49   		   		
5492   			-3.12   		   		
5497   			-2.05   		   		
5503   			-1.59   		   		
5509   			-1.42   		   		
5515   			-1.24   		   		
5520   			-1.53   		   		
5526   			-1.15   		   		
5532   			-1.96   		   		
5538   			-2.08   		   		
5543   			-1.61   		   		
5549   			-1.49   		   		
5555   			-2.69   		   		
5560   			-2.23   		   		
5566   			-2.11   		   		
5572   			-2.29   		   		
5578   			-2.58   		   		
5583   			-2.93   		   		
5589   			-2.93   		   		
5595   			-4.03   		   		
5600   			-2.23   		   		
5606   			-2.63   		   		
5612   			-2.79   		   		
5618   			-2.32   		   		
5623   			-1.34   		   		
5629   			-1.34   		   		
5635   			-1.51   		   		
5641   			-2.58   		   		
5646   			-1.82   		   		
5652   			-1.76   		   		
5658   			-4.26   		   		
5663   			-2.46   		   		
5669   			-2.98   		   		
5675   			-2.11   		   		
5681   			-2.00   		   		
5686   			-1.65   		   		
5692   			-2.40   		   		
5698   			-2.75   		   		
5704   			-3.22   		   		
5709   			-2.52   		   		
5715   			-2.46   		   		
5721   			-1.94   		   		
5726   			-1.61   		   		
5732   			-2.37   		   		
5738   			-1.84   		   		
5744   			-1.78   		   		
5749   			-2.02   		   		
5755   			-3.04   		   		
5761   			-2.23   		   		
5767   			-1.71   		   		
5772   			-1.88   		   		
5778   			-2.00   		   		
5784   			-1.94   		   		
5789   			-1.47   		   		
5795   			-2.29   		   		
5801   			-1.24   		   		
5807   			-0.43   		   		
5812   			-1.18   		   		
5818   			-1.82   		   		
5824   			-0.78   		   		
5830   			-1.76   		   		
5835   			-2.11   		   		
5841   			-0.45   		   		
5847   			-0.80   		   		
5852   			-1.55   		   		
5858   			-1.44   		   		
5864   			-1.32   		   		
5870   			-0.97   		   		
5875   			-0.97   		   		
5881   			-1.55   		   		
5887   			-0.97   		   		
5893   			-1.61   		   		
5898   			-1.75   		   		
5904   			-1.63   		   		
5910   			-1.81   		   		
5915   			-2.04   		   		
5921   			-1.05   		   		
5927   			-0.57   		   		
5933   			-0.57   		   		
5938   			-0.80   		   		
5944   			-1.15   		   		
5950   			-1.15   		   		
5956   			-1.61   		   		
5961   			-0.74   		   		
5967   			-0.86   		   		
5973   			-1.44   		   		
5978   			-1.32   		   		
5984   			-0.86   		   		
5990   			-1.20   		   		
5996   			-1.67   		   		
6001   			-1.03   		   		
6007   			-1.03   		   		
6013   			-0.41   		   		
6019   			0.17   		   		
6024   			0.86   		   		
6030   			-0.18   		   		
6036   			-0.93   		   		
6041   			0.30   		   		
6047   			-0.39   		   		
6053   			-1.03   		   		
6059   			-0.39   		   		
6064   			-0.45   		   		
6070   			-0.34   		   		
6076   			-0.22   		   		
6082   			0.48   		   		
6087   			-0.22   		   		
6093   			0.53   		   		
6099   			0.07   		   		
6104   			-0.10   		   		
6110   			-0.39   		   		
6116   			0.07   		   		
6122   			-0.51   		   		
6127   			-0.63   		   		
6133   			-0.28   		   		
6139   			-2.60   		   		
6144   			-1.15   		   		
6150   			-1.03   		   		
6156   			0.17   		   		
6162   			0.05   		   		
6167   			0.40   		   		
6173   			0.11   		   		
6179   			0.29   		   		
6185   			0.13   		   		
6190   			0.59   		   		
6196   			0.53   		   		
6202   			-1.44   		   		
6207   			0.59   		   		
6213   			0.07   		   		
6219   			0.59   		   		
6225   			0.48   		   		
6230   			0.53   		   		
6236   			0.82   		   		
6242   			1.13   		   		
6248   			1.48   		   		
6253   			1.42   		   		
6259   			1.77   		   		
6265   			1.48   		   		
6270   			1.23   		   		
6276   			0.82   		   		
6282   			1.81   		   		
6288   			2.04   		   		
6293   			1.75   		   		
6299   			2.02   		   		
6305   			1.85   		   		
6311   			2.08   		   		
6316   			1.62   		   		
6322   			2.31   		   		
6328   			1.98   		   		
6333   			2.21   		   		
6339   			2.67   		   		
6345   			1.92   		   		
6351   			3.19   		   		
6356   			2.21   		   		
6362   			1.98   		   		
6368   			2.21   		   		
6374   			2.44   		   		
6379   			2.85   		   		
6385   			2.04   		   		
6391   			2.67   		   		
6396   			2.61   		   		
6402   			2.27   		   		
6408   			2.09   		   		
6414   			2.77   		   		
6419   			2.08   		   		
6425   			3.23   		   		
6431   			1.91   		   		
6437   			2.08   		   		
6442   			3.08   		   		
6448   			2.56   		   		
6454   			2.67   		   		
6459   			3.65   		   		
6465   			2.61   		   		
6471   			2.50   		   		
6477   			2.09   		   		
6482   			2.27   		   		
6488   			2.27   		   		
6494   			2.61   		   		
6499   			2.15   		   		
6505   			2.44   		   		
6511   			1.63   		   		
6517   			2.56   		   		
6522   			2.21   		   		
6528   			2.15   		   		
6534   			3.31   		   		
6540   			2.96   		   		
6545   			3.65   		   		
6551   			3.71   		   		
6557   			1.86   		   		
6562   			4.06   		   		
6568   			3.31   		   		
6574   			2.96   		   		
6580   			3.88   		   		
6585   			5.06   		   		
6591   			3.33   		   		
6597   			2.64   		   		
6603   			3.96   		   		
6608   			4.48   		   		
6614   			3.54   		   		
6620   			4.81   		   		
6625   			4.46   		   		
6631   			4.17   		   		
6637   			4.17   		   		
6643   			4.83   		   		
6648   			4.19   		   		
6654   			4.88   		   		
6660   			4.65   		   		
6666   			5.23   		   		
6671   			4.81   		   		
6677   			4.92   		   		
6683   			4.81   		   		
6688   			5.27   		   		
6694   			4.92   		   		
6700   			4.52   		   		
6706   			5.38   		   		
6711   			5.15   		   		
6717   			5.27   		   		
6723   			5.84   		   		
6729   			4.98   		   		
6734   			5.38   		   		
6740   			6.02   		   		
6746   			6.30   		   		
6751   			5.78   		   		
6757   			5.06   		   		
6763   			5.40   		   		
6769   			5.29   		   		
6774   			5.40   		   		
6780   			5.58   		   		
6786   			5.50   		   		
6792   			6.65   		   		
6797   			6.36   		   		
6803   			5.38   		   		
6809   			5.73   		   		
6814   			5.96   		   		
6820   			6.71   		   		
6826   			5.61   		   		
6832   			6.19   		   		
6837   			5.73   		   		
6843   			6.02   		   		
6849   			5.50   		   		
6855   			6.07   		   		
6860   			6.25   		   		
6866   			5.90   		   		
6872   			6.55   		   		
6877   			5.35   		   		
6883   			7.01   		   		
6889   			6.61   		   		
6895   			7.13   		   		
6900   			6.71   		   		
6906   			7.11   		   		
6912   			7.91   		   		
6918   			7.62   		   		
6923   			8.77   		   		
6929   			7.68   		   		
6935   			6.71   		   		
6940   			6.19   		   		
6946   			6.99   		   		
6952   			6.99   		   		
6958   			6.90   		   		
6963   			6.44   		   		
6969   			7.30   		   		
6975   			6.67   		   		
6981   			6.61   		   		
6986   			5.92   		   		
6992   			6.44   		   		
6998   			7.53   		   		
7003   			7.07   		   		
7009   			7.13   		   		
7015   			8.39   		   		
7021   			7.88   		   		
7026   			7.76   		   		
7032   			7.53   		   		
7038   			6.84   		   		
7044   			6.99   		   		
7049   			7.91   		   		
7055   			7.22   		   		
7061   			7.34   		   		
7066   			7.39   		   		
7072   			7.88   		   		
7078   			7.99   		   		
7084   			8.10   		   		
7089   			7.88   		   		
7095   			8.22   		   		
7101   			8.62   		   		
7107   			8.05   		   		
7112   			7.59   		   		
7118   			7.59   		   		
7124   			7.59   		   		
7129   			7.34   		   		
7135   			7.74   		   		
7141   			7.62   		   		
7147   			8.43   		   		
7152   			7.74   		   		
7158   			7.62   		   		
7164   			7.91   		   		
7170   			8.66   		   		
7175   			8.66   		   		
7181   			8.94   		   		
7187   			8.26   		   		
7192   			8.43   		   		
7198   			9.17   		   		
7204   			8.26   		   		
7210   			7.85   		   		
7215   			8.43   		   		
7221   			8.31   		   		
7227   			8.26   		   		
7233   			8.71   		   		
7238   			8.83   		   		
7244   			9.35   		   		
7250   			8.66   		   		
7255   			8.89   		   		
7261   			8.03   		   		
7267   			7.85   		   		
7273   			7.66   		   		
7278   			8.58   		   		
7284   			8.52   		   		
7290   			8.35   		   		
7296   			7.55   		   		
7301   			8.18   		   		
7307   			8.35   		   		
7313   			7.83   		   		
7318   			7.55   		   		
7324   			6.97   		   		
7330   			7.72   		   		
7336   			7.49   		   		
7341   			6.86   		   		
7347   			7.78   		   		
7353   			7.37   		   		
7359   			7.45   		   		
7364   			8.08   		   		
7370   			7.28   		   		
7376   			8.14   		   		
7381   			6.94   		   		
7387   			8.26   		   		
7393   			7.85   		   		
7399   			7.34   		   		
7404   			7.85   		   		
7410   			7.97   		   		
7416   			7.80   		   		
7421   			7.85   		   		
7427   			7.22   		   		
7433   			7.91   		   		
7439   			7.51   		   		
7444   			7.13   		   		
7450   			7.65   		   		
7456   			7.07   		   		
7462   			7.36   		   		
7467   			7.24   		   		
7473   			7.68   		   		
7479   			5.96   		   		
7484   			7.28   		   		
7490   			7.34   		   		
7496   			7.85   		   		
7502   			7.97   		   		
7507   			8.54   		   		
7513   			7.74   		   		
7519   			7.16   		   		
7525   			7.28   		   		
7530   			7.88   		   		
7536   			7.93   		   		
7542   			5.58   		   		
7547   			7.70   		   		
7553   			7.99   		   		
7559   			8.20   		   		
7565   			6.99   		   		
7570   			8.20   		   		
7576   			8.20   		   		
7582   			7.97   		   		
7588   			7.80   		   		
7593   			7.85   		   		
7599   			7.91   		   		
7605   			5.32   		   		
7610   			7.57   		   		
7616   			7.45   		   		
7622   			7.85   		   		
7628   			8.14   		   		
7633   			8.77   		   		
7639   			7.97   		   		
7645   			8.26   		   		
7651   			8.66   		   		
7656   			7.68   		   		
7662   			8.03   		   		
7668   			7.16   		   		
7673   			7.05   		   		
7679   			7.22   		   		
7685   			8.03   		   		
7691   			7.85   		   		
7696   			7.85   		   		
7702   			8.08   		   		
7708   			8.94   		   		
7714   			7.74   		   		
7719   			7.57   		   		
7725   			8.37   		   		
7731   			7.65   		   		
7736   			8.28   		   		
7742   			7.65   		   		
7748   			6.78   		   		
7754   			7.19   		   		
7759   			7.68   		   		
7765   			7.51   		   		
7771   			6.82   		   		
7777   			7.91   		   		
7782   			7.39   		   		
7788   			6.99   		   		
7794   			7.11   		   		
7799   			7.11   		   		
7805   			7.62   		   		
7811   			8.08   		   		
7817   			8.07   		   		
7822   			7.61   		   		
7828   			7.15   		   		
7834   			7.26   		   		
7840   			7.21   		   		
7845   			6.90   		   		
7851   			7.47   		   		
7857   			7.07   		   		
7862   			7.82   		   		
7868   			7.53   		   		
7874   			7.68   		   		
7880   			7.51   		   		
7885   			7.45   		   		
7891   			7.91   		   		
7897   			7.74   		   		
7903   			7.85   		   		
7908   			7.57   		   		
7914   			7.62   		   		
7920   			7.34   		   		
7925   			7.11   		   		
7931   			7.24   		   		
7937   			7.19   		   		
7943   			7.19   		   		
7948   			7.93   		   		
7954   			7.65   		   		
7960   			7.01   		   		
7966   			6.96   		   		
7971   			6.96   		   		
7977   			7.59   		   		
7983   			7.42   		   		
7988   			6.99   		   		
7994   			7.28   		   		
8000   			6.94   		   		
8006   			6.36   		   		
8011   			7.11   		   		
8017   			7.51   		   		
8023   			8.26   		   		
8029   			7.39   		   		
8034   			8.31   		   		
8040   			7.80   		   		
8046   			7.88   		   		
8051   			7.76   		   		
8057   			8.10   		   		
8063   			7.36   		   		
8069   			7.93   		   		
8074   			7.93   		   		
8080   			7.65   		   		
8086   			7.24   		   		
8092   			8.10   		   		
8097   			7.07   		   		
8103   			7.68   		   		
8109   			7.62   		   		
8114   			6.76   		   		
8120   			7.34   		   		
8126   			7.16   		   		
8132   			7.70   		   		
8137   			7.99   		   		
8143   			7.42   		   		
8149   			7.47   		   		
8155   			7.07   		   		
8160   			7.34   		   		
8166   			7.62   		   		
8172   			6.76   		   		
8177   			6.99   		   		
8183   			7.57   		   		
8189   			7.95   		   		
8195   			7.38   		   		
8200   			6.75   		   		
8206   			7.03   		   		
8212   			5.65   		   		
8217   			8.39   		   		
8223   			6.32   		   		
8229   			8.05   		   		
8235   			6.78   		   		
8240   			7.88   		   		
8246   			7.74   		   		
8252   			8.14   		   		
8258   			7.28   		   		
8263   			7.28   		   		
8269   			6.99   		   		
8275   			5.61   		   		
8280   			8.08   		   		
8286   			7.74   		   		
8292   			8.26   		   		
8298   			7.85   		   		
8303   			7.45   		   		
8309   			7.39   		   		
8315   			7.11   		   		
8321   			7.51   		   		
8326   			8.08   		   		
8332   			7.97   		   		
8338   			5.78   		   		
8343   			8.08   		   		
8349   			8.77   		   		
8355   			9.23   		   		
8361   			9.08   		   		
8366   			8.68   		   		
8372   			8.97   		   		
8378   			8.22   		   		
8384   			8.10   		   		
8389   			8.71   		   		
8395   			7.62   		   		
8401   			8.37   		   		
8406   			7.45   		   		
8412   			8.37   		   		
8418   			8.16   		   		
8424   			8.33   		   		
8429   			7.76   		   		
8435   			8.22   		   		
8441   			7.99   		   		
8447   			8.94   		   		
8452   			8.49   		   		
8458   			8.66   		   		
8464   			8.66   		   		
8469   			8.54   		   		
8475   			8.22   		   		
8481   			9.42   		   		
8487   			8.39   		   		
8492   			7.47   		   		
8498   			8.10   		   		
8504   			8.91   		   		
8510   			7.65   		   		
8515   			7.82   		   		
8521   			7.36   		   		
8527   			8.39   		   		
8532   			8.20   		   		
8538   			7.57   		   		
8544   			8.94   		   		
8550   			7.51   		   		
8555   			6.88   		   		
8561   			7.55   		   		
8567   			7.72   		   		
8573   			8.01   		   		
8578   			8.98   		   		
8584   			7.66   		   		
8590   			8.06   		   		
8595   			7.14   		   		
8601   			8.69   		   		
8607   			8.64   		   		
8613   			7.26   		   		
8618   			9.62   		   		
8624   			8.30   		   		
8630   			8.53   		   		
8636   			8.53   		   		
8641   			8.07   		   		
8647   			8.33   		   		
8653   			8.97   		   		
8658   			8.97   		   		
8664   			8.79   		   		
8670   			8.28   		   		
8676   			7.80   		   		
8681   			7.51   		   		
8687   			7.62   		   		
8693   			7.80   		   		
8699   			7.45   		   		
8704   			8.39   		   		
8710   			7.88   		   		
8716   			8.28   		   		
8721   			8.16   		   		
8727   			8.10   		   		
8733   			8.22   		   		
8739   			8.39   		   		
8744   			7.76   		   		
8750   			8.28   		   		
8756   			8.16   		   		
8762   			8.45   		   		
8767   			7.53   		   		
8773   			7.99   		   		
8779   			7.65   		   		
8784   			8.62   		   		
8790   			7.93   		   		
8796   			7.76   		   		
8802   			7.88   		   		
8807   			8.22   		   		
8813   			8.97   		   		
8819   			8.28   		   		
8825   			8.16   		   		
8830   			7.76   		   		
8836   			7.65   		   		
8842   			7.36   		   		
8847   			7.51   		   		
8853   			8.31   		   		
8859   			8.71   		   		
8865   			7.97   		   		
8870   			8.66   		   		
8876   			8.54   		   		
8882   			8.66   		   		
8888   			8.26   		   		
8893   			8.31   		   		
8899   			8.83   		   		
8905   			7.93   		   		
8910   			8.62   		   		
8916   			8.74   		   		
8922   			8.33   		   		
8928   			7.65   		   		
8933   			7.97   		   		
8939   			7.74   		   		
8945   			6.59   		   		
8951   			8.03   		   		
8956   			7.68   		   		
8962   			8.68   		   		
8968   			7.93   		   		
8973   			7.99   		   		
8979   			7.70   		   		
8985   			8.51   		   		
8991   			8.81   		   		
8996   			7.84   		   		
9002   			7.90   		   		
9008   			6.34   		   		
9013   			7.38   		   		
9019   			6.80   		   		
9025   			8.30   		   		
9031   			7.90   		   		
9036   			8.30   		   		
9042   			7.38   		   		
9048   			6.73   		   		
9054   			7.82   		   		
9059   			7.36   		   		
9065   			7.36   		   		
9071   			5.63   		   		
9076   			7.26   		   		
9082   			8.01   		   		
9088   			7.37   		   		
9094   			7.49   		   		
9099   			7.60   		   		
9105   			7.55   		   		
9111   			7.55   		   		
9117   			6.45   		   		
9122   			7.78   		   		
9128   			7.89   		   		
9134   			6.63   		   		
9139   			8.12   		   		
9145   			7.49   		   		
9151   			7.83   		   		
9157   			8.92   		   		
9162   			8.36   		   		
9168   			8.64   		   		
9174   			8.30   		   		
9180   			8.76   		   		
9185   			8.07   		   		
9191   			8.30   		   		
9197   			6.86   		   		
9202   			8.13   		   		
9208   			8.47   		   		
9214   			7.61   		   		
9220   			8.01   		   		
9225   			8.58   		   		
9231   			7.78   		   		
9237   			8.35   		   		
9243   			7.03   		   		
9248   			7.70   		   		
9254   			7.59   		   		
9260   			8.74   		   		
9265   			7.36   		   		
9271   			7.42   		   		
9277   			7.39   		   		
9283   			8.08   		   		
9288   			7.34   		   		
9294   			7.68   		   		
9300   			8.14   		   		
9306   			7.36   		   		
9311   			7.93   		   		
9317   			7.99   		   		
9323   			8.05   		   		
9328   			7.88   		   		
9334   			7.16   		   		
9340   			8.49   		   		
9346   			8.14   		   		
9351   			8.71   		   		
9357   			9.63   		   		
9363   			9.77   		   		
9369   			9.37   		   		
9374   			9.37   		   		
9380   			7.76   		   		
9386   			8.10   		   		
9391   			7.59   		   		
9397   			8.05   		   		
9403   			7.59   		   		
9409   			7.59   		   		
9414   			6.96   		   		
9420   			7.26   		   		
9426   			7.09   		   		
9432   			6.51   		   		
9437   			6.34   		   		
9443   			6.86   		   		
9449   			6.30   		   		
9454   			6.59   		   		
9460   			6.99   		   		
9466   			7.62   		   		
9472   			7.16   		   		
9477   			7.11   		   		
9483   			7.45   		   		
9489   			6.76   		   		
9495   			7.34   		   		
9500   			7.34   		   		
9506   			6.34   		   		
9512   			6.63   		   		
9517   			6.40   		   		
9523   			7.55   		   		
9529   			7.60   		   		
9535   			7.80   		   		
9540   			7.91   		   		
9546   			8.31   		   		
9552   			7.74   		   		
9558   			8.26   		   		
9563   			7.51   		   		
9569   			9.35   		   		
9575   			7.62   		   		
9580   			7.80   		   		
9586   			8.26   		   		
9592   			8.74   		   		
9598   			8.56   		   		
9603   			8.74   		   		
9609   			7.47   		   		
9615   			6.44   		   		
9620   			7.07   		   		
9626   			7.59   		   		
9632   			8.05   		   		
9638   			8.10   		   		
9643   			8.05   		   		
9649   			7.34   		   		
9655   			7.45   		   		
9661   			7.57   		   		
9666   			7.80   		   		
9672   			8.89   		   		
9678   			6.44   		   		
9683   			8.16   		   		
9689   			7.93   		   		
9695   			8.56   		   		
9701   			8.91   		   		
9706   			8.26   		   		
9712   			8.49   		   		
9718   			7.85   		   		
9724   			7.91   		   		
9729   			7.68   		   		
9735   			7.05   		   		
9741   			6.99   		   		
9746   			7.97   		   		
9752   			8.14   		   		
9758   			8.26   		   		
9764   			8.14   		   		
9769   			7.85   		   		
9775   			7.91   		   		
9781   			7.11   		   		
9787   			7.22   		   		
9792   			7.28   		   		
9798   			7.11   		   		
9804   			7.16   		   		
9809   			7.68   		   		
9815   			7.16   		   		
9821   			7.07   		   		
9827   			7.01   		   		
9832   			7.36   		   		
9838   			7.70   		   		
9844   			7.24   		   		
9850   			7.78   		   		
9855   			8.07   		   		
9861   			7.55   		   		
9867   			7.21   		   		
9872   			8.53   		   		
9878   			7.89   		   		
9884   			8.06   		   		
9890   			8.58   		   		
9895   			7.72   		   		
9901   			7.43   		   		
9907   			8.35   		   		
9913   			8.41   		   		
9918   			7.89   		   		
9924   			7.26   		   		
9930   			8.06   		   		
9935   			7.65   		   		
9941   			8.05   		   		
9947   			8.22   		   		
9953   			8.51   		   		
9958   			7.76   		   		
9964   			7.82   		   		
9970   			6.50   		   		
9976   			7.82   		   		
9981   			7.70   		   		
9987   			7.53   		   		
9993   			7.34   		   		
9998   			7.45   		   		
10004   			7.68   		   		
10010   			8.89   		   		
10016   			8.14   		   		
10021   			7.82   		   		
10027   			7.88   		   		
10033   			8.28   		   		
10039   			8.22   		   		
10044   			7.88   		   		
10050   			8.33   		   		
10056   			8.33   		   		
10061   			8.10   		   		
10067   			7.65   		   		
10073   			8.28   		   		
10079   			8.39   		   		
10084   			8.28   		   		
10090   			7.65   		   		
10096   			7.47   		   		
10102   			7.99   		   		
10107   			7.82   		   		
10113   			7.82   		   		
10119   			8.45   		   		
10124   			8.05   		   		
10130   			7.59   		   		
10136   			8.16   		   		
10142   			7.93   		   		
10147   			7.19   		   		
10153   			7.30   		   		
10159   			6.38   		   		
10164   			7.80   		   		
10170   			8.49   		   		
10176   			8.03   		   		
10182   			8.49   		   		
10187   			7.97   		   		
10193   			8.46   		   		
10199   			8.29   		   		
10205   			7.26   		   		
10210   			7.26   		   		
10216   			7.20   		   		
10222   			5.98   		   		
10227   			7.13   		   		
10233   			7.53   		   		
10239   			7.42   		   		
10245   			7.65   		   		
10250   			7.91   		   		
10256   			7.34   		   		
10262   			7.62   		   		
10268   			7.57   		   		
10273   			7.45   		   		
10279   			7.34   		   		
10285   			6.13   		   		
10290   			7.51   		   		
10296   			7.97   		   		
10302   			7.51   		   		
10308   			7.68   		   		
10313   			7.22   		   		
10319   			7.57   		   		
10325   			7.22   		   		
10331   			6.94   		   		
10336   			7.74   		   		
10342   			7.39   		   		
10348   			6.19   		   		
10353   			8.14   		   		
10359   			7.97   		   		
10365   			7.68   		   		
10371   			8.14   		   		
10376   			8.26   		   		
10382   			8.31   		   		
10388   			7.97   		   		
10394   			7.39   		   		
10399   			7.85   		   		
10405   			8.20   		   		
10411   			6.48   		   		
10416   			8.54   		   		
10422   			8.30   		   		
10428   			7.72   		   		
10434   			7.90   		   		
10439   			7.61   		   		
10445   			7.44   		   		
10451   			7.22   		   		
10457   			7.34   		   		
10462   			8.08   		   		
10468   			6.88   		   		
10474   			5.67   		   		
10479   			8.68   		   		
10485   			8.10   		   		
10491   			8.33   		   		
10497   			7.93   		   		
10502   			8.05   		   		
10508   			7.13   		   		
10514   			6.90   		   		
10520   			6.78   		   		
10525   			7.36   		   		
10531   			7.47   		   		
10537   			5.04   		   		
10542   			7.57   		   		
10548   			8.14   		   		
10554   			7.16   		   		
10560   			8.03   		   		
10565   			6.57   		   		
10571   			7.44   		   		
10577   			7.84   		   		
10583   			8.36   		   		
10588   			7.78   		   		
10594   			8.51   		   		
10600   			7.99   		   		
10605   			8.45   		   		
10611   			8.05   		   		
10617   			7.99   		   		
10623   			7.19   		   		
10628   			8.56   		   		
10634   			8.62   		   		
10640   			7.76   		   		
10646   			7.24   		   		
10651   			7.19   		   		
10657   			8.28   		   		
10663   			7.19   		   		
10668   			7.19   		   		
10674   			7.36   		   		
10680   			8.14   		   		
10686   			8.37   		   		
10691   			8.03   		   		
10697   			7.74   		   		
10703   			7.51   		   		
10709   			8.18   		   		
10714   			7.72   		   		
10720   			7.67   		   		
10726   			7.67   		   		
10731   			8.13   		   		
10737   			7.99   		   		
10743   			7.47   		   		
10749   			7.59   		   		
10754   			7.65   		   		
10760   			8.05   		   		
10766   			7.30   		   		
10772   			7.76   		   		
10777   			7.70   		   		
10783   			7.93   		   		
10789   			8.16   		   		
10794   			7.65   		   		
10800   			7.36   		   		
10806   			7.42   		   		
10812   			7.47   		   		
10817   			8.05   		   		
10823   			7.01   		   		
10829   			7.07   		   		
10835   			6.96   		   		
10840   			7.07   		   		
10846   			7.59   		   		
10852   			7.44   		   		
10857   			7.61   		   		
10863   			7.95   		   		
10869   			7.03   		   		
10875   			7.90   		   		
10880   			7.07   		   		
10886   			7.65   		   		
10892   			6.90   		   		
10898   			7.36   		   		
10903   			7.24   		   		
10909   			7.07   		   		
10915   			6.55   		   		
10920   			6.90   		   		
10926   			6.96   		   		
10932   			7.36   		   		
10938   			8.49   		   		
10943   			7.85   		   		
10949   			7.74   		   		
10955   			7.62   		   		
10961   			7.51   		   		
10966   			7.82   		   		
10972   			7.53   		   		
10978   			7.82   		   		
10983   			7.13   		   		
10989   			7.42   		   		
10995   			6.27   		   		
11001   			6.50   		   		
11006   			7.36   		   		
11012   			7.24   		   		
11018   			7.59   		   		
11024   			6.99   		   		
11029   			7.22   		   		
11035   			7.39   		   		
11041   			7.62   		   		
11046   			7.62   		   		
11052   			6.94   		   		
11058   			7.34   		   		
11064   			7.74   		   		
11069   			7.85   		   		
11075   			7.80   		   		
11081   			8.14   		   		
11087   			8.08   		   		
11092   			7.51   		   		
11098   			7.85   		   		
11104   			6.65   		   		
11109   			8.07   		   		
11115   			8.13   		   		
11121   			7.95   		   		
11127   			7.55   		   		
11132   			7.38   		   		
11138   			7.76   		   		
11144   			8.16   		   		
11150   			7.59   		   		
11155   			7.65   		   		
11161   			8.10   		   		
11167   			8.33   		   		
11172   			6.90   		   		
11178   			7.07   		   		
11184   			7.19   		   		
11190   			6.61   		   		
11195   			7.11   		   		
11201   			7.45   		   		
11207   			6.88   		   		
11213   			6.94   		   		
11218   			6.59   		   		
11224   			7.24   		   		
11230   			7.42   		   		
11235   			6.96   		   		
11241   			7.42   		   		
11247   			7.70   		   		
11253   			6.94   		   		
11258   			8.09   		   		
11264   			7.46   		   		
11270   			7.11   		   		
11276   			7.40   		   		
11281   			8.08   		   		
11287   			8.20   		   		
11293   			8.14   		   		
11298   			8.08   		   		
11304   			7.11   		   		
11310   			7.36   		   		
11316   			7.47   		   		
11321   			7.65   		   		
11327   			7.36   		   		
11333   			7.65   		   		
11339   			7.82   		   		
11344   			8.16   		   		
11350   			7.59   		   		
11356   			7.47   		   		
11361   			7.07   		   		
11367   			6.55   		   		
11373   			6.50   		   		
11379   			6.73   		   		
11384   			6.96   		   		
11390   			7.36   		   		
11396   			7.05   		   		
11402   			7.91   		   		
11407   			7.28   		   		
11413   			6.94   		   		
11419   			7.68   		   		
11424   			7.59   		   		
11430   			8.16   		   		
11436   			7.76   		   		
11442   			7.65   		   		
11447   			7.30   		   		
11453   			7.74   		   		
11459   			7.45   		   		
11465   			8.08   		   		
11470   			7.57   		   		
11476   			8.20   		   		
11482   			8.14   		   		
11487   			7.39   		   		
11493   			7.97   		   		
11499   			8.26   		   		
11505   			9.00   		   		
11510   			8.13   		   		
11516   			7.95   		   		
11522   			7.44   		   		
11528   			7.49   		   		
11533   			8.36   		   		
11539   			7.22   		   		
11545   			7.16   		   		
11550   			8.08   		   		
11556   			7.68   		   		
11562   			7.28   		   		
11568   			7.45   		   		
11573   			7.74   		   		
11579   			8.14   		   		
11585   			7.16   		   		
11591   			6.94   		   		
11596   			7.59   		   		
11602   			7.01   		   		
11608   			7.13   		   		
11613   			7.53   		   		
11619   			7.13   		   		
11625   			6.73   		   		
11631   			7.01   		   		
11636   			7.47   		   		
11642   			8.51   		   		
11648   			6.73   		   		
11653   			7.80   		   		
11659   			7.80   		   		
11665   			7.51   		   		
11671   			7.51   		   		
11676   			6.94   		   		
11682   			6.94   		   		
11688   			6.53   		   		
11694   			6.94   		   		
11699   			7.28   		   		
11705   			6.82   		   		
11711   			6.19   		   		
11716   			7.28   		   		
11722   			7.11   		   		
11728   			7.22   		   		
11734   			7.22   		   		
11739   			8.35   		   		
11745   			7.95   		   		
11751   			7.37   		   		
11757   			7.32   		   		
11762   			7.72   		   		
11768   			8.49   		   		
11774   			7.39   		   		
11779   			7.74   		   		
11785   			8.03   		   		
11791   			8.37   		   		
11797   			8.10   		   		
11802   			8.05   		   		
11808   			7.93   		   		
11814   			7.99   		   		
11820   			7.88   		   		
11825   			8.20   		   		
11831   			7.97   		   		
11837   			7.57   		   		
11842   			7.68   		   		
11848   			7.91   		   		
11854   			7.82   		   		
11860   			7.99   		   		
11865   			7.82   		   		
11871   			8.05   		   		
11877   			7.30   		   		
11883   			7.76   		   		
11888   			6.73   		   		
11894   			8.33   		   		
11900   			7.65   		   		
11905   			7.30   		   		
11911   			7.89   		   		
11917   			8.52   		   		
11923   			8.01   		   		
11928   			7.78   		   		
11934   			7.55   		   		
11940   			7.85   		   		
11946   			8.66   		   		
11951   			7.97   		   		
11957   			8.14   		   		
11963   			7.74   		   		
11968   			7.11   		   		
11974   			8.14   		   		
11980   			8.83   		   		
11986   			8.03   		   		
11991   			7.80   		   		
11997   			7.76   		   		
12003   			8.62   		   		
12009   			8.28   		   		
12014   			8.91   		   		
12020   			8.91   		   		
12026   			8.45   		   		
12031   			7.88   		   		
12037   			9.37   		   		
12043   			7.82   		   		
12049   			8.45   		   		
12054   			7.85   		   		
12060   			8.26   		   		
12066   			8.14   		   		
12072   			7.97   		   		
12077   			8.49   		   		
12083   			7.93   		   		
12089   			8.45   		   		
12094   			8.33   		   		
12100   			8.45   		   		
12106   			8.39   		   		
12112   			8.14   		   		
12117   			8.03   		   		
12123   			8.37   		   		
12129   			8.08   		   		
12135   			7.22   		   		
12140   			8.33   		   		
12146   			8.28   		   		
12152   			8.28   		   		
12157   			8.05   		   		
12163   			8.05   		   		
12169   			7.89   		   		
12175   			7.32   		   		
12180   			8.35   		   		
12186   			8.29   		   		
12192   			6.05   		   		
12197   			7.43   		   		
12203   			7.49   		   		
12209   			8.01   		   		
12215   			8.01   		   		
12220   			8.75   		   		
12226   			8.58   		   		
12232   			8.01   		   		
12238   			7.83   		   		
12243   			7.20   		   		
12249   			7.14   		   		
12255   			6.61   		   		
12260   			7.24   		   		
12266   			8.10   		   		
12272   			8.10   		   		
12278   			7.88   		   		
12283   			7.53   		   		
12289   			7.82   		   		
12295   			7.53   		   		
12301   			7.47   		   		
12306   			8.10   		   		
12312   			8.71   		   		
12318   			7.16   		   		
12323   			7.39   		   		
12329   			7.16   		   		
12335   			7.05   		   		
12341   			7.37   		   		
12346   			7.60   		   		
12352   			7.20   		   		
12358   			6.91   		   		
12364   			7.03   		   		
12369   			7.61   		   		
12375   			7.49   		   		
12381   			7.84   		   		
12386   			7.84   		   		
12392   			7.21   		   		
12398   			7.34   		   		
12404   			7.22   		   		
12409   			7.05   		   		
12415   			7.51   		   		
12421   			7.45   		   		
12427   			7.37   		   		
12432   			7.66   		   		
12438   			7.32   		   		
12444   			6.51   		   		
12449   			7.66   		   		
12455   			7.36   		   		
12461   			7.82   		   		
12467   			7.70   		   		
12472   			7.59   		   		
12478   			8.45   		   		
12484   			8.08   		   		
12490   			8.26   		   		
12495   			7.62   		   		
12501   			8.14   		   		
12507   			7.34   		   		
12512   			7.72   		   		
12518   			8.13   		   		
12524   			7.55   		   		
12530   			7.38   		   		
12535   			7.32   		   		
12541   			7.74   		   		
12547   			7.80   		   		
12553   			7.51   		   		
12558   			7.28   		   		
12564   			7.51   		   		
12570   			7.39   		   		
12575   			8.14   		   		
12581   			8.66   		   		
12587   			8.49   		   		
12593   			8.83   		   		
12598   			8.28   		   		
12604   			8.28   		   		
12610   			8.22   		   		
12616   			8.51   		   		
12621   			7.65   		   		
12627   			8.33   		   		
12633   			7.30   		   		
12638   			8.16   		   		
12644   			7.76   		   		
12650   			7.47   		   		
12656   			7.42   		   		
12661   			7.53   		   		
12667   			7.07   		   		
12673   			7.53   		   		
12679   			8.33   		   		
12684   			8.45   		   		
12690   			7.53   		   		
12696   			7.82   		   		
12701   			8.68   		   		
12707   			8.33   		   		
12713   			8.26   		   		
12719   			7.85   		   		
12724   			7.39   		   		
12730   			7.74   		   		
12736   			8.03   		   		
12742   			8.08   		   		
12747   			7.34   		   		
12753   			7.97   		   		
12759   			8.20   		   		
12764   			8.08   		   		
12770   			7.61   		   		
12776   			7.61   		   		
12782   			8.18   		   		
12787   			7.72   		   		
12793   			7.78   		   		
12799   			7.20   		   		
12805   			6.57   		   		
12810   			7.60   		   		
12816   			7.37   		   		
12822   			7.20   		   		
12827   			7.36   		   		
12833   			7.13   		   		
12839   			7.47   		   		
12845   			6.90   		   		
12850   			7.53   		   		
12856   			6.96   		   		
12862   			6.15   		   		
12868   			7.07   		   		
12873   			7.65   		   		
12879   			7.01   		   		
12885   			6.78   		   		
12890   			6.84   		   		
12896   			6.44   		   		
12902   			6.27   		   		
12908   			6.96   		   		
12913   			6.55   		   		
12919   			7.76   		   		
12925   			6.96   		   		
12931   			6.61   		   		
12936   			7.70   		   		
12942   			7.22   		   		
12948   			7.39   		   		
12953   			7.22   		   		
12959   			7.28   		   		
12965   			6.82   		   		
12971   			7.37   		   		
12976   			6.74   		   		
12982   			6.68   		   		
12988   			6.17   		   		
12994   			7.37   		   		
12999   			6.88   		   		
13005   			7.16   		   		
13011   			6.42   		   		
13016   			7.39   		   		
13022   			6.94   		   		
13028   			7.68   		   		
13034   			6.76   		   		
13039   			7.51   		   		
13045   			7.22   		   		
13051   			7.80   		   		
13057   			6.94   		   		
13062   			6.59   		   		
13068   			6.59   		   		
13074   			6.07   		   		
13079   			7.22   		   		
13085   			6.84   		   		
13091   			7.13   		   		
13097   			7.99   		   		
13102   			8.16   		   		
13108   			7.53   		   		
13114   			7.88   		   		
13120   			7.76   		   		
13125   			6.78   		   		
13131   			6.96   		   		
13137   			7.76   		   		
13142   			7.24   		   		
13148   			7.30   		   		
13154   			7.76   		   		
13160   			7.24   		   		
13165   			7.76   		   		
13171   			7.28   		   		
13177   			5.96   		   		
13182   			7.28   		   		
13188   			7.74   		   		
13194   			7.68   		   		
13200   			6.48   		   		
13205   			7.28   		   		
13211   			7.34   		   		
13217   			7.62   		   		
13223   			7.45   		   		
13228   			6.99   		   		
13234   			6.99   		   		
13240   			6.30   		   		
13245   			7.45   		   		
13251   			6.94   		   		
13257   			6.82   		   		
13263   			7.45   		   		
13268   			6.99   		   		
13274   			6.13   		   		
13280   			6.94   		   		
13286   			7.42   		   		
13291   			7.82   		   		
13297   			6.67   		   		
13303   			7.59   		   		
13308   			7.36   		   		
13314   			7.91   		   		
13320   			7.39   		   		
13326   			7.80   		   		
13331   			7.22   		   		
13337   			7.68   		   		
13343   			7.59   		   		
13349   			7.99   		   		
13354   			7.65   		   		
13360   			7.53   		   		
13366   			8.10   		   		
13371   			8.22   		   		
13377   			8.33   		   		
13383   			7.30   		   		
13389   			7.93   		   		
13394   			7.88   		   		
13400   			7.11   		   		
13406   			7.68   		   		
13412   			7.62   		   		
13417   			7.28   		   		
13423   			7.68   		   		
13429   			7.05   		   		
13434   			8.14   		   		
13440   			8.37   		   		
13446   			8.77   		   		
13452   			8.71   		   		
13457   			7.39   		   		
13463   			7.74   		   		
13469   			8.31   		   		
13475   			7.85   		   		
13480   			8.49   		   		
13486   			8.54   		   		
13492   			8.94   		   		
13497   			8.71   		   		
13503   			9.35   		   		
13509   			8.49   		   		
13515   			7.68   		   		
13520   			7.85   		   		
13526   			7.39   		   		
13532   			7.80   		   		
13538   			7.57   		   		
13543   			8.60   		   		
13549   			7.28   		   		
13555   			7.68   		   		
13560   			7.91   		   		
13566   			7.62   		   		
13572   			7.59   		   		
13578   			7.93   		   		
13583   			7.88   		   		
13589   			7.07   		   		
13595   			7.65   		   		
13601   			7.65   		   		
13606   			7.82   		   		
13612   			8.74   		   		
13618   			7.93   		   		
13623   			7.76   		   		
13629   			8.37   		   		
13635   			8.49   		   		
13641   			8.37   		   		
13646   			8.08   		   		
13652   			8.83   		   		
13658   			6.75   		   		
13663   			8.81   		   		
13669   			8.64   		   		
13675   			8.24   		   		
13681   			7.90   		   		
13686   			7.91   		   		
13692   			7.91   		   		
13698   			8.03   		   		
13704   			8.31   		   		
13709   			8.03   		   		
13715   			8.39   		   		
13721   			5.69   		   		
13726   			7.42   		   		
13732   			7.59   		   		
13738   			7.53   		   		
13744   			7.49   		   		
13749   			8.23   		   		
13755   			7.78   		   		
13761   			8.01   		   		
13767   			7.89   		   		
13772   			7.53   		   		
13778   			8.22   		   		
13784   			6.67   		   		
13789   			8.79   		   		
13795   			7.53   		   		
13801   			7.19   		   		
13807   			8.45   		   		
13812   			7.65   		   		
13818   			7.42   		   		
13824   			8.28   		   		
13830   			7.74   		   		
13835   			6.76   		   		
13841   			8.49   		   		
13847   			6.65   		   		
13852   			7.74   		   		
13858   			7.80   		   		
13864   			8.20   		   		
13870   			8.60   		   		
13875   			7.74   		   		
13881   			7.16   		   		
13887   			8.31   		   		
13893   			8.37   		   		
13898   			8.20   		   		
13904   			8.66   		   		
13910   			9.17   		   		
13915   			9.86   		   		
13921   			8.54   		   		
13927   			7.80   		   		
13933   			7.34   		   		
13938   			7.45   		   		
13944   			7.99   		   		
13950   			8.10   		   		
13956   			8.10   		   		
13961   			8.10   		   		
13967   			8.28   		   		
13973   			7.74   		   		
13978   			7.97   		   		
13984   			7.74   		   		
13990   			7.97   		   		
13996   			7.80   		   		
14001   			7.97   		   		
14007   			8.03   		   		
14013   			8.20   		   		
14019   			8.26   		   		
14024   			8.54   		   		
14030   			8.39   		   		
14036   			8.97   		   		
14041   			8.51   		   		
14047   			8.33   		   		
14053   			9.14   		   		
14059   			8.79   		   		
14064   			8.51   		   		
14070   			8.10   		   		
14076   			8.56   		   		
14082   			8.10   		   		
14087   			8.51   		   		
14093   			7.99   		   		
14099   			8.22   		   		
14104   			7.99   		   		
14110   			7.59   		   		
14116   			8.10   		   		
14122   			8.10   		   		
14127   			8.10   		   		
14133   			8.45   		   		
14139   			8.74   		   		
14145   			8.45   		   		
14150   			8.97   		   		
14156   			8.16   		   		
14162   			8.79   		   		
14167   			8.16   		   		
14173   			8.33   		   		
14179   			8.85   		   		
14185   			7.76   		   		
14190   			7.59   		   		
14196   			9.48   		   		
14202   			8.54   		   		
14208   			8.37   		   		
14213   			8.66   		   		
14219   			8.43   		   		
14225   			7.74   		   		
14230   			8.39   		   		
14236   			7.65   		   		
14242   			7.47   		   		
14248   			7.93   		   		
14253   			7.93   		   		
14259   			7.80   		   		
14265   			8.03   		   		
14271   			7.97   		   		
14276   			7.57   		   		
14282   			7.97   		   		
14288   			7.99   		   		
14293   			7.59   		   		
14299   			7.76   		   		
14305   			8.56   		   		
14311   			7.88   		   		
14316   			8.07   		   		
14322   			7.44   		   		
14328   			8.76   		   		
14334   			7.90   		   		
14339   			8.01   		   		
14345   			7.91   		   		
14351   			7.74   		   		
14356   			7.97   		   		
14362   			8.14   		   		
14368   			8.43   		   		
14374   			8.36   		   		
14379   			8.36   		   		
14385   			8.24   		   		
14391   			6.80   		   		
14396   			9.04   		   		
14402   			8.03   		   		
14408   			8.03   		   		
14414   			7.68   		   		
14419   			8.14   		   		
14425   			8.54   		   		
14431   			7.88   		   		
14437   			8.33   		   		
14442   			7.76   		   		
14448   			7.93   		   		
14454   			6.44   		   		
14459   			7.53   		   		
14465   			6.67   		   		
14471   			7.76   		   		
14477   			8.05   		   		
14482   			8.97   		   		
14488   			8.89   		   		
14494   			8.60   		   		
14500   			8.49   		   		
14505   			7.91   		   		
14511   			7.97   		   		
14517   			8.56   		   		
14522   			7.70   		   		
14528   			7.76   		   		
14534   			8.62   		   		
14540   			8.45   		   		
14545   			8.37   		   		
14551   			8.31   		   		
14557   			7.51   		   		
14563   			8.20   		   		
14568   			8.66   		   		
14574   			7.93   		   		
14580   			8.10   		   		
14585   			8.33   		   		
14591   			7.93   		   		
14597   			7.13   		   		
14603   			7.05   		   		
14608   			7.28   		   		
14614   			6.13   		   		
14620   			7.05   		   		
14626   			7.51   		   		
14631   			7.65   		   		
14637   			7.99   		   		
14643   			7.53   		   		
14648   			7.53   		   		
14654   			7.76   		   		
14660   			8.16   		   		
14666   			7.01   		   		
14671   			7.13   		   		
14677   			6.96   		   		
14683   			8.16   		   		
14689   			7.80   		   		
14694   			7.28   		   		
14700   			8.31   		   		
14706   			7.80   		   		
14711   			7.62   		   		
14717   			7.51   		   		
14723   			7.74   		   		
14729   			7.68   		   		
14734   			7.80   		   		
14740   			8.14   		   		
14746   			7.99   		   		
14752   			7.70   		   		
14757   			7.82   		   		
14763   			7.65   		   		
14769   			7.47   		   		
14774   			7.51   		   		
14780   			8.66   		   		
14786   			7.57   		   		
14792   			7.51   		   		
14797   			7.11   		   		
14803   			7.85   		   		
14809   			7.22   		   		
14815   			7.51   		   		
14820   			7.57   		   		
14826   			7.97   		   		
14832   			7.57   		   		
14837   			7.74   		   		
14843   			6.88   		   		
14849   			7.28   		   		
14855   			6.42   		   		
14860   			7.95   		   		
14866   			7.90   		   		
14872   			8.36   		   		
14878   			7.84   		   		
14883   			7.67   		   		
14889   			6.78   		   		
14895   			7.24   		   		
14900   			7.82   		   		
14906   			7.65   		   		
14912   			8.56   		   		
14918   			7.34   		   		
14923   			8.49   		   		
14929   			7.34   		   		
14935   			7.34   		   		
14941   			8.26   		   		
14946   			7.80   		   		
14952   			7.28   		   		
14958   			7.45   		   		
14963   			7.39   		   		
14969   			7.80   		   		
14975   			7.13   		   		
14981   			7.47   		   		
14986   			7.88   		   		
14992   			7.88   		   		
14998   			8.79   		   		
15003   			8.74   		   		
15009   			8.10   		   		
15015   			7.59   		   		
15021   			8.05   		   		
15026   			8.10   		   		
15032   			7.91   		   		
15038   			7.80   		   		
15044   			7.28   		   		
15049   			7.68   		   		
15055   			7.74   		   		
15061   			6.32   		   		
15066   			8.56   		   		
15072   			7.99   		   		
15078   			8.39   		   		
15084   			7.59   		   		
15089   			7.42   		   		
15095   			7.76   		   		
15101   			8.10   		   		
15107   			8.05   		   		
15112   			8.39   		   		
15118   			7.70   		   		
15124   			7.01   		   		
15129   			8.05   		   		
15135   			7.93   		   		
15141   			7.82   		   		
15147   			7.76   		   		
15152   			8.16   		   		
15158   			8.05   		   		
15164   			8.10   		   		
15170   			8.51   		   		
15175   			7.68   		   		
15181   			7.91   		   		
15187   			8.26   		   		
15192   			7.91   		   		
15198   			8.26   		   		
15204   			7.95   		   		
15210   			8.13   		   		
15215   			7.38   		   		
15221   			7.15   		   		
15227   			7.38   		   		
15233   			7.16   		   		
15238   			7.85   		   		
15244   			7.74   		   		
15250   			8.03   		   		
15255   			6.82   		   		
15261   			7.11   		   		
15267   			8.49   		   		
15273   			7.39   		   		
15278   			8.08   		   		
15284   			7.28   		   		
15290   			7.36   		   		
15296   			7.82   		   		
15301   			7.99   		   		
15307   			7.93   		   		
15313   			7.01   		   		
15318   			7.39   		   		
15324   			6.99   		   		
15330   			7.62   		   		
15336   			7.74   		   		
15341   			7.45   		   		
15347   			7.59   		   		
15353   			7.93   		   		
15359   			7.19   		   		
15364   			7.24   		   		
15370   			8.10   		   		
15376   			8.20   		   		
15381   			7.28   		   		
15387   			6.82   		   		
15393   			6.25   		   		
15399   			6.48   		   		
15404   			7.03   		   		
15410   			7.84   		   		
15416   			7.78   		   		
15422   			7.78   		   		
15427   			7.26   		   		
15433   			7.19   		   		
15439   			6.73   		   		
15444   			6.61   		   		
15450   			6.84   		   		
15456   			7.88   		   		
15462   			7.39   		   		
15467   			7.91   		   		
15473   			7.51   		   		
15479   			8.14   		   		
15485   			7.85   		   		
15490   			8.77   		   		
15496   			8.37   		   		
15502   			8.14   		   		
15507   			8.43   		   		
15513   			8.89   		   		
15519   			8.75   		   		
15525   			9.10   		   		
15530   			8.18   		   		
15536   			7.95   		   		
15542   			8.52   		   		
15548   			7.85   		   		
15553   			7.80   		   		
15559   			8.26   		   		
15565   			6.99   		   		
15570   			7.85   		   		
15576   			8.08   		   		
15582   			8.08   		   		
15588   			8.31   		   		
15593   			7.62   		   		
15599   			7.74   		   		
15605   			5.73   		   		
15610   			7.62   		   		
15616   			8.20   		   		
15622   			8.08   		   		
15628   			7.62   		   		
15633   			7.93   		   		
15639   			7.88   		   		
15645   			7.93   		   		
15651   			8.22   		   		
15656   			7.53   		   		
15662   			7.88   		   		
15668   			5.52   		   		
15673   			8.05   		   		
15679   			8.51   		   		
15685   			7.19   		   		
15691   			8.10   		   		
15696   			7.76   		   		
15702   			7.65   		   		
15708   			7.36   		   		
15714   			7.07   		   		
15719   			8.79   		   		
15725   			8.28   		   		
15731   			8.45   		   		
15736   			7.65   		   		
15742   			8.39   		   		
15748   			7.62   		   		
15754   			8.89   		   		
15759   			8.60   		   		
15765   			9.06   		   		
15771   			8.08   		   		
15777   			7.76   		   		
15782   			7.99   		   		
15788   			8.39   		   		
15794   			7.88   		   		
15799   			8.16   		   		
15805   			7.85   		   		
15811   			8.31   		   		
15817   			7.28   		   		
15822   			7.68   		   		
15828   			8.60   		   		
15834   			7.97   		   		
15840   			8.37   		   		
15845   			8.03   		   		
15851   			8.49   		   		
15857   			7.39   		   		
15862   			7.66   		   		
15868   			6.97   		   		
15874   			7.72   		   		
15880   			8.06   		   		
15885   			7.66   		   		
15891   			7.24   		   		
15897   			7.82   		   		
15903   			9.14   		   		
15908   			8.68   		   		
15914   			8.51   		   		
15920   			8.76   		   		
15925   			8.24   		   		
15931   			8.36   		   		
15937   			8.24   		   		
15943   			7.78   		   		
15948   			7.74   		   		
15954   			7.62   		   		
15960   			7.39   		   		
15966   			7.91   		   		
15971   			8.43   		   		
15977   			7.91   		   		
15983   			8.31   		   		
15988   			7.34   		   		
15994   			6.99   		   		
16000   			7.45   		   		
16006   			6.84   		   		
16011   			6.67   		   		
16017   			7.01   		   		
16023   			5.98   		   		
16029   			6.90   		   		
16034   			6.50   		   		
16040   			6.21   		   		
16046   			6.55   		   		
16051   			6.84   		   		
16057   			7.01   		   		
16063   			7.68   		   		
16069   			7.62   		   		
16074   			7.22   		   		
16080   			7.22   		   		
16086   			7.16   		   		
16092   			7.51   		   		
16097   			7.74   		   		
16103   			7.74   		   		
16109   			7.05   		   		
16114   			7.22   		   		
16120   			7.36   		   		
16126   			6.96   		   		
16132   			8.05   		   		
16137   			7.65   		   		
16143   			7.76   		   		
16149   			8.22   		   		
16155   			8.10   		   		
16160   			8.39   		   		
16166   			7.53   		   		
16172   			7.47   		   		
16177   			6.88   		   		
16183   			6.88   		   		
16189   			7.05   		   		
16195   			6.71   		   		
16200   			8.08   		   		
16206   			7.19   		   		
16212   			7.82   		   		
16218   			7.82   		   		
16223   			7.82   		   		
16229   			7.42   		   		
16235   			7.09   		   		
16240   			7.55   		   		
16246   			7.61   		   		
16252   			6.29   		   		
16258   			6.75   		   		
16263   			6.04   		   		
16269   			6.78   		   		
16275   			7.30   		   		
16281   			6.90   		   		
16286   			7.36   		   		
16292   			7.19   		   		
16298   			6.96   		   		
16303   			7.47   		   		
16309   			6.78   		   		
16315   			6.90   		   		
16321   			6.65   		   		
16326   			6.88   		   		
16332   			7.05   		   		
16338   			6.71   		   		
16344   			6.65   		   		
16349   			6.07   		   		
16355   			7.28   		   		
16361   			6.71   		   		
16366   			7.11   		   		
16372   			7.22   		   		
16378   			6.61   		   		
16384   			6.50   		   		
16389   			7.13   		   		
16395   			7.01   		   		
16401   			6.55   		   		
16407   			6.07   		   		
16412   			6.76   		   		
16418   			6.65   		   		
16424   			5.90   		   		
16429   			5.38   		   		
16435   			5.55   		   		
16441   			5.27   		   		
16447   			5.55   		   		
16452   			5.55   		   		
16458   			5.38   		   		
16464   			5.84   		   		
16470   			4.86   		   		
16475   			4.98   		   		
16481   			5.50   		   		
16487   			5.15   		   		
16492   			5.00   		   		
16498   			4.94   		   		
16504   			4.60   		   		
16510   			4.88   		   		
16515   			4.65   		   		
16521   			4.52   		   		
16527   			4.11   		   		
16533   			4.23   		   		
16538   			4.81   		   		
16544   			3.88   		   		
16550   			4.46   		   		
16555   			4.23   		   		
16561   			3.54   		   		
16567   			3.88   		   		
16573   			3.36   		   		
16578   			3.83   		   		
16584   			2.85   		   		
16590   			0.48   		   		
16595   			2.33   		   		
16601   			3.94   		   		
16607   			2.69   		   		
16613   			2.98   		   		
16618   			2.69   		   		
16624   			2.17   		   		
16630   			2.40   		   		
16636   			2.50   		   		
16641   			3.25   		   		
16647   			2.73   		   		
16653   			0.48   		   		
16658   			2.09   		   		
16664   			2.90   		   		
16670   			2.61   		   		
16676   			2.33   		   		
16681   			2.50   		   		
16687   			3.25   		   		
16693   			2.06   		   		
16699   			1.54   		   		
16704   			2.06   		   		
16710   			1.71   		   		
16716   			0.61   		   		
16721   			1.08   		   		
16727   			2.23   		   		
16733   			1.71   		   		
16739   			1.60   		   		
16744   			2.40   		   		
16750   			1.52   		   		
16756   			2.15   		   		
16762   			2.33   		   		
16767   			0.94   		   		
16773   			0.94   		   		
16779   			1.25   		   		
16784   			1.60   		   		
16790   			2.06   		   		
16796   			1.65   		   		
16802   			1.36   		   		
16807   			1.52   		   		
16813   			1.75   		   		
16819   			1.57   		   		
16825   			1.86   		   		
16830   			1.40   		   		
16836   			1.40   		   		
16842   			1.29   		   		
16847   			0.36   		   		
16853   			0.36   		   		
16859   			0.94   		   		
16865   			0.42   		   		
16870   			0.65   		   		
16876   			0.13   		   		
16882   			0.82   		   		
16888   			0.94   		   		
16893   			1.21   		   		
16899   			0.86   		   		
16905   			0.52   		   		
16910   			1.79   		   		
16916   			0.81   		   		
16922   			0.82   		   		
16928   			-0.16   		   		
16933   			0.30   		   		
16939   			1.11   		   		
16945   			0.48   		   		
16951   			-0.16   		   		
16956   			0.01   		   		
16962   			0.07   		   		
16968   			1.29   		   		
16973   			-0.22   		   		
16979   			0.90   		   		
16985   			0.73   		   		
16991   			0.03   		   		
16996   			0.38   		   		
17002   			0.26   		   		
17008   			-0.89   		   		
17014   			-0.31   		   		
17019   			-0.08   		   		
17025   			-0.20   		   		
17031   			0.32   		   		
17036   			0.53   		   		
17042   			0.59   		   		
17048   			-0.34   		   		
17054   			0.24   		   		
17059   			-0.34   		   		
17065   			0.03   		   		
17071   			0.32   		   		
17076   			-0.49   		   		
17082   			-1.71   		   		
17088   			-0.14   		   		
17094   			-0.60   		   		
17099   			-0.95   		   		
17105   			-1.18   		   		
17111   			-0.72   		   		
17117   			-0.43   		   		
17122   			0.42   		   		
17128   			-0.57   		   		
17134   			-2.02   		   		
17139   			0.59   		   		
17145   			-0.34   		   		
17151   			0.36   		   		
17157   			0.07   		   		
17162   			-0.34   		   		
17168   			-1.09   		   		
17174   			-0.51   		   		
17180   			-1.03   		   		
17185   			1.00   		   		
17191   			-0.05   		   		
17197   			-1.96   		   		
17202   			0.19   		   		
17208   			0.30   		   		
17214   			-0.57   		   		
17220   			0.36   		   		
17225   			0.82   		   		
17231   			0.42   		   		
17237   			0.55   		   		
17243   			-0.02   		   		
17248   			-0.08   		   		
17254   			-0.02   		   		
17260   			-1.88   		   		
17265   			-0.51   		   		
17271   			-0.74   		   		
17277   			-0.57   		   		
17283   			-1.90   		   		
17288   			-1.73   		   		
17294   			-1.84   		   		
17300   			-1.61   		   		
17306   			-0.80   		   		
17311   			-0.86   		   		
17317   			-1.09   		   		
17323   			-3.31   		   		
17328   			-0.99   		   		
17334   			-1.51   		   		
17340   			-1.16   		   		
17346   			-0.76   		   		
17351   			-0.55   		   		
17357   			-1.30   		   		
17363   			-0.37   		   		
17369   			-0.72   		   		
17374   			-0.78   		   		
17380   			-0.37   		   		
17386   			-2.46   		   		
17391   			-0.02   		   		
17397   			-0.31   		   		
17403   			-0.95   		   		
17409   			-1.03   		   		
17414   			-1.84   		   		
17420   			-0.97   		   		
17426   			-1.32   		   		
17432   			-0.97   		   		
17437   			-0.66   		   		
17443   			-1.53   		   		
17449   			-3.27   		   		
17454   			-1.65   		   		
17460   			-0.78   		   		
17466   			-0.74   		   		
17472   			-1.44   		   		
17477   			-0.39   		   		
17483   			-0.57   		   		
17489   			-0.34   		   		
17495   			-0.20   		   		
17500   			-0.26   		   		
17506   			-0.31   		   		
17512   			0.03   		   		
17517   			-0.31   		   		
17523   			-0.08   		   		
17529   			-0.14   		   		
17535   			-0.37   		   		
17540   			0.26   		   		
17546   			0.21   		   		
17552   			-0.86   		   		
17558   			0.88   		   		
17563   			-0.68   		   		
17569   			-0.68   		   		
17575   			-0.28   		   		
17580   			-0.80   		   		
17586   			-0.74   		   		
17592   			-0.97   		   		
17598   			-0.68   		   		
17603   			-0.10   		   		
17609   			-0.08   		   		
17615   			-0.31   		   		
17621   			0.26   		   		
17626   			0.50   		   		
17632   			-0.89   		   		
17638   			-0.45   		   		
17643   			-0.74   		   		
17649   			-0.97   		   		
17655   			-0.34   		   		
17661   			-0.68   		   		
17666   			-0.66   		   		
17672   			-0.31   		   		
17678   			-1.18   		   		
17684   			-1.36   		   		
17689   			-0.72   		   		
17695   			-0.66   		   		
17701   			-0.55   		   		
17706   			-1.36   		   		
17712   			-1.42   		   		
17718   			-1.01   		   		
17724   			-0.97   		   		
17729   			-1.67   		   		
17735   			-1.38   		   		
17741   			-1.49   		   		
17747   			-1.26   		   		
17752   			-1.13   		   		
17758   			-1.36   		   		
17764   			-1.13   		   		
17769   			-1.13   		   		
17775   			-0.60   		   		
17781   			-1.22   		   		
17787   			-1.45   		   		
17792   			-0.41   		   		
17798   			-1.16   		   		
17804   			-1.10   		   		
17810   			-1.13   		   		
17815   			-0.84   		   		
17821   			-0.89   		   		
17827   			-0.72   		   		
17832   			-1.71   		   		
17838   			-1.73   		   		
17844   			-1.44   		   		
17850   			-1.84   		   		
17855   			-1.78   		   		
17861   			-1.32   		   		
17867   			0.26   		   		
17873   			-1.42   		   		
17878   			-0.95   		   		
17884   			-0.60   		   		
17890   			0.03   		   		
17895   			-1.09   		   		
17901   			-0.57   		   		
17907   			-0.68   		   		
17913   			-0.97   		   		
17918   			-1.09   		   		
17924   			-0.39   		   		
17930   			0.24   		   		
17936   			-1.20   		   		
17941   			-1.26   		   		
17947   			-0.05   		   		
17953   			-0.55   		   		
17958   			-0.66   		   		
17964   			-1.01   		   		
17970   			-0.72   		   		
17976   			-0.78   		   		
17981   			-0.31   		   		
17987   			-0.66   		   		
17993   			-1.13   		   		
17999   			-0.31   		   		
18004   			-0.43   		   		
18010   			-0.02   		   		
18016   			-0.72   		   		
18021   			-0.31   		   		
18027   			-0.60   		   		
18033   			-0.84   		   		
18039   			-1.55   		   		
18044   			-1.61   		   		
18050   			-0.80   		   		
18056   			-2.48   		   		
18061   			-0.57   		   		
18067   			-0.49   		   		
18073   			-0.60   		   		
18079   			-0.78   		   		
18084   			-0.02   		   		
18090   			0.15   		   		
18096   			0.34   		   		
18102   			-0.01   		   		
18107   			0.16   		   		
18113   			0.11   		   		
18119   			-1.69   		   		
18124   			0.09   		   		
18130   			-0.14   		   		
18136   			0.03   		   		
18142   			0.09   		   		
18147   			-0.20   		   		
18153   			0.03   		   		
18159   			0.26   		   		
18165   			0.96   		   		
18170   			-0.08   		   		
18176   			-0.31   		   		
18182   			-0.16   		   		
18187   			-0.34   		   		
18193   			-0.68   		   		
18199   			-0.34   		   		
18205   			-0.80   		   		
18210   			-1.15   		   		
18216   			-0.63   		   		
18222   			-1.32   		   		
18228   			-0.74   		   		
18233   			0.13   		   		
18239   			0.09   		   		
18245   			-0.31   		   		
18250   			-0.26   		   		
18256   			-0.08   		   		
18262   			0.67   		   		
18268   			0.36   		   		
18273   			0.42   		   		
18279   			-0.51   		   		
18285   			-0.80   		   		
18291   			-0.22   		   		
18296   			-0.60   		   		
18302   			0.38   		   		
18308   			-1.07   		   		
18313   			-0.55   		   		
18319   			0.21   		   		
18325   			-0.88   		   		
18331   			0.22   		   		
18336   			-0.01   		   		
18342   			0.28   		   		
18348   			-0.82   		   		
18354   			-0.89   		   		
18359   			0.26   		   		
18365   			-1.07   		   		
18371   			-0.72   		   		
18376   			-1.13   		   		
18382   			-0.89   		   		
18388   			-0.49   		   		
18394   			-0.02   		   		
18399   			-0.31   		   		
18405   			0.38   		   		
18411   			-0.22   		   		
18417   			0.19   		   		
18422   			-0.34   		   		
18428   			-0.16   		   		
18434   			-0.22   		   		
18439   			0.24   		   		
18445   			0.53   		   		
18451   			0.30   		   		
18457   			-0.10   		   		
18462   			-0.51   		   		
18468   			0.19   		   		
18474   			0.53   		   		
18480   			0.53   		   		
18485   			0.01   		   		
18491   			-0.22   		   		
18497   			-0.10   		   		
18502   			-0.05   		   		
18508   			-0.28   		   		
18514   			-0.39   		   		
18520   			-1.26   		   		
18525   			-0.26   		   		
18531   			-1.07   		   		
18537   			-2.58   		   		
18543   			-0.78   		   		
18548   			-1.59   		   		
18554   			-1.78   		   		
18560   			-1.20   		   		
18565   			-0.63   		   		
18571   			-0.97   		   		
18577   			-0.22   		   		
18583   			-1.51   		   		
18588   			0.00   		   		
18594   			-0.29   		   		
18600   			-1.86   		   		
18605   			-0.06   		   		
18611   			-0.26   		   		
18617   			0.32   		   		
18623   			-0.08   		   		
18628   			-0.20   		   		
18634   			-0.37   		   		
18640   			-0.12   		   		
18646   			0.51   		   		
18651   			0.40   		   		
18657   			0.69   		   		
18663   			-0.65   		   		
18668   			1.23   		   		
18674   			-0.16   		   		
18680   			0.19   		   		
18686   			0.59   		   		
18691   			0.88   		   		
18697   			0.42   		   		
18703   			0.24   		   		
18709   			1.46   		   		
18714   			0.19   		   		
18720   			0.94   		   		
18726   			0.07   		   		
18731   			0.71   		   		
18737   			-0.45   		   		
18743   			0.94   		   		
18749   			-0.10   		   		
18754   			0.15   		   		
18760   			0.32   		   		
18766   			-0.37   		   		
18772   			-0.26   		   		
18777   			-0.84   		   		
18783   			-1.42   		   		
18789   			-1.36   		   		
18794   			-1.30   		   		
18800   			-1.36   		   		
18806   			-1.88   		   		
18812   			-0.86   		   		
18817   			-0.74   		   		
18823   			-1.20   		   		
18829   			-0.74   		   		
18835   			-1.26   		   		
18840   			-1.90   		   		
18846   			-1.32   		   		
18852   			-1.03   		   		
18857   			-0.91   		   		
18863   			-1.15   		   		
18869   			-1.01   		   		
18875   			-1.13   		   		
18880   			-0.66   		   		
18886   			-1.01   		   		
18892   			-0.66   		   		
18898   			-0.08   		   		
18903   			-0.89   		   		
18909   			-0.78   		   		
18915   			-0.78   		   		
18920   			-1.18   		   		
18926   			-1.17   		   		
18932   			-0.65   		   		
18938   			-0.82   		   		
18943   			-0.59   		   		
18949   			-0.59   		   		
18955   			-0.72   		   		
18961   			-0.66   		   		
18966   			-0.72   		   		
18972   			-0.37   		   		
18978   			-0.26   		   		
18983   			-0.08   		   		
18989   			0.26   		   		
18995   			-0.37   		   		
19001   			-0.89   		   		
19006   			-0.14   		   		
19012   			-0.49   		   		
19018   			-0.20   		   		
19024   			-0.26   		   		
19029   			-0.14   		   		
19035   			-0.20   		   		
19041   			-1.18   		   		
19046   			-0.37   		   		
19052   			-0.60   		   		
19058   			-1.47   		   		
19064   			-1.42   		   		
19069   			-0.72   		   		
19075   			-0.31   		   		
19081   			-0.26   		   		
19087   			0.09   		   		
19092   			-1.24   		   		
19098   			-2.31   		   		
19104   			-1.61   		   		
19109   			-1.73   		   		
19115   			-1.78   		   		
19121   			-0.80   		   		
19127   			-0.89   		   		
19132   			-1.88   		   		
19138   			-2.05   		   		
19144   			-1.65   		   		
19150   			-1.65   		   		
19155   			-1.78   		   		
19161   			-1.03   		   		
19167   			-0.86   		   		
19172   			-1.55   		   		
19178   			-0.97   		   		
19184   			-0.89   		   		
19190   			-0.84   		   		
19195   			-1.42   		   		
19201   			-0.55   		   		
19207   			-3.56   		   		
19212   			-2.08   		   		
19218   			-1.09   		   		
19224   			-0.80   		   		
19230   			-1.15   		   		
19235   			-0.80   		   		
19241   			-1.45   		   		
19247   			-0.93   		   		
19253   			-1.16   		   		
19258   			-0.93   		   		
19264   			-1.28   		   		
19270   			-2.85   		   		
19275   			-0.94   		   		
19281   			-1.57   		   		
19287   			-0.53   		   		
19293   			0.28   		   		
19298   			-1.38   		   		
19304   			-1.55   		   		
19310   			-1.15   		   		
19316   			-0.86   		   		
19321   			-0.80   		   		
19327   			-1.03   		   		
19333   			-0.33   		   		
19338   			-0.97   		   		
19344   			-2.13   		   		
19350   			-0.56   		   		
19356   			-0.74   		   		
19361   			-0.80   		   		
19367   			-1.78   		   		
19373   			-2.02   		   		
19379   			-1.44   		   		
19384   			-0.01   		   		
19390   			-1.57   		   		
19396   			-1.34   		   		
19401   			-1.05   		   		
19407   			-1.40   		   		
19413   			-1.15   		   		
19419   			-1.20   		   		
19424   			-0.97   		   		
19430   			-0.74   		   		
19436   			-0.74   		   		
19442   			-1.17   		   		
19447   			-1.34   		   		
19453   			-0.99   		   		
19459   			-1.52   		   		
19464   			-0.70   		   		
19470   			-0.84   		   		
19476   			0.26   		   		
19482   			-0.26   		   		
19487   			-0.26   		   		
19493   			0.03   		   		
19499   			0.38   		   		
19505   			-0.14   		   		
19510   			0.26   		   		
19516   			0.03   		   		
19522   			-0.26   		   		
19527   			-0.74   		   		
19533   			-0.68   		   		
19539   			0.94   		   		
19545   			0.13   		   		
19550   			0.48   		   		
19556   			1.21   		   		
19562   			0.29   		   		
19568   			-0.47   		   		
19573   			-0.41   		   		
19579   			-1.51   		   		
19585   			-0.51   		   		
19590   			0.53   		   		
19596   			-0.57   		   		
19602   			-1.38   		   		
19608   			-1.32   		   		
19613   			-1.76   		   		
19619   			-0.14   		   		
19625   			-0.55   		   		
19631   			-0.55   		   		
19636   			-0.49   		   		
19642   			-0.76   		   		
19648   			0.05   		   		
19653   			0.28   		   		
19659   			-0.18   		   		
19665   			-0.70   		   		
19671   			0.09   		   		
19676   			-0.43   		   		
19682   			-0.89   		   		
19688   			-0.78   		   		
19694   			-1.42   		   		
19699   			-0.91   		   		
19705   			-1.15   		   		
19711   			-1.09   		   		
19716   			-1.32   		   		
19722   			-1.96   		   		
19728   			-0.57   		   		
19734   			-1.38   		   		
19739   			-1.26   		   		
19745   			-1.26   		   		
19751   			-2.83   		   		
19756   			-1.18   		   		
19762   			-1.47   		   		
19768   			-1.53   		   		
19774   			-0.20   		   		
19779   			-1.42   		   		
19785   			-1.55   		   		
19791   			-0.86   		   		
19797   			-1.38   		   		
19802   			-1.15   		   		
19808   			-0.91   		   		
19814   			-3.80   		   		
19820   			-2.40   		   		
19825   			-2.23   		   		
19831   			-2.23   		   		
19837   			-2.11   		   		
19842   			-1.61   		   		
19848   			-1.55   		   		
19854   			-1.20   		   		
19860   			-1.78   		   		
19865   			-0.97   		   		
19871   			-0.97   		   		
19877   			-2.66   		   		
19882   			-1.61   		   		
19888   			-1.09   		   		
19894   			-1.20   		   		
19900   			-1.96   		   		
19905   			-1.03   		   		
19911   			-1.38   		   		
19917   			-1.03   		   		
19923   			-1.61   		   		
19928   			-1.09   		   		
19934   			-1.32   		   		
19940   			-1.15   		   		
19945   			-1.44   		   		
19951   			-1.90   		   		
19957   			-1.44   		   		
19963   			-1.78   		   		
19968   			-1.26   		   		
19974   			-1.44   		   		
19980   			-1.32   		   		
19986   			-1.92   		   		
19991   			-1.86   		   		
19997   			-2.32   		   		
20003   			-1.97   		   		
20008   			-1.22   		   		
20014   			-2.02   		   		
20020   			-1.67   		   		
20026   			-2.08   		   		
20031   			-2.37   		   		
20037   			-1.15   		   		
20043   			-1.88   		   		
20049   			-1.59   		   		
20054   			-2.23   		   		
20060   			-1.59   		   		
20066   			-1.76   		   		
20071   			-1.76   		   		
20077   			-1.47   		   		
20083   			-1.13   		   		
20089   			-1.24   		   		
20094   			-0.84   		   		
20100   			-0.63   		   		
20106   			-0.63   		   		
20112   			0.13   		   		
20117   			-0.39   		   		
20123   			-0.51   		   		
20129   			-0.18   		   		
20134   			-0.88   		   		
20140   			-0.88   		   		
20146   			0.74   		   		
20152   			-0.41   		   		
20157   			-0.45   		   		
20163   			-0.57   		   		
20169   			-1.03   		   		
20175   			0.07   		   		
20180   			-0.34   		   		
20186   			-0.39   		   		
20192   			-0.16   		   		
20197   			-1.26   		   		
20203   			-1.61   		   		
20209   			-0.45   		   		
20215   			-1.13   		   		
20220   			-0.20   		   		
20226   			-0.55   		   		
20232   			-1.42   		   		
20238   			-1.24   		   		
20243   			-1.32   		   		
20249   			-1.38   		   		
20255   			-0.91   		   		
20260   			-1.09   		   		
20266   			-0.97   		   		
20272   			-0.31   		   		
20278   			-0.08   		   		
20283   			-0.49   		   		
20289   			-1.42   		   		
20295   			-0.60   		   		
20301   			-1.32   		   		
20306   			-0.91   		   		
20312   			-0.45   		   		
20318   			-0.39   		   		
20323   			-0.05   		   		
20329   			-0.37   		   		
20335   			-0.49   		   		
20341   			-0.60   		   		
20346   			-1.30   		   		
20352   			-1.59   		   		
20358   			-0.22   		   		
20364   			-1.03   		   		
20369   			-1.15   		   		
20375   			-0.51   		   		
20381   			0.01   		   		
20386   			-0.86   		   		
20392   			-0.51   		   		
20398   			0.36   		   		
20404   			-0.63   		   		
20409   			-1.09   		   		
20415   			-0.02   		   		
20421   			-0.55   		   		
20427   			-0.84   		   		
20432   			-0.84   		   		
20438   			-0.60   		   		
20444   			-0.78   		   		
20449   			-0.72   		   		
20455   			-0.08   		   		
20461   			-0.37   		   		
20467   			0.03   		   		
20472   			-0.76   		   		
20478   			-1.22   		   		
20484   			-2.79   		   		
20489   			-0.58   		   		
20495   			-0.53   		   		
20501   			-1.82   		   		
20507   			-0.55   		   		
20512   			-0.55   		   		
20518   			-0.60   		   		
20524   			-0.43   		   		
20530   			-1.28   		   		
20535   			-0.64   		   		
20541   			-0.87   		   		
20547   			-2.85   		   		
20552   			-0.81   		   		
20558   			-0.53   		   		
20564   			-0.87   		   		
20570   			-1.10   		   		
20575   			-0.99   		   		
20581   			-1.05   		   		
20587   			-0.95   		   		
20593   			-0.43   		   		
20598   			-0.60   		   		
20604   			-0.60   		   		
20610   			-1.01   		   		
20615   			-1.09   		   		
20621   			-0.45   		   		
20627   			-1.26   		   		
20633   			-0.68   		   		
20638   			-1.09   		   		
20644   			-0.70   		   		
20650   			-0.41   		   		
20656   			0.05   		   		
20661   			-1.10   		   		
20667   			-0.81   		   		
20673   			-0.31   		   		
20678   			-0.31   		   		
20684   			0.38   		   		
20690   			-0.89   		   		
20696   			-0.84   		   		
20701   			-0.14   		   		
20707   			-0.72   		   		
20713   			-0.66   		   		
20719   			-0.43   		   		
20724   			-0.89   		   		
20730   			-0.57   		   		
20736   			-0.51   		   		
20741   			-0.28   		   		
20747   			-0.80   		   		
20753   			-1.26   		   		
20759   			-1.42   		   		
20764   			-1.42   		   		
20770   			-1.18   		   		
20776   			-0.84   		   		
20782   			-0.43   		   		
20787   			0.26   		   		
20793   			-0.02   		   		
20799   			-0.72   		   		
20804   			-0.78   		   		
20810   			0.03   		   		
20816   			-0.09   		   		
20822   			-0.09   		   		
20827   			0.14   		   		
20833   			-0.67   		   		
20839   			-0.78   		   		
20845   			-0.74   		   		
20850   			-0.80   		   		
20856   			-1.44   		   		
20862   			-1.32   		   		
20867   			-1.61   		   		
20873   			-1.38   		   		
20879   			-1.49   		   		
20885   			-1.61   		   		
20890   			-1.44   		   		
20896   			-1.67   		   		
20902   			-1.09   		   		
20908   			-0.45   		   		
20913   			-0.74   		   		
20919   			-1.09   		   		
20925   			-1.32   		   		
20930   			-0.99   		   		
20936   			-0.99   		   		
20942   			-1.10   		   		
20948   			-1.16   		   		
20953   			-1.34   		   		
20959   			-1.53   		   		
