Timestamp		Force Z		Comments
0   			-2.00   		   		
6   			-1.59   		   		
12   			-2.58   		   		
17   			-1.41   		   		
23   			-1.64   		   		
29   			-2.05   		   		
35   			-0.77   		   		
40   			-1.06   		   		
46   			-1.39   		   		
52   			-1.92   		   		
58   			-2.15   		   		
63   			-1.97   		   		
69   			-1.68   		   		
75   			-0.60   		   		
80   			-1.42   		   		
86   			-0.55   		   		
92   			-0.20   		   		
98   			-0.78   		   		
103   			-1.36   		   		
109   			-1.53   		   		
115   			-1.07   		   		
121   			-0.60   		   		
126   			-0.43   		   		
132   			-1.30   		   		
138   			-1.94   		   		
143   			-1.94   		   		
149   			-0.89   		   		
155   			-0.55   		   		
161   			-1.36   		   		
166   			-1.65   		   		
172   			-1.76   		   		
178   			-1.47   		   		
184   			-1.42   		   		
189   			-1.30   		   		
195   			-0.55   		   		
201   			-0.43   		   		
206   			-0.60   		   		
212   			-0.66   		   		
218   			-0.72   		   		
224   			-0.72   		   		
229   			-0.20   		   		
235   			-0.02   		   		
241   			-1.01   		   		
247   			-0.89   		   		
252   			-0.20   		   		
258   			-0.31   		   		
264   			-2.17   		   		
269   			-1.59   		   		
275   			-1.55   		   		
281   			-1.38   		   		
287   			-0.68   		   		
292   			-1.49   		   		
298   			-0.86   		   		
304   			-0.45   		   		
310   			-0.33   		   		
315   			-0.62   		   		
321   			-0.97   		   		
327   			-0.27   		   		
332   			-1.18   		   		
338   			-1.24   		   		
344   			-1.76   		   		
350   			-1.01   		   		
355   			-0.78   		   		
361   			-2.01   		   		
367   			-1.95   		   		
373   			-1.95   		   		
378   			-0.56   		   		
384   			-1.55   		   		
390   			-1.92   		   		
395   			-1.05   		   		
401   			-1.68   		   		
407   			-1.74   		   		
413   			-1.92   		   		
418   			-1.34   		   		
424   			-1.05   		   		
430   			-1.39   		   		
436   			-1.39   		   		
441   			-1.05   		   		
447   			-1.61   		   		
453   			-1.73   		   		
458   			-0.80   		   		
464   			-1.03   		   		
470   			-2.02   		   		
476   			-1.51   		   		
481   			-1.39   		   		
487   			-1.16   		   		
493   			-0.93   		   		
499   			-0.76   		   		
504   			-1.05   		   		
510   			-0.47   		   		
516   			-1.45   		   		
521   			-0.35   		   		
527   			-1.45   		   		
533   			-0.89   		   		
539   			-1.24   		   		
544   			-0.60   		   		
550   			-0.84   		   		
556   			-3.27   		   		
561   			-2.03   		   		
567   			-1.16   		   		
573   			-0.99   		   		
579   			-1.39   		   		
584   			-0.41   		   		
590   			-0.51   		   		
596   			-1.67   		   		
602   			-0.86   		   		
607   			-1.38   		   		
613   			-1.20   		   		
619   			-2.59   		   		
624   			-0.79   		   		
630   			-0.91   		   		
636   			-1.32   		   		
642   			-1.14   		   		
647   			-0.27   		   		
653   			-1.20   		   		
659   			-1.37   		   		
665   			-1.08   		   		
670   			-1.14   		   		
676   			-1.20   		   		
682   			-3.12   		   		
687   			-0.97   		   		
693   			-0.91   		   		
699   			-0.97   		   		
705   			-0.97   		   		
710   			-0.62   		   		
716   			-1.14   		   		
722   			-0.62   		   		
728   			-0.56   		   		
733   			0.26   		   		
739   			-0.43   		   		
745   			-2.00   		   		
750   			-0.95   		   		
756   			0.03   		   		
762   			-0.08   		   		
768   			-0.66   		   		
773   			-0.37   		   		
779   			-0.72   		   		
785   			-0.08   		   		
791   			-1.22   		   		
796   			-1.45   		   		
802   			-2.03   		   		
808   			-0.87   		   		
813   			-1.74   		   		
819   			-0.84   		   		
825   			-1.42   		   		
831   			-0.72   		   		
836   			-1.30   		   		
842   			-1.01   		   		
848   			-0.99   		   		
854   			-0.87   		   		
859   			-0.70   		   		
865   			-1.22   		   		
871   			-1.16   		   		
876   			-1.65   		   		
882   			-0.95   		   		
888   			-0.72   		   		
894   			-1.24   		   		
899   			-0.84   		   		
905   			-1.16   		   		
911   			-0.93   		   		
917   			-1.63   		   		
922   			-1.10   		   		
928   			-1.28   		   		
934   			-1.22   		   		
939   			-0.87   		   		
945   			-0.29   		   		
951   			-0.70   		   		
957   			-0.99   		   		
962   			-1.05   		   		
968   			-1.57   		   		
974   			-1.74   		   		
980   			-1.28   		   		
985   			-1.51   		   		
991   			-0.43   		   		
997   			-0.72   		   		
1002   			-1.42   		   		
1008   			-1.42   		   		
1014   			-1.24   		   		
1020   			-0.99   		   		
1025   			-0.87   		   		
1031   			-1.16   		   		
1037   			-1.22   		   		
1043   			-2.03   		   		
1048   			-1.13   		   		
1054   			-1.71   		   		
1060   			-2.23   		   		
1065   			-2.00   		   		
1071   			-1.88   		   		
1077   			-1.80   		   		
1083   			-1.68   		   		
1088   			-1.22   		   		
1094   			-1.39   		   		
1100   			-1.74   		   		
1106   			-1.68   		   		
1111   			-1.34   		   		
1117   			-1.45   		   		
1123   			-1.39   		   		
1128   			-1.92   		   		
1134   			-2.53   		   		
1140   			-2.88   		   		
1146   			-1.26   		   		
1151   			-1.66   		   		
1157   			-1.20   		   		
1163   			-0.95   		   		
1169   			-1.53   		   		
1174   			-0.95   		   		
1180   			-1.76   		   		
1186   			-1.59   		   		
1191   			-0.95   		   		
1197   			-2.11   		   		
1203   			-1.94   		   		
1209   			-1.36   		   		
1214   			-1.24   		   		
1220   			-1.92   		   		
1226   			-1.45   		   		
1232   			-1.34   		   		
1237   			-1.22   		   		
1243   			-1.51   		   		
1249   			-2.32   		   		
1254   			-2.21   		   		
1260   			-0.81   		   		
1266   			-1.45   		   		
1272   			-0.81   		   		
1277   			-1.66   		   		
1283   			-1.90   		   		
1289   			-4.10   		   		
1294   			-2.07   		   		
1300   			-2.01   		   		
1306   			-1.90   		   		
1312   			-1.78   		   		
1317   			-1.26   		   		
1323   			-1.38   		   		
1329   			-1.09   		   		
1335   			-1.51   		   		
1340   			-1.86   		   		
1346   			-1.63   		   		
1352   			-3.31   		   		
1357   			-1.45   		   		
1363   			-1.59   		   		
1369   			-0.95   		   		
1375   			-2.63   		   		
1380   			-1.88   		   		
1386   			-1.82   		   		
1392   			-1.65   		   		
1398   			-1.65   		   		
1403   			-1.13   		   		
1409   			-1.24   		   		
1415   			-1.07   		   		
1420   			-0.66   		   		
1426   			-1.07   		   		
1432   			-1.24   		   		
1438   			-2.23   		   		
1443   			-1.59   		   		
1449   			-0.79   		   		
1455   			-0.74   		   		
1461   			-1.55   		   		
1466   			-1.49   		   		
1472   			-2.30   		   		
1478   			-1.68   		   		
1483   			-1.74   		   		
1489   			-1.92   		   		
1495   			-1.92   		   		
1501   			-1.63   		   		
1506   			-1.65   		   		
1512   			-1.42   		   		
1518   			-1.24   		   		
1524   			-1.59   		   		
1529   			-1.82   		   		
1535   			-1.84   		   		
1541   			-2.77   		   		
1546   			-2.30   		   		
1552   			-2.30   		   		
1558   			-1.90   		   		
1564   			-1.14   		   		
1569   			-1.72   		   		
1575   			-2.30   		   		
1581   			-1.20   		   		
1587   			-1.66   		   		
1592   			-1.53   		   		
1598   			-1.71   		   		
1604   			-1.88   		   		
1609   			-1.47   		   		
1615   			-1.18   		   		
1621   			-0.58   		   		
1627   			-0.47   		   		
1632   			-1.51   		   		
1638   			-0.64   		   		
1644   			-2.03   		   		
1650   			-1.68   		   		
1655   			-1.63   		   		
1661   			-1.63   		   		
1667   			-0.81   		   		
1672   			-1.80   		   		
1678   			-1.45   		   		
1684   			-2.09   		   		
1690   			-1.86   		   		
1695   			-2.03   		   		
1701   			-1.34   		   		
1707   			-1.10   		   		
1713   			-1.22   		   		
1718   			-1.45   		   		
1724   			-1.80   		   		
1730   			-1.74   		   		
1735   			-2.09   		   		
1741   			-2.21   		   		
1747   			-1.86   		   		
1753   			-2.27   		   		
1758   			-0.99   		   		
1764   			-1.30   		   		
1770   			-0.95   		   		
1776   			-1.36   		   		
1781   			-2.11   		   		
1787   			-1.53   		   		
1793   			-0.20   		   		
1798   			-1.59   		   		
1804   			-0.49   		   		
1810   			-0.55   		   		
1816   			-1.42   		   		
1821   			-0.56   		   		
1827   			-0.74   		   		
1833   			0.02   		   		
1839   			-0.97   		   		
1844   			-1.84   		   		
1850   			-1.61   		   		
1856   			-1.66   		   		
1861   			-1.26   		   		
1867   			-0.68   		   		
1873   			-1.55   		   		
1879   			-0.37   		   		
1884   			-1.18   		   		
1890   			-2.23   		   		
1896   			-2.58   		   		
1902   			-2.29   		   		
1907   			-2.81   		   		
1913   			-2.00   		   		
1919   			-1.59   		   		
1924   			-1.13   		   		
1930   			-1.07   		   		
1936   			-0.93   		   		
1942   			-1.22   		   		
1947   			-1.92   		   		
1953   			-1.45   		   		
1959   			-1.86   		   		
1965   			-1.36   		   		
1970   			-0.72   		   		
1976   			-0.89   		   		
1982   			-0.89   		   		
1987   			-1.13   		   		
1993   			-0.26   		   		
1999   			-0.72   		   		
2005   			-1.07   		   		
2010   			-1.36   		   		
2016   			-1.30   		   		
2022   			-2.67   		   		
2027   			-0.41   		   		
2033   			-1.16   		   		
2039   			-1.86   		   		
2045   			-1.97   		   		
2050   			-2.07   		   		
2056   			-1.37   		   		
2062   			-1.20   		   		
2068   			-0.21   		   		
2073   			-1.26   		   		
2079   			-0.95   		   		
2085   			-2.75   		   		
2090   			-0.66   		   		
2096   			-0.84   		   		
2102   			-0.60   		   		
2108   			-1.05   		   		
2113   			-0.47   		   		
2119   			-0.70   		   		
2125   			0.00   		   		
2131   			-0.70   		   		
2136   			-0.26   		   		
2142   			0.38   		   		
2148   			-0.49   		   		
2153   			-0.66   		   		
2159   			-0.08   		   		
2165   			-1.24   		   		
2171   			-0.72   		   		
2176   			-0.78   		   		
2182   			-1.42   		   		
2188   			-1.30   		   		
2194   			-1.65   		   		
2199   			-1.36   		   		
2205   			-1.07   		   		
2211   			-0.95   		   		
2216   			-0.95   		   		
2222   			-1.45   		   		
2228   			-0.47   		   		
2234   			-1.63   		   		
2239   			-1.10   		   		
2245   			-1.34   		   		
2251   			-1.92   		   		
2257   			-1.51   		   		
2262   			-1.39   		   		
2268   			-0.81   		   		
2274   			-0.93   		   		
2279   			-1.22   		   		
2285   			-1.51   		   		
2291   			-2.38   		   		
2297   			-1.80   		   		
2302   			-1.68   		   		
2308   			-1.10   		   		
2314   			-0.64   		   		
2320   			-2.03   		   		
2325   			-1.22   		   		
2331   			-0.93   		   		
2337   			-1.28   		   		
2342   			-1.51   		   		
2348   			-0.64   		   		
2354   			-1.39   		   		
2360   			-1.10   		   		
2365   			-3.17   		   		
2371   			-1.08   		   		
2377   			-1.66   		   		
2383   			-2.01   		   		
2388   			-1.78   		   		
2394   			-1.10   		   		
2400   			-2.03   		   		
2405   			-2.15   		   		
2411   			-2.21   		   		
2417   			-2.61   		   		
2423   			-2.15   		   		
2428   			-1.86   		   		
2434   			-2.44   		   		
2440   			-2.32   		   		
2446   			-1.34   		   		
2451   			-0.78   		   		
2457   			-2.05   		   		
2463   			-1.18   		   		
2468   			-2.00   		   		
2474   			-1.47   		   		
2480   			-1.28   		   		
2486   			-1.16   		   		
2491   			-1.28   		   		
2497   			-1.57   		   		
2503   			-1.28   		   		
2509   			-0.66   		   		
2514   			-0.84   		   		
2520   			-0.72   		   		
2526   			-1.13   		   		
2531   			-0.72   		   		
2537   			-1.39   		   		
2543   			-1.22   		   		
2549   			-0.99   		   		
2554   			-1.22   		   		
2560   			-0.47   		   		
2566   			-0.76   		   		
2572   			-0.35   		   		
2577   			-0.35   		   		
2583   			-0.41   		   		
2589   			-0.87   		   		
2594   			-0.85   		   		
2600   			-0.74   		   		
2606   			-1.66   		   		
2612   			-0.85   		   		
2617   			-0.39   		   		
2623   			-0.64   		   		
2629   			-0.24   		   		
2635   			-1.22   		   		
2640   			-0.35   		   		
2646   			-0.93   		   		
2652   			-0.93   		   		
2657   			-1.51   		   		
2663   			-1.51   		   		
2669   			-1.10   		   		
2675   			-1.22   		   		
2680   			-1.03   		   		
2686   			-1.20   		   		
2692   			-0.50   		   		
2698   			-0.97   		   		
2703   			-0.68   		   		
2709   			-1.01   		   		
2715   			-1.07   		   		
2720   			-1.24   		   		
2726   			-0.43   		   		
2732   			-0.55   		   		
2738   			-0.95   		   		
2743   			-1.30   		   		
2749   			-1.13   		   		
2755   			-0.89   		   		
2761   			-0.26   		   		
2766   			-0.41   		   		
2772   			-0.29   		   		
2778   			0.05   		   		
2783   			-0.06   		   		
2789   			-0.24   		   		
2795   			-0.06   		   		
2801   			0.34   		   		
2806   			-0.06   		   		
2812   			-0.35   		   		
2818   			-0.70   		   		
2824   			-0.37   		   		
2829   			-0.78   		   		
2835   			-0.02   		   		
2841   			-0.37   		   		
2846   			0.21   		   		
2852   			-0.12   		   		
2858   			-0.12   		   		
2864   			0.05   		   		
2869   			-0.18   		   		
2875   			-0.41   		   		
2881   			-1.94   		   		
2886   			-0.02   		   		
2892   			-0.14   		   		
2898   			-0.31   		   		
2904   			0.32   		   		
2909   			0.03   		   		
2915   			-0.02   		   		
2921   			0.09   		   		
2927   			-0.14   		   		
2932   			0.26   		   		
2938   			0.30   		   		
2944   			-2.54   		   		
2949   			-1.90   		   		
2955   			-1.09   		   		
2961   			-0.97   		   		
2967   			-0.70   		   		
2972   			-0.47   		   		
2978   			-0.47   		   		
2984   			0.17   		   		
2990   			0.40   		   		
2995   			-0.53   		   		
3001   			-0.24   		   		
3007   			-1.51   		   		
3012   			-1.05   		   		
3018   			-1.22   		   		
3024   			-0.39   		   		
3030   			-0.10   		   		
3035   			-0.10   		   		
3041   			-0.39   		   		
3047   			-0.50   		   		
3053   			-0.49   		   		
3058   			-0.60   		   		
3064   			-0.49   		   		
3070   			0.26   		   		
3075   			-0.02   		   		
3081   			-0.78   		   		
3087   			-0.72   		   		
3093   			-1.01   		   		
3098   			-0.84   		   		
3104   			-0.37   		   		
3110   			-1.68   		   		
3116   			-0.76   		   		
3121   			-1.10   		   		
3127   			-2.03   		   		
3133   			-1.16   		   		
3138   			-1.49   		   		
3144   			-1.55   		   		
3150   			-1.26   		   		
3156   			-1.03   		   		
3161   			-1.03   		   		
3167   			-1.37   		   		
3173   			-0.62   		   		
3179   			-2.07   		   		
3184   			-0.16   		   		
3190   			-0.74   		   		
3196   			-1.43   		   		
3201   			-1.43   		   		
3207   			-1.43   		   		
3213   			-1.03   		   		
3219   			-0.50   		   		
3224   			-0.53   		   		
3230   			-0.70   		   		
3236   			-0.47   		   		
3242   			-0.29   		   		
3247   			-0.35   		   		
3253   			-0.72   		   		
3259   			-1.24   		   		
3264   			-0.43   		   		
3270   			-0.72   		   		
3276   			-0.26   		   		
3282   			0.05   		   		
3287   			0.52   		   		
3293   			0.69   		   		
3299   			0.63   		   		
3305   			0.58   		   		
3310   			0.73   		   		
3316   			0.55   		   		
3322   			0.38   		   		
3327   			-0.72   		   		
3333   			-0.43   		   		
3339   			0.05   		   		
3345   			0.63   		   		
3350   			-0.35   		   		
3356   			-0.29   		   		
3362   			-0.12   		   		
3368   			0.17   		   		
3373   			0.58   		   		
3379   			0.40   		   		
3385   			-0.24   		   		
3390   			-0.76   		   		
3396   			-1.24   		   		
3402   			-0.78   		   		
3408   			-1.18   		   		
3413   			-0.78   		   		
3419   			-1.07   		   		
3425   			-0.89   		   		
3431   			-0.43   		   		
3436   			-0.31   		   		
3442   			-0.08   		   		
3448   			0.21   		   		
3453   			0.26   		   		
3459   			-0.02   		   		
3465   			-0.08   		   		
3471   			-0.43   		   		
3476   			-0.66   		   		
3482   			-0.04   		   		
3488   			0.08   		   		
3494   			0.19   		   		
3499   			-0.56   		   		
3505   			-0.91   		   		
3511   			-1.16   		   		
3516   			-1.05   		   		
3522   			-1.34   		   		
3528   			-0.12   		   		
3534   			-0.47   		   		
3539   			-1.43   		   		
3545   			-1.61   		   		
3551   			-2.94   		   		
3556   			-1.08   		   		
3562   			-0.50   		   		
3568   			-0.64   		   		
3574   			0.00   		   		
3579   			-0.64   		   		
3585   			0.00   		   		
3591   			-0.12   		   		
3597   			0.05   		   		
3602   			-0.47   		   		
3608   			-0.47   		   		
3614   			-1.57   		   		
3619   			-0.41   		   		
3625   			0.23   		   		
3631   			-0.24   		   		
3637   			-0.29   		   		
3642   			-0.70   		   		
3648   			-0.87   		   		
3654   			-0.60   		   		
3660   			-0.60   		   		
3665   			-0.95   		   		
3671   			-1.59   		   		
3677   			-3.10   		   		
3682   			-1.10   		   		
3688   			-1.22   		   		
3694   			-0.47   		   		
3700   			-0.87   		   		
3705   			-0.99   		   		
3711   			-1.05   		   		
3717   			0.11   		   		
3723   			-0.76   		   		
3728   			-1.51   		   		
3734   			-0.29   		   		
3740   			-2.21   		   		
3745   			-0.99   		   		
3751   			-1.68   		   		
3757   			-1.34   		   		
3763   			-1.39   		   		
3768   			-1.37   		   		
3774   			-1.08   		   		
3780   			-0.91   		   		
3786   			-0.79   		   		
3791   			0.08   		   		
3797   			-0.64   		   		
3803   			-2.50   		   		
3808   			-1.80   		   		
3814   			-1.22   		   		
3820   			-0.64   		   		
3826   			-0.97   		   		
3831   			-1.37   		   		
3837   			-0.97   		   		
3843   			-0.16   		   		
3849   			-1.14   		   		
3854   			-1.57   		   		
3860   			-0.99   		   		
3866   			-2.85   		   		
3871   			-1.05   		   		
3877   			-0.24   		   		
3883   			-0.81   		   		
3889   			0.17   		   		
3894   			-0.64   		   		
3900   			-0.41   		   		
3906   			-1.28   		   		
3912   			-1.67   		   		
3917   			-1.32   		   		
3923   			-2.08   		   		
3929   			-2.60   		   		
3934   			-1.38   		   		
3940   			-1.01   		   		
3946   			-1.82   		   		
3952   			-0.66   		   		
3957   			-2.23   		   		
3963   			-1.59   		   		
3969   			-1.45   		   		
3975   			-1.51   		   		
3980   			-1.22   		   		
3986   			-1.63   		   		
3992   			-1.05   		   		
3997   			-1.74   		   		
4003   			-0.76   		   		
4009   			-0.93   		   		
4015   			-1.51   		   		
4020   			-1.39   		   		
4026   			-1.63   		   		
4032   			-0.64   		   		
4038   			-1.45   		   		
4043   			-0.41   		   		
4049   			-0.58   		   		
4055   			-0.93   		   		
4060   			-0.35   		   		
4066   			-0.81   		   		
4072   			-0.47   		   		
4078   			-0.87   		   		
4083   			-1.65   		   		
4089   			-1.01   		   		
4095   			-1.30   		   		
4101   			-1.01   		   		
4106   			-1.13   		   		
4112   			-0.68   		   		
4118   			-0.27   		   		
4123   			-0.33   		   		
4129   			0.42   		   		
4135   			-0.04   		   		
4141   			-1.05   		   		
4146   			-1.05   		   		
4152   			-0.87   		   		
4158   			-0.64   		   		
4164   			-0.24   		   		
4169   			0.34   		   		
4175   			-0.12   		   		
4181   			-0.70   		   		
4186   			-0.87   		   		
4192   			-1.34   		   		
4198   			-1.03   		   		
4204   			-0.45   		   		
4209   			0.36   		   		
4215   			-0.79   		   		
4221   			-1.08   		   		
4227   			-0.41   		   		
4232   			-0.58   		   		
4238   			-0.53   		   		
4244   			-1.80   		   		
4249   			-1.39   		   		
4255   			-0.41   		   		
4261   			-0.99   		   		
4267   			-0.41   		   		
4272   			-1.74   		   		
4278   			-1.57   		   		
4284   			-0.06   		   		
4290   			0.34   		   		
4295   			-0.47   		   		
4301   			0.05   		   		
4307   			0.52   		   		
4312   			-0.84   		   		
4318   			-0.26   		   		
4324   			-1.13   		   		
4330   			-0.08   		   		
4335   			-1.01   		   		
4341   			-1.05   		   		
4347   			-1.16   		   		
4353   			-0.93   		   		
4358   			-0.47   		   		
4364   			-0.70   		   		
4370   			-0.14   		   		
4375   			-0.55   		   		
4381   			-0.14   		   		
4387   			0.09   		   		
4393   			-0.43   		   		
4398   			-0.39   		   		
4404   			0.07   		   		
4410   			-0.05   		   		
4416   			-0.57   		   		
4421   			0.01   		   		
4427   			-0.29   		   		
4433   			-0.47   		   		
4438   			0.40   		   		
4444   			1.33   		   		
4450   			0.17   		   		
4456   			0.09   		   		
4461   			-0.84   		   		
4467   			-0.66   		   		
4473   			-2.05   		   		
4478   			-0.78   		   		
4484   			-0.64   		   		
4490   			-0.70   		   		
4496   			-0.58   		   		
4501   			-0.76   		   		
4507   			-0.53   		   		
4513   			-0.49   		   		
4519   			-0.37   		   		
4524   			-0.55   		   		
4530   			-1.07   		   		
4536   			-2.81   		   		
4541   			-0.89   		   		
4547   			-0.84   		   		
4553   			-0.72   		   		
4559   			-1.71   		   		
4564   			-1.42   		   		
4570   			-0.87   		   		
4576   			-1.05   		   		
4582   			-0.12   		   		
4587   			-0.64   		   		
4593   			-1.10   		   		
4599   			-2.01   		   		
4604   			-1.49   		   		
4610   			-1.37   		   		
4616   			-1.95   		   		
4622   			-1.08   		   		
4627   			-0.79   		   		
4633   			0.08   		   		
4639   			-0.33   		   		
4645   			-0.39   		   		
4650   			-0.68   		   		
4656   			-0.33   		   		
4662   			-1.26   		   		
4667   			-0.56   		   		
4673   			0.42   		   		
4679   			-0.33   		   		
4685   			-0.20   		   		
4690   			0.50   		   		
4696   			0.21   		   		
4702   			-0.43   		   		
4708   			-0.26   		   		
4713   			-0.18   		   		
4719   			0.46   		   		
4725   			-0.41   		   		
4730   			-0.87   		   		
4736   			0.29   		   		
4742   			-0.43   		   		
4748   			-0.72   		   		
4753   			-0.72   		   		
4759   			-1.76   		   		
4765   			-1.65   		   		
4771   			-1.57   		   		
4776   			-1.80   		   		
4782   			-2.32   		   		
4788   			-1.63   		   		
4793   			-1.05   		   		
4799   			-0.41   		   		
4805   			-1.28   		   		
4811   			-0.87   		   		
4816   			-1.05   		   		
4822   			-0.35   		   		
4828   			-1.32   		   		
4834   			-0.27   		   		
4839   			-0.56   		   		
4845   			0.02   		   		
4851   			-0.10   		   		
4856   			0.46   		   		
4862   			0.58   		   		
4868   			-0.24   		   		
4874   			0.05   		   		
4879   			-0.93   		   		
4885   			0.40   		   		
4891   			-0.35   		   		
4897   			-0.70   		   		
4902   			-0.35   		   		
4908   			-0.81   		   		
4914   			-1.08   		   		
4919   			-1.08   		   		
4925   			-1.32   		   		
4931   			-1.14   		   		
4937   			-1.61   		   		
4942   			-0.58   		   		
4948   			-0.29   		   		
4954   			-1.63   		   		
4960   			-0.47   		   		
4965   			-0.47   		   		
4971   			0.13   		   		
4977   			0.42   		   		
4982   			0.42   		   		
4988   			0.25   		   		
4994   			-0.79   		   		
5000   			-0.24   		   		
5005   			-0.58   		   		
5011   			-0.53   		   		
5017   			0.46   		   		
5023   			0.40   		   		
5028   			-0.22   		   		
5034   			0.53   		   		
5040   			0.13   		   		
5045   			0.53   		   		
5051   			0.01   		   		
5057   			1.33   		   		
5063   			1.15   		   		
5068   			0.46   		   		
5074   			1.79   		   		
5080   			-0.53   		   		
5085   			0.88   		   		
5091   			0.13   		   		
5097   			0.76   		   		
5103   			1.23   		   		
5108   			0.76   		   		
5114   			1.19   		   		
5120   			1.25   		   		
5126   			0.38   		   		
5131   			0.61   		   		
5137   			0.03   		   		
5143   			-0.80   		   		
5148   			1.23   		   		
5154   			1.00   		   		
5160   			1.52   		   		
5166   			1.75   		   		
5171   			1.19   		   		
5177   			1.25   		   		
5183   			0.44   		   		
5189   			1.36   		   		
5194   			1.54   		   		
5200   			1.42   		   		
5206   			1.88   		   		
5211   			1.77   		   		
5217   			2.81   		   		
5223   			1.25   		   		
5229   			1.21   		   		
5234   			1.44   		   		
5240   			1.62   		   		
5246   			1.79   		   		
5252   			1.50   		   		
5257   			1.79   		   		
5263   			1.91   		   		
5269   			1.96   		   		
5274   			1.62   		   		
5280   			0.98   		   		
5286   			0.52   		   		
5292   			0.92   		   		
5297   			1.67   		   		
5303   			2.08   		   		
5309   			2.71   		   		
5315   			1.58   		   		
5320   			1.87   		   		
5326   			2.27   		   		
5332   			2.10   		   		
5337   			2.74   		   		
5343   			2.60   		   		
5349   			2.43   		   		
5355   			3.29   		   		
5360   			2.31   		   		
5366   			2.95   		   		
5372   			2.50   		   		
5378   			2.62   		   		
5383   			2.33   		   		
5389   			3.25   		   		
5395   			3.60   		   		
5400   			3.10   		   		
5406   			2.52   		   		
5412   			2.98   		   		
5418   			3.04   		   		
5423   			3.33   		   		
5429   			2.92   		   		
5435   			3.33   		   		
5441   			3.04   		   		
5446   			4.31   		   		
5452   			3.67   		   		
5458   			4.56   		   		
5463   			4.62   		   		
5469   			4.68   		   		
5475   			4.39   		   		
5481   			4.39   		   		
5486   			4.31   		   		
5492   			4.71   		   		
5498   			4.14   		   		
5503   			3.62   		   		
5509   			3.04   		   		
5515   			3.98   		   		
5521   			3.23   		   		
5526   			3.58   		   		
5532   			4.04   		   		
5538   			4.85   		   		
5544   			4.33   		   		
5549   			4.56   		   		
5555   			4.50   		   		
5561   			2.77   		   		
5566   			4.50   		   		
5572   			3.52   		   		
5578   			3.87   		   		
5584   			3.52   		   		
5589   			3.52   		   		
5595   			3.75   		   		
5601   			3.56   		   		
5607   			3.27   		   		
5612   			3.79   		   		
5618   			4.83   		   		
5624   			2.46   		   		
5629   			3.98   		   		
5635   			3.98   		   		
5641   			4.56   		   		
5647   			4.44   		   		
5652   			5.54   		   		
5658   			3.98   		   		
5664   			3.93   		   		
5670   			4.68   		   		
5675   			4.68   		   		
5681   			4.62   		   		
5687   			5.19   		   		
5692   			4.68   		   		
5698   			6.00   		   		
5704   			5.77   		   		
5710   			5.37   		   		
5715   			5.31   		   		
5721   			4.33   		   		
5727   			4.96   		   		
5733   			5.94   		   		
5738   			5.42   		   		
5744   			6.54   		   		
5750   			6.08   		   		
5755   			5.68   		   		
5761   			6.31   		   		
5767   			6.65   		   		
5773   			5.75   		   		
5778   			6.78   		   		
5784   			6.55   		   		
5790   			6.38   		   		
5796   			7.01   		   		
5801   			6.23   		   		
5807   			6.69   		   		
5813   			6.23   		   		
5818   			6.29   		   		
5824   			6.69   		   		
5830   			6.37   		   		
5836   			6.88   		   		
5841   			7.57   		   		
5847   			6.48   		   		
5853   			6.60   		   		
5859   			6.57   		   		
5864   			6.69   		   		
5870   			6.92   		   		
5876   			7.61   		   		
5881   			6.40   		   		
5887   			6.75   		   		
5893   			7.21   		   		
5899   			7.32   		   		
5904   			7.26   		   		
5910   			7.21   		   		
5916   			6.50   		   		
5922   			7.42   		   		
5927   			6.84   		   		
5933   			6.90   		   		
5939   			6.67   		   		
5944   			7.38   		   		
5950   			7.15   		   		
5956   			7.95   		   		
5962   			7.67   		   		
5967   			7.95   		   		
5973   			7.49   		   		
5979   			8.18   		   		
5985   			8.41   		   		
5990   			7.72   		   		
5996   			8.01   		   		
6002   			6.94   		   		
6007   			7.63   		   		
6013   			7.74   		   		
6019   			7.00   		   		
6025   			6.77   		   		
6030   			7.84   		   		
6036   			7.67   		   		
6042   			7.67   		   		
6048   			8.24   		   		
6053   			7.38   		   		
6059   			8.10   		   		
6065   			7.70   		   		
6070   			7.42   		   		
6076   			8.16   		   		
6082   			8.33   		   		
6088   			8.24   		   		
6093   			7.78   		   		
6099   			8.64   		   		
6105   			7.67   		   		
6111   			8.18   		   		
6116   			8.55   		   		
6122   			9.35   		   		
6128   			10.04   		   		
6133   			9.35   		   		
6139   			8.78   		   		
6145   			9.85   		   		
6151   			9.27   		   		
6156   			9.73   		   		
6162   			9.85   		   		
6168   			10.36   		   		
6174   			8.81   		   		
6179   			9.50   		   		
6185   			8.87   		   		
6191   			8.93   		   		
6196   			8.76   		   		
6202   			9.14   		   		
6208   			9.08   		   		
6214   			8.74   		   		
6219   			8.56   		   		
6225   			8.68   		   		
6231   			6.21   		   		
6236   			9.42   		   		
6242   			8.16   		   		
6248   			8.28   		   		
6254   			8.56   		   		
6259   			8.93   		   		
6265   			9.10   		   		
6271   			9.85   		   		
6277   			9.04   		   		
6282   			9.56   		   		
6288   			8.47   		   		
6294   			6.23   		   		
6299   			8.41   		   		
6305   			8.36   		   		
6311   			9.27   		   		
6317   			8.74   		   		
6322   			8.45   		   		
6328   			9.08   		   		
6334   			8.22   		   		
6340   			8.68   		   		
6345   			8.53   		   		
6351   			8.70   		   		
6357   			6.75   		   		
6362   			8.76   		   		
6368   			8.53   		   		
6374   			8.95   		   		
6380   			8.78   		   		
6385   			8.09   		   		
6391   			8.95   		   		
6397   			9.01   		   		
6403   			8.74   		   		
6408   			8.56   		   		
6414   			8.74   		   		
6420   			8.56   		   		
6425   			9.42   		   		
6431   			9.52   		   		
6437   			8.72   		   		
6443   			9.35   		   		
6448   			8.95   		   		
6454   			9.47   		   		
6460   			9.52   		   		
6466   			9.12   		   		
6471   			8.55   		   		
6477   			8.89   		   		
6483   			8.72   		   		
6488   			9.73   		   		
6494   			10.42   		   		
6500   			9.27   		   		
6506   			9.04   		   		
6511   			9.27   		   		
6517   			8.49   		   		
6523   			9.52   		   		
6529   			9.47   		   		
6534   			9.01   		   		
6540   			9.87   		   		
6546   			8.76   		   		
6551   			8.93   		   		
6557   			9.16   		   		
6563   			9.16   		   		
6569   			8.87   		   		
6574   			9.60   		   		
6580   			9.83   		   		
6586   			9.60   		   		
6592   			8.91   		   		
6597   			8.79   		   		
6603   			8.99   		   		
6609   			9.04   		   		
6614   			9.04   		   		
6620   			9.27   		   		
6626   			10.25   		   		
6632   			8.93   		   		
6637   			9.62   		   		
6643   			9.73   		   		
6649   			10.02   		   		
6655   			9.44   		   		
6660   			10.08   		   		
6666   			9.39   		   		
6672   			8.93   		   		
6677   			8.93   		   		
6683   			9.27   		   		
6689   			10.02   		   		
6695   			9.67   		   		
6700   			9.67   		   		
6706   			9.33   		   		
6712   			9.44   		   		
6717   			9.79   		   		
6723   			8.24   		   		
6729   			9.33   		   		
6735   			9.33   		   		
6740   			9.39   		   		
6746   			8.68   		   		
6752   			9.94   		   		
6758   			9.65   		   		
6763   			9.88   		   		
6769   			9.65   		   		
6775   			7.65   		   		
6780   			9.88   		   		
6786   			9.19   		   		
6792   			9.71   		   		
6798   			9.14   		   		
6803   			8.68   		   		
6809   			9.26   		   		
6815   			9.09   		   		
6821   			8.97   		   		
6826   			9.20   		   		
6832   			8.55   		   		
6838   			7.34   		   		
6843   			8.15   		   		
6849   			8.72   		   		
6855   			7.57   		   		
6861   			8.38   		   		
6866   			7.92   		   		
6872   			8.20   		   		
6878   			8.15   		   		
6884   			8.38   		   		
6889   			8.16   		   		
6895   			8.91   		   		
6901   			6.84   		   		
6906   			9.08   		   		
6912   			9.02   		   		
6918   			8.87   		   		
6924   			8.58   		   		
6929   			8.30   		   		
6935   			7.95   		   		
6941   			8.93   		   		
6947   			9.08   		   		
6952   			9.94   		   		
6958   			8.85   		   		
6964   			7.30   		   		
6969   			8.56   		   		
6975   			8.66   		   		
6981   			8.09   		   		
6987   			8.66   		   		
6992   			8.61   		   		
6998   			8.49   		   		
7004   			7.32   		   		
7010   			7.72   		   		
7015   			8.87   		   		
7021   			8.01   		   		
7027   			7.72   		   		
7032   			8.01   		   		
7038   			8.64   		   		
7044   			8.30   		   		
7050   			7.95   		   		
7055   			7.55   		   		
7061   			9.10   		   		
7067   			8.87   		   		
7073   			9.10   		   		
7078   			9.79   		   		
7084   			9.10   		   		
7090   			8.85   		   		
7095   			8.97   		   		
7101   			8.79   		   		
7107   			8.56   		   		
7113   			8.39   		   		
7118   			8.28   		   		
7124   			8.79   		   		
7130   			8.56   		   		
7136   			8.56   		   		
7141   			9.25   		   		
7147   			8.62   		   		
7153   			7.76   		   		
7158   			7.47   		   		
7164   			7.65   		   		
7170   			7.42   		   		
7176   			7.30   		   		
7181   			7.65   		   		
7187   			8.39   		   		
7193   			8.62   		   		
7199   			8.85   		   		
7204   			8.01   		   		
7210   			9.27   		   		
7216   			8.36   		   		
7221   			9.10   		   		
7227   			8.70   		   		
7233   			8.93   		   		
7239   			8.64   		   		
7244   			9.27   		   		
7250   			9.16   		   		
7256   			8.47   		   		
7262   			8.41   		   		
7267   			8.24   		   		
7273   			8.13   		   		
7279   			8.01   		   		
7284   			7.67   		   		
7290   			8.30   		   		
7296   			8.07   		   		
7302   			8.36   		   		
7307   			8.76   		   		
7313   			8.58   		   		
7319   			8.72   		   		
7325   			7.80   		   		
7330   			8.03   		   		
7336   			8.95   		   		
7342   			8.43   		   		
7347   			8.64   		   		
7353   			8.18   		   		
7359   			7.78   		   		
7365   			8.53   		   		
7370   			7.90   		   		
7376   			8.58   		   		
7382   			8.87   		   		
7388   			8.41   		   		
7393   			8.07   		   		
7399   			8.18   		   		
7405   			9.10   		   		
7410   			8.58   		   		
7416   			7.95   		   		
7422   			9.33   		   		
7428   			8.47   		   		
7433   			8.13   		   		
7439   			8.47   		   		
7445   			8.47   		   		
7451   			8.58   		   		
7456   			8.01   		   		
7462   			8.64   		   		
7468   			9.33   		   		
7473   			8.70   		   		
7479   			8.93   		   		
7485   			8.70   		   		
7491   			7.95   		   		
7496   			7.78   		   		
7502   			8.18   		   		
7508   			8.07   		   		
7514   			8.99   		   		
7519   			8.93   		   		
7525   			9.22   		   		
7531   			9.50   		   		
7536   			9.10   		   		
7542   			9.44   		   		
7548   			8.91   		   		
7554   			9.25   		   		
7559   			9.19   		   		
7565   			8.05   		   		
7571   			7.07   		   		
7577   			8.66   		   		
7582   			8.72   		   		
7588   			9.18   		   		
7594   			9.41   		   		
7599   			8.89   		   		
7605   			9.40   		   		
7611   			9.12   		   		
7617   			8.54   		   		
7622   			9.12   		   		
7628   			8.94   		   		
7634   			7.32   		   		
7639   			8.13   		   		
7645   			9.50   		   		
7651   			8.93   		   		
7657   			9.27   		   		
7662   			9.25   		   		
7668   			8.10   		   		
7674   			8.39   		   		
7680   			8.62   		   		
7685   			8.51   		   		
7691   			8.41   		   		
7697   			7.78   		   		
7702   			8.64   		   		
7708   			8.99   		   		
7714   			8.30   		   		
7720   			9.19   		   		
7725   			8.62   		   		
7731   			8.85   		   		
7737   			8.79   		   		
7743   			8.62   		   		
7748   			8.51   		   		
7754   			7.88   		   		
7760   			8.39   		   		
7765   			8.39   		   		
7771   			9.08   		   		
7777   			8.61   		   		
7783   			8.66   		   		
7788   			8.26   		   		
7794   			7.92   		   		
7800   			8.38   		   		
7806   			8.53   		   		
7811   			7.72   		   		
7817   			7.38   		   		
7823   			7.72   		   		
7828   			7.55   		   		
7834   			9.79   		   		
7840   			8.81   		   		
7846   			9.73   		   		
7851   			9.22   		   		
7857   			9.44   		   		
7863   			9.50   		   		
7869   			8.41   		   		
7874   			8.41   		   		
7880   			8.70   		   		
7886   			9.04   		   		
7891   			9.87   		   		
7897   			9.41   		   		
7903   			9.35   		   		
7909   			8.89   		   		
7914   			8.03   		   		
7920   			8.47   		   		
7926   			8.58   		   		
7932   			8.30   		   		
7937   			8.47   		   		
7943   			9.22   		   		
7949   			9.14   		   		
7954   			9.08   		   		
7960   			9.08   		   		
7966   			8.33   		   		
7972   			9.02   		   		
7977   			8.53   		   		
7983   			9.33   		   		
7989   			9.56   		   		
7995   			9.04   		   		
8000   			9.67   		   		
8006   			8.81   		   		
8012   			8.47   		   		
8017   			8.99   		   		
8023   			8.87   		   		
8029   			9.22   		   		
8035   			9.31   		   		
8040   			9.31   		   		
8046   			8.79   		   		
8052   			8.16   		   		
8058   			8.62   		   		
8063   			9.06   		   		
8069   			9.52   		   		
8075   			8.32   		   		
8080   			9.18   		   		
8086   			9.92   		   		
8092   			9.33   		   		
8098   			9.10   		   		
8103   			8.64   		   		
8109   			7.84   		   		
8115   			8.07   		   		
8121   			7.53   		   		
8126   			7.53   		   		
8132   			7.59   		   		
8138   			8.45   		   		
8143   			8.33   		   		
8149   			8.03   		   		
8155   			8.09   		   		
8161   			8.32   		   		
8166   			7.80   		   		
8172   			8.15   		   		
8178   			7.93   		   		
8184   			8.05   		   		
8189   			8.33   		   		
8195   			8.51   		   		
8201   			8.68   		   		
8206   			7.92   		   		
8212   			8.26   		   		
8218   			8.89   		   		
8224   			8.20   		   		
8229   			8.95   		   		
8235   			9.47   		   		
8241   			9.47   		   		
8247   			8.49   		   		
8252   			8.61   		   		
8258   			9.29   		   		
8264   			9.35   		   		
8269   			8.77   		   		
8275   			8.77   		   		
8281   			8.77   		   		
8287   			8.43   		   		
8292   			8.97   		   		
8298   			8.56   		   		
8304   			8.22   		   		
8310   			8.28   		   		
8315   			8.22   		   		
8321   			8.84   		   		
8327   			9.24   		   		
8332   			9.24   		   		
8338   			8.66   		   		
8344   			9.35   		   		
8350   			8.70   		   		
8355   			8.30   		   		
8361   			8.99   		   		
8367   			8.07   		   		
8373   			8.13   		   		
8378   			8.66   		   		
8384   			8.89   		   		
8390   			8.09   		   		
8395   			8.38   		   		
8401   			7.69   		   		
8407   			7.78   		   		
8413   			8.70   		   		
8418   			8.87   		   		
8424   			8.70   		   		
8430   			10.65   		   		
8436   			10.15   		   		
8441   			9.41   		   		
8447   			9.01   		   		
8453   			7.97   		   		
8458   			8.66   		   		
8464   			8.84   		   		
8470   			9.24   		   		
8476   			9.75   		   		
8481   			9.98   		   		
8487   			9.12   		   		
8493   			8.99   		   		
8499   			8.70   		   		
8504   			8.53   		   		
8510   			9.04   		   		
8516   			9.33   		   		
8521   			8.66   		   		
8527   			8.54   		   		
8533   			8.03   		   		
8539   			8.60   		   		
8544   			8.60   		   		
8550   			9.04   		   		
8556   			7.95   		   		
8562   			8.58   		   		
8567   			8.01   		   		
8573   			7.78   		   		
8579   			8.79   		   		
8584   			8.28   		   		
8590   			7.42   		   		
8596   			7.42   		   		
8602   			7.93   		   		
8607   			8.18   		   		
8613   			8.01   		   		
8619   			8.18   		   		
8625   			7.72   		   		
8630   			8.47   		   		
8636   			9.10   		   		
8642   			9.10   		   		
8647   			9.22   		   		
8653   			8.87   		   		
8659   			8.53   		   		
8665   			8.64   		   		
8670   			8.24   		   		
8676   			8.24   		   		
8682   			8.30   		   		
8687   			8.07   		   		
8693   			8.39   		   		
8699   			8.91   		   		
8705   			9.14   		   		
8710   			8.56   		   		
8716   			8.33   		   		
8722   			8.47   		   		
8728   			8.13   		   		
8733   			7.55   		   		
8739   			8.41   		   		
8745   			8.24   		   		
8750   			7.55   		   		
8756   			8.18   		   		
8762   			8.41   		   		
8768   			8.01   		   		
8773   			7.95   		   		
8779   			7.42   		   		
8785   			8.45   		   		
8791   			7.93   		   		
8796   			7.59   		   		
8802   			8.56   		   		
8808   			5.96   		   		
8813   			8.38   		   		
8819   			7.17   		   		
8825   			7.40   		   		
8831   			8.15   		   		
8836   			7.61   		   		
8842   			8.07   		   		
8848   			8.01   		   		
8854   			7.61   		   		
8859   			8.76   		   		
8865   			7.38   		   		
8871   			7.67   		   		
8876   			8.30   		   		
8882   			8.87   		   		
8888   			8.76   		   		
8894   			7.84   		   		
8899   			7.49   		   		
8905   			8.24   		   		
8911   			8.24   		   		
8917   			7.67   		   		
8922   			8.13   		   		
8928   			8.24   		   		
8934   			8.70   		   		
8939   			9.04   		   		
8945   			8.30   		   		
8951   			8.24   		   		
8957   			7.84   		   		
8962   			8.18   		   		
8968   			7.90   		   		
8974   			7.15   		   		
8980   			7.63   		   		
8985   			7.52   		   		
8991   			8.43   		   		
8997   			7.80   		   		
9002   			8.38   		   		
9008   			8.38   		   		
9014   			7.57   		   		
9020   			7.34   		   		
9025   			7.74   		   		
9031   			7.63   		   		
9037   			7.95   		   		
9043   			8.70   		   		
9048   			8.58   		   		
9054   			9.27   		   		
9060   			8.58   		   		
9065   			7.93   		   		
9071   			8.33   		   		
9077   			8.85   		   		
9083   			8.79   		   		
9088   			9.19   		   		
9094   			8.49   		   		
9100   			7.86   		   		
9106   			8.15   		   		
9111   			8.78   		   		
9117   			8.32   		   		
9123   			8.09   		   		
9128   			8.38   		   		
9134   			8.78   		   		
9140   			9.06   		   		
9146   			7.92   		   		
9151   			8.58   		   		
9157   			8.93   		   		
9163   			9.04   		   		
9169   			9.16   		   		
9174   			8.13   		   		
9180   			8.81   		   		
9186   			9.27   		   		
9191   			9.90   		   		
9197   			9.56   		   		
9203   			9.56   		   		
9209   			8.07   		   		
9214   			8.30   		   		
9220   			8.70   		   		
9226   			8.30   		   		
9232   			7.90   		   		
9237   			8.13   		   		
9243   			7.38   		   		
9249   			7.90   		   		
9254   			8.13   		   		
9260   			7.55   		   		
9266   			7.84   		   		
9272   			7.78   		   		
9277   			8.53   		   		
9283   			8.81   		   		
9289   			8.64   		   		
9294   			7.84   		   		
9300   			7.44   		   		
9306   			7.44   		   		
9312   			7.49   		   		
9317   			7.78   		   		
9323   			7.61   		   		
9329   			8.81   		   		
9335   			8.24   		   		
9340   			8.93   		   		
9346   			8.18   		   		
9352   			6.09   		   		
9357   			7.36   		   		
9363   			7.93   		   		
9369   			7.01   		   		
9375   			7.99   		   		
9380   			7.65   		   		
9386   			7.82   		   		
9392   			7.59   		   		
9398   			7.24   		   		
9403   			7.70   		   		
9409   			7.61   		   		
9415   			7.32   		   		
9420   			8.07   		   		
9426   			7.90   		   		
9432   			8.36   		   		
9438   			8.87   		   		
9443   			7.90   		   		
9449   			8.18   		   		
9455   			8.13   		   		
9461   			8.47   		   		
9466   			7.93   		   		
9472   			8.45   		   		
9478   			8.16   		   		
9483   			8.16   		   		
9489   			8.28   		   		
9495   			8.07   		   		
9501   			9.10   		   		
9506   			7.61   		   		
9512   			8.01   		   		
9518   			7.78   		   		
9524   			7.13   		   		
9529   			7.19   		   		
9535   			7.53   		   		
9541   			8.22   		   		
9546   			8.28   		   		
9552   			8.76   		   		
9558   			8.13   		   		
9564   			7.78   		   		
9569   			7.95   		   		
9575   			7.72   		   		
9581   			7.90   		   		
9587   			8.93   		   		
9592   			8.53   		   		
9598   			8.01   		   		
9604   			8.41   		   		
9609   			8.30   		   		
9615   			8.01   		   		
9621   			8.18   		   		
9627   			8.13   		   		
9632   			8.41   		   		
9638   			7.76   		   		
9644   			8.10   		   		
9650   			7.99   		   		
9655   			8.16   		   		
9661   			8.05   		   		
9667   			8.36   		   		
9672   			7.90   		   		
9678   			8.47   		   		
9684   			8.07   		   		
9690   			7.38   		   		
9695   			8.24   		   		
9701   			8.36   		   		
9707   			8.30   		   		
9713   			9.04   		   		
9718   			8.70   		   		
9724   			8.62   		   		
9730   			8.56   		   		
9735   			8.10   		   		
9741   			9.02   		   		
9747   			9.19   		   		
9753   			8.01   		   		
9758   			7.61   		   		
9764   			8.47   		   		
9770   			8.47   		   		
9776   			8.30   		   		
9781   			8.56   		   		
9787   			8.10   		   		
9793   			9.19   		   		
9798   			9.08   		   		
9804   			7.82   		   		
9810   			8.87   		   		
9816   			8.53   		   		
9821   			8.41   		   		
9827   			9.10   		   		
9833   			9.16   		   		
9839   			9.10   		   		
9844   			8.64   		   		
9850   			7.95   		   		
9856   			8.64   		   		
9861   			8.30   		   		
9867   			8.53   		   		
9873   			7.84   		   		
9879   			8.47   		   		
9884   			7.55   		   		
9890   			8.47   		   		
9896   			8.23   		   		
9902   			8.63   		   		
9907   			8.05   		   		
9913   			9.14   		   		
9919   			8.63   		   		
9924   			8.58   		   		
9930   			7.90   		   		
9936   			8.24   		   		
9942   			8.93   		   		
9947   			9.33   		   		
9953   			8.93   		   		
9959   			8.70   		   		
9965   			9.50   		   		
9970   			8.18   		   		
9976   			8.30   		   		
9982   			9.02   		   		
9987   			8.45   		   		
9993   			8.74   		   		
9999   			9.37   		   		
10005   			9.02   		   		
10010   			8.76   		   		
10016   			7.90   		   		
10022   			8.81   		   		
10028   			8.76   		   		
10033   			8.93   		   		
10039   			9.18   		   		
10045   			10.15   		   		
10050   			9.12   		   		
10056   			8.66   		   		
10062   			9.29   		   		
10068   			8.97   		   		
10073   			9.19   		   		
10079   			9.37   		   		
10085   			8.22   		   		
10090   			7.65   		   		
10096   			8.03   		   		
10102   			7.52   		   		
10108   			8.20   		   		
10113   			8.72   		   		
10119   			8.78   		   		
10125   			8.38   		   		
10131   			8.38   		   		
10136   			7.69   		   		
10142   			7.92   		   		
10148   			5.85   		   		
10153   			7.49   		   		
10159   			6.75   		   		
10165   			7.95   		   		
10171   			8.36   		   		
10176   			8.13   		   		
10182   			7.78   		   		
10188   			9.56   		   		
10194   			8.47   		   		
10199   			8.30   		   		
10205   			7.90   		   		
10211   			6.11   		   		
10216   			8.24   		   		
10222   			7.78   		   		
10228   			7.38   		   		
10234   			7.03   		   		
10239   			7.44   		   		
10245   			7.55   		   		
10251   			6.86   		   		
10257   			7.72   		   		
10262   			7.21   		   		
10268   			7.57   		   		
10274   			7.23   		   		
10279   			7.80   		   		
10285   			7.63   		   		
10291   			9.35   		   		
10297   			8.07   		   		
10302   			8.13   		   		
10308   			7.95   		   		
10314   			8.07   		   		
10320   			8.24   		   		
10325   			7.36   		   		
10331   			7.93   		   		
10337   			8.16   		   		
10342   			8.45   		   		
10348   			8.45   		   		
10354   			7.92   		   		
10360   			8.55   		   		
10365   			8.15   		   		
10371   			8.38   		   		
10377   			8.61   		   		
10383   			8.30   		   		
10388   			8.07   		   		
10394   			8.53   		   		
10400   			8.53   		   		
10405   			7.78   		   		
10411   			8.22   		   		
10417   			7.88   		   		
10423   			7.24   		   		
10428   			7.76   		   		
10434   			8.28   		   		
10440   			8.05   		   		
10446   			7.82   		   		
10451   			8.16   		   		
10457   			7.99   		   		
10463   			8.56   		   		
10468   			8.85   		   		
10474   			8.05   		   		
10480   			8.97   		   		
10486   			8.28   		   		
10491   			7.82   		   		
10497   			9.02   		   		
10503   			8.45   		   		
10509   			7.82   		   		
10514   			7.30   		   		
10520   			7.59   		   		
10526   			9.08   		   		
10531   			8.85   		   		
10537   			9.25   		   		
10543   			8.51   		   		
10549   			7.76   		   		
10554   			8.53   		   		
10560   			8.99   		   		
10566   			8.87   		   		
10572   			8.24   		   		
10577   			8.36   		   		
10583   			8.64   		   		
10589   			9.27   		   		
10594   			8.87   		   		
10600   			7.67   		   		
10606   			7.38   		   		
10612   			8.03   		   		
10617   			7.80   		   		
10623   			8.66   		   		
10629   			8.55   		   		
10635   			9.12   		   		
10640   			8.33   		   		
10646   			7.82   		   		
10652   			8.68   		   		
10657   			7.70   		   		
10663   			7.59   		   		
10669   			8.09   		   		
10675   			7.69   		   		
10680   			7.97   		   		
10686   			8.49   		   		
10692   			7.80   		   		
10698   			8.47   		   		
10703   			8.30   		   		
10709   			7.78   		   		
10715   			7.03   		   		
10720   			7.95   		   		
10726   			8.07   		   		
10732   			7.44   		   		
10738   			8.01   		   		
10743   			8.41   		   		
10749   			8.24   		   		
10755   			8.07   		   		
10761   			7.38   		   		
10766   			8.01   		   		
10772   			8.30   		   		
10778   			7.90   		   		
10783   			8.28   		   		
10789   			9.31   		   		
10795   			9.19   		   		
10801   			8.39   		   		
10806   			8.85   		   		
10812   			9.12   		   		
10818   			8.66   		   		
10824   			8.84   		   		
10829   			8.61   		   		
10835   			9.47   		   		
10841   			8.97   		   		
10846   			9.54   		   		
10852   			9.65   		   		
10858   			8.22   		   		
10864   			8.85   		   		
10869   			9.62   		   		
10875   			10.08   		   		
10881   			9.50   		   		
10886   			9.04   		   		
10892   			8.13   		   		
10898   			8.09   		   		
10904   			8.15   		   		
10909   			7.86   		   		
10915   			8.55   		   		
10921   			8.43   		   		
10927   			9.29   		   		
10932   			9.58   		   		
10938   			9.29   		   		
10944   			6.54   		   		
10949   			9.58   		   		
10955   			8.58   		   		
10961   			8.64   		   		
10967   			9.50   		   		
10972   			9.04   		   		
10978   			8.93   		   		
10984   			8.41   		   		
10990   			8.18   		   		
10995   			7.67   		   		
11001   			7.61   		   		
11007   			7.55   		   		
11012   			7.99   		   		
11018   			7.65   		   		
11024   			8.91   		   		
11030   			7.59   		   		
11035   			7.42   		   		
11041   			7.72   		   		
11047   			8.36   		   		
11053   			8.18   		   		
11058   			8.47   		   		
11064   			8.64   		   		
11070   			8.07   		   		
11075   			8.18   		   		
11081   			8.87   		   		
11087   			8.53   		   		
11093   			8.76   		   		
11098   			8.64   		   		
11104   			8.81   		   		
11110   			8.18   		   		
11116   			8.01   		   		
11121   			8.70   		   		
11127   			8.41   		   		
11133   			7.44   		   		
11138   			7.84   		   		
11144   			9.85   		   		
11150   			8.99   		   		
11156   			7.93   		   		
11161   			7.93   		   		
11167   			8.05   		   		
11173   			8.68   		   		
11179   			8.22   		   		
11184   			8.99   		   		
11190   			8.70   		   		
11196   			8.30   		   		
11201   			8.64   		   		
11207   			8.47   		   		
11213   			8.72   		   		
11219   			8.89   		   		
11224   			8.20   		   		
11230   			8.95   		   		
11236   			8.26   		   		
11242   			8.45   		   		
11247   			9.19   		   		
11253   			8.22   		   		
11259   			7.99   		   		
11264   			7.99   		   		
11270   			7.49   		   		
11276   			8.01   		   		
11282   			7.72   		   		
11287   			8.24   		   		
11293   			8.58   		   		
11299   			7.49   		   		
11305   			7.72   		   		
11310   			8.87   		   		
11316   			8.41   		   		
11322   			7.78   		   		
11327   			8.09   		   		
11333   			8.95   		   		
11339   			8.49   		   		
11345   			9.18   		   		
11350   			7.80   		   		
11356   			7.47   		   		
11362   			7.47   		   		
11368   			8.10   		   		
11373   			7.70   		   		
11379   			7.01   		   		
11385   			8.49   		   		
11390   			8.49   		   		
11396   			8.61   		   		
11402   			8.78   		   		
11408   			8.78   		   		
11413   			9.60   		   		
11419   			8.39   		   		
11425   			9.02   		   		
11431   			8.97   		   		
11436   			8.91   		   		
11442   			8.36   		   		
11448   			8.47   		   		
11453   			8.30   		   		
11459   			8.70   		   		
11465   			9.67   		   		
11471   			8.13   		   		
11476   			8.07   		   		
11482   			7.67   		   		
11488   			8.36   		   		
11494   			9.10   		   		
11499   			8.07   		   		
11505   			8.24   		   		
11511   			8.81   		   		
11516   			7.90   		   		
11522   			8.30   		   		
11528   			8.16   		   		
11534   			7.65   		   		
11539   			7.93   		   		
11545   			8.62   		   		
11551   			8.39   		   		
11557   			8.68   		   		
11562   			8.05   		   		
11568   			8.45   		   		
11574   			7.76   		   		
11579   			8.39   		   		
11585   			8.11   		   		
11591   			8.11   		   		
11597   			8.34   		   		
11602   			8.11   		   		
11608   			8.51   		   		
11614   			8.81   		   		
11620   			8.30   		   		
11625   			8.13   		   		
11631   			8.53   		   		
11637   			8.81   		   		
11642   			8.91   		   		
11648   			8.85   		   		
11654   			8.16   		   		
11660   			7.88   		   		
11665   			7.76   		   		
11671   			7.19   		   		
11677   			7.93   		   		
11683   			8.51   		   		
11688   			7.99   		   		
11694   			7.93   		   		
11700   			8.10   		   		
11705   			7.36   		   		
11711   			7.59   		   		
11717   			7.88   		   		
11723   			8.10   		   		
11728   			8.10   		   		
11734   			8.45   		   		
11740   			8.68   		   		
11746   			8.33   		   		
11751   			8.56   		   		
11757   			9.06   		   		
11763   			9.52   		   		
11768   			8.15   		   		
11774   			8.55   		   		
11780   			9.18   		   		
11786   			7.78   		   		
11791   			8.18   		   		
11797   			9.16   		   		
11803   			8.30   		   		
11809   			8.30   		   		
11814   			8.58   		   		
11820   			8.07   		   		
11826   			7.90   		   		
11831   			7.78   		   		
11837   			8.01   		   		
11843   			8.72   		   		
11849   			8.78   		   		
11854   			8.49   		   		
11860   			8.09   		   		
11866   			6.77   		   		
11871   			8.39   		   		
11877   			7.88   		   		
11883   			7.07   		   		
11889   			7.42   		   		
11894   			7.13   		   		
11900   			7.21   		   		
11906   			7.78   		   		
11912   			7.44   		   		
11917   			7.67   		   		
11923   			7.21   		   		
11929   			5.94   		   		
11934   			7.84   		   		
11940   			7.61   		   		
11946   			8.41   		   		
11952   			7.55   		   		
11957   			7.26   		   		
11963   			7.90   		   		
11969   			7.32   		   		
11975   			8.64   		   		
11980   			8.58   		   		
11986   			8.07   		   		
11992   			6.63   		   		
11997   			9.22   		   		
12003   			8.18   		   		
12009   			8.87   		   		
12015   			9.12   		   		
12020   			9.01   		   		
12026   			9.24   		   		
12032   			8.89   		   		
12038   			8.66   		   		
12043   			8.58   		   		
12049   			7.72   		   		
12055   			7.21   		   		
12060   			8.58   		   		
12066   			8.18   		   		
12072   			8.78   		   		
12078   			7.11   		   		
12083   			8.20   		   		
12089   			8.15   		   		
12095   			8.26   		   		
12101   			8.28   		   		
12106   			8.22   		   		
12112   			8.33   		   		
12118   			8.33   		   		
12123   			7.70   		   		
12129   			8.47   		   		
12135   			9.22   		   		
12141   			8.47   		   		
12146   			8.13   		   		
12152   			8.70   		   		
12158   			8.47   		   		
12164   			9.22   		   		
12169   			9.04   		   		
12175   			9.16   		   		
12181   			8.99   		   		
12186   			8.76   		   		
12192   			9.79   		   		
12198   			8.99   		   		
12204   			8.64   		   		
12209   			8.01   		   		
12215   			8.36   		   		
12221   			8.53   		   		
12227   			9.04   		   		
12232   			8.30   		   		
12238   			9.16   		   		
12244   			9.14   		   		
12249   			9.77   		   		
12255   			9.54   		   		
12261   			9.14   		   		
12267   			9.25   		   		
12272   			8.36   		   		
12278   			9.10   		   		
12284   			8.64   		   		
12290   			9.33   		   		
12295   			9.39   		   		
12301   			9.02   		   		
12307   			9.08   		   		
12312   			8.68   		   		
12318   			8.10   		   		
12324   			9.08   		   		
12330   			9.54   		   		
12335   			9.14   		   		
12341   			9.37   		   		
12347   			7.59   		   		
12353   			8.16   		   		
12358   			9.27   		   		
12364   			9.10   		   		
12370   			8.41   		   		
12375   			7.72   		   		
12381   			8.01   		   		
12387   			8.53   		   		
12393   			8.47   		   		
12398   			8.36   		   		
12404   			8.53   		   		
12410   			8.53   		   		
12416   			7.92   		   		
12421   			8.95   		   		
12427   			9.64   		   		
12433   			8.95   		   		
12438   			8.61   		   		
12444   			9.33   		   		
12450   			8.81   		   		
12456   			8.81   		   		
12461   			8.87   		   		
12467   			8.70   		   		
12473   			9.18   		   		
12479   			9.06   		   		
12484   			10.10   		   		
12490   			9.52   		   		
12496   			9.12   		   		
12501   			8.16   		   		
12507   			7.88   		   		
12513   			8.68   		   		
12519   			8.62   		   		
12524   			8.97   		   		
12530   			9.42   		   		
12536   			9.02   		   		
12542   			8.28   		   		
12547   			8.85   		   		
12553   			8.22   		   		
12559   			9.16   		   		
12564   			9.67   		   		
12570   			9.10   		   		
12576   			9.50   		   		
12582   			8.93   		   		
12587   			9.56   		   		
12593   			8.70   		   		
12599   			8.64   		   		
12605   			9.22   		   		
12610   			9.04   		   		
12616   			9.04   		   		
12622   			8.58   		   		
12627   			7.61   		   		
12633   			7.72   		   		
12639   			7.38   		   		
12645   			8.30   		   		
12650   			8.18   		   		
12656   			7.61   		   		
12662   			8.41   		   		
12668   			8.24   		   		
12673   			7.01   		   		
12679   			6.90   		   		
12685   			8.05   		   		
12690   			7.70   		   		
12696   			8.10   		   		
12702   			7.55   		   		
12708   			7.90   		   		
12713   			7.61   		   		
12719   			7.95   		   		
12725   			7.95   		   		
12730   			8.11   		   		
12736   			8.11   		   		
12742   			7.94   		   		
12748   			8.05   		   		
12753   			8.28   		   		
12759   			7.09   		   		
12765   			7.90   		   		
12771   			8.24   		   		
12776   			8.07   		   		
12782   			7.21   		   		
12788   			5.73   		   		
12793   			8.15   		   		
12799   			8.84   		   		
12805   			8.55   		   		
12811   			8.55   		   		
12816   			8.38   		   		
12822   			7.86   		   		
12828   			7.97   		   		
12834   			8.55   		   		
12839   			8.32   		   		
12845   			8.28   		   		
12851   			6.96   		   		
12856   			8.39   		   		
12862   			7.70   		   		
12868   			6.96   		   		
12874   			7.30   		   		
12879   			7.99   		   		
12885   			8.51   		   		
12891   			7.13   		   		
12897   			6.96   		   		
12902   			8.01   		   		
12908   			7.49   		   		
12914   			6.11   		   		
12919   			6.98   		   		
12925   			7.09   		   		
12931   			7.42   		   		
12937   			8.74   		   		
12942   			8.33   		   		
12948   			7.53   		   		
12954   			7.07   		   		
12960   			6.83   		   		
12965   			7.80   		   		
12971   			7.74   		   		
12977   			7.00   		   		
12982   			7.34   		   		
12988   			6.54   		   		
12994   			7.69   		   		
13000   			7.80   		   		
13005   			8.26   		   		
13011   			7.80   		   		
13017   			7.53   		   		
13023   			7.93   		   		
13028   			8.33   		   		
13034   			7.53   		   		
13040   			7.82   		   		
13045   			8.45   		   		
13051   			8.22   		   		
13057   			8.10   		   		
13063   			8.16   		   		
13068   			8.16   		   		
13074   			7.86   		   		
13080   			8.43   		   		
13086   			7.46   		   		
13091   			7.97   		   		
13097   			7.97   		   		
13103   			7.92   		   		
13108   			7.92   		   		
13114   			7.80   		   		
13120   			7.52   		   		
13126   			7.34   		   		
13131   			7.03   		   		
13137   			7.95   		   		
13143   			8.07   		   		
13149   			7.90   		   		
13154   			7.49   		   		
13160   			7.90   		   		
13166   			7.67   		   		
13171   			7.84   		   		
13177   			8.13   		   		
13183   			8.24   		   		
13189   			7.61   		   		
13194   			7.72   		   		
13200   			7.67   		   		
13206   			6.06   		   		
13212   			7.09   		   		
13217   			7.29   		   		
13223   			8.26   		   		
13229   			8.49   		   		
13234   			7.80   		   		
13240   			7.97   		   		
13246   			8.70   		   		
13252   			8.36   		   		
13257   			8.13   		   		
13263   			8.07   		   		
13269   			7.72   		   		
13275   			8.61   		   		
13280   			7.80   		   		
13286   			7.23   		   		
13292   			7.97   		   		
13297   			7.74   		   		
13303   			7.55   		   		
13309   			7.95   		   		
13315   			8.53   		   		
13320   			7.44   		   		
13326   			7.21   		   		
13332   			7.38   		   		
13338   			8.13   		   		
13343   			7.90   		   		
13349   			8.18   		   		
13355   			7.03   		   		
13360   			8.00   		   		
13366   			7.48   		   		
13372   			8.40   		   		
13378   			8.40   		   		
13383   			7.36   		   		
13389   			7.42   		   		
13395   			6.96   		   		
13401   			7.65   		   		
13406   			7.99   		   		
13412   			7.76   		   		
13418   			7.36   		   		
13423   			7.19   		   		
13429   			7.02   		   		
13435   			7.88   		   		
13441   			8.00   		   		
13446   			7.57   		   		
13452   			7.80   		   		
13458   			7.17   		   		
13463   			6.94   		   		
13469   			7.40   		   		
13475   			8.15   		   		
13481   			8.26   		   		
13486   			6.71   		   		
13492   			7.34   		   		
13498   			7.57   		   		
13504   			6.98   		   		
13509   			7.26   		   		
13515   			7.78   		   		
13521   			4.91   		   		
13526   			7.26   		   		
13532   			7.23   		   		
13538   			6.54   		   		
13544   			7.06   		   		
13549   			7.57   		   		
13555   			7.23   		   		
13561   			7.49   		   		
13567   			7.44   		   		
13572   			7.32   		   		
13578   			8.07   		   		
13584   			5.77   		   		
13589   			7.72   		   		
13595   			7.72   		   		
13601   			7.55   		   		
13607   			7.95   		   		
13612   			8.36   		   		
13618   			7.61   		   		
13624   			8.13   		   		
13630   			8.58   		   		
13635   			7.38   		   		
13641   			8.53   		   		
13647   			7.44   		   		
13652   			7.44   		   		
13658   			7.95   		   		
13664   			8.30   		   		
13670   			8.53   		   		
13675   			8.33   		   		
13681   			7.65   		   		
13687   			7.47   		   		
13693   			7.65   		   		
13698   			7.19   		   		
13704   			7.67   		   		
13710   			8.18   		   		
13715   			8.01   		   		
13721   			6.80   		   		
13727   			7.55   		   		
13733   			7.55   		   		
13738   			8.30   		   		
13744   			7.09   		   		
13750   			7.84   		   		
13756   			7.67   		   		
13761   			8.85   		   		
13767   			7.82   		   		
13773   			7.93   		   		
13778   			7.19   		   		
13784   			7.99   		   		
13790   			7.90   		   		
13796   			7.49   		   		
13801   			7.61   		   		
13807   			7.15   		   		
13813   			7.44   		   		
13819   			6.90   		   		
13824   			8.45   		   		
13830   			7.13   		   		
13836   			7.76   		   		
13841   			7.19   		   		
13847   			7.06   		   		
13853   			7.74   		   		
13859   			7.00   		   		
13864   			7.57   		   		
13870   			7.46   		   		
13876   			7.32   		   		
13882   			6.75   		   		
13887   			7.26   		   		
13893   			7.55   		   		
13899   			7.32   		   		
13904   			7.63   		   		
13910   			7.52   		   		
13916   			8.03   		   		
13922   			8.26   		   		
13927   			8.20   		   		
13933   			7.78   		   		
13939   			7.72   		   		
13945   			7.84   		   		
13950   			8.01   		   		
13956   			7.26   		   		
13962   			7.19   		   		
13967   			7.19   		   		
13973   			7.30   		   		
13979   			8.16   		   		
13985   			7.93   		   		
13990   			8.10   		   		
13996   			8.22   		   		
14002   			8.51   		   		
14008   			7.47   		   		
14013   			8.05   		   		
14019   			7.65   		   		
14025   			8.33   		   		
14030   			7.70   		   		
14036   			7.76   		   		
14042   			7.82   		   		
14048   			7.97   		   		
14053   			7.69   		   		
14059   			7.63   		   		
14065   			7.80   		   		
14071   			7.80   		   		
14076   			8.08   		   		
14082   			7.57   		   		
14088   			7.45   		   		
14093   			6.94   		   		
14099   			7.28   		   		
14105   			8.41   		   		
14111   			7.72   		   		
14116   			7.61   		   		
14122   			7.32   		   		
14128   			8.01   		   		
14134   			7.65   		   		
14139   			8.05   		   		
14145   			8.51   		   		
14151   			7.82   		   		
14156   			8.05   		   		
14162   			8.13   		   		
14168   			8.76   		   		
14174   			7.90   		   		
14179   			9.04   		   		
14185   			8.18   		   		
14191   			7.03   		   		
14196   			8.70   		   		
14202   			8.76   		   		
14208   			8.99   		   		
14214   			8.87   		   		
14219   			8.26   		   		
14225   			8.66   		   		
14231   			8.78   		   		
14237   			8.66   		   		
14242   			9.12   		   		
14248   			8.38   		   		
14254   			5.85   		   		
14259   			8.55   		   		
14265   			7.92   		   		
14271   			8.49   		   		
14277   			8.01   		   		
14282   			7.26   		   		
14288   			7.78   		   		
14294   			8.07   		   		
14300   			7.90   		   		
14305   			8.05   		   		
14311   			8.56   		   		
14317   			6.50   		   		
14322   			8.10   		   		
14328   			7.53   		   		
14334   			7.84   		   		
14340   			8.30   		   		
14345   			7.90   		   		
14351   			8.18   		   		
14357   			7.84   		   		
14363   			8.28   		   		
14368   			8.16   		   		
14374   			7.88   		   		
14380   			6.61   		   		
14385   			7.70   		   		
14391   			7.47   		   		
14397   			7.30   		   		
14403   			7.53   		   		
14408   			7.53   		   		
14414   			7.65   		   		
14420   			8.01   		   		
14426   			8.24   		   		
14431   			7.15   		   		
14437   			6.98   		   		
14443   			6.46   		   		
14448   			7.24   		   		
14454   			7.99   		   		
14460   			7.47   		   		
14466   			7.82   		   		
14471   			8.28   		   		
14477   			8.39   		   		
14483   			7.76   		   		
14489   			8.33   		   		
14494   			7.70   		   		
14500   			6.55   		   		
14506   			7.72   		   		
14511   			7.84   		   		
14517   			8.36   		   		
14523   			8.18   		   		
14529   			7.61   		   		
14534   			7.72   		   		
14540   			8.24   		   		
14546   			8.36   		   		
14552   			7.38   		   		
14557   			7.49   		   		
14563   			7.54   		   		
14569   			8.28   		   		
14574   			8.11   		   		
14580   			8.11   		   		
14586   			8.11   		   		
14592   			7.90   		   		
14597   			7.84   		   		
14603   			8.41   		   		
14609   			8.13   		   		
14615   			7.67   		   		
14620   			7.49   		   		
14626   			7.15   		   		
14632   			8.36   		   		
14637   			7.84   		   		
14643   			8.07   		   		
14649   			7.59   		   		
14655   			7.65   		   		
14660   			8.33   		   		
14666   			8.05   		   		
14672   			7.93   		   		
14678   			6.78   		   		
14683   			7.07   		   		
14689   			7.53   		   		
14695   			6.78   		   		
14700   			6.90   		   		
14706   			6.94   		   		
14712   			7.46   		   		
14718   			8.32   		   		
14723   			8.49   		   		
14729   			8.38   		   		
14735   			7.61   		   		
14741   			7.32   		   		
14746   			7.38   		   		
14752   			6.11   		   		
14758   			7.44   		   		
14763   			7.59   		   		
14769   			7.36   		   		
14775   			8.56   		   		
14781   			8.56   		   		
14786   			7.53   		   		
14792   			8.15   		   		
14798   			8.49   		   		
14804   			7.52   		   		
14809   			8.43   		   		
14815   			8.38   		   		
14821   			8.26   		   		
14826   			8.72   		   		
14832   			7.97   		   		
14838   			8.15   		   		
14844   			8.03   		   		
14849   			8.33   		   		
14855   			8.45   		   		
14861   			8.85   		   		
14867   			8.16   		   		
14872   			8.28   		   		
14878   			7.84   		   		
14884   			8.76   		   		
14889   			9.04   		   		
14895   			9.33   		   		
14901   			8.70   		   		
14907   			9.47   		   		
14912   			8.78   		   		
14918   			8.72   		   		
14924   			9.35   		   		
14930   			8.95   		   		
14935   			9.02   		   		
14941   			8.74   		   		
14947   			8.79   		   		
14952   			9.60   		   		
14958   			8.68   		   		
14964   			9.14   		   		
14970   			9.42   		   		
14975   			8.91   		   		
14981   			8.68   		   		
14987   			6.90   		   		
14992   			7.86   		   		
14998   			8.84   		   		
15004   			9.12   		   		
15010   			9.18   		   		
15015   			8.72   		   		
15021   			7.95   		   		
15027   			8.07   		   		
15033   			8.24   		   		
15038   			9.16   		   		
15044   			8.01   		   		
15050   			6.46   		   		
15055   			8.13   		   		
15061   			8.64   		   		
15067   			8.36   		   		
15073   			8.41   		   		
15078   			8.55   		   		
15084   			7.69   		   		
15090   			8.89   		   		
15096   			7.69   		   		
15101   			8.15   		   		
15107   			8.43   		   		
15113   			7.34   		   		
15118   			8.55   		   		
15124   			8.66   		   		
15130   			7.92   		   		
15136   			8.05   		   		
15141   			8.79   		   		
15147   			8.16   		   		
15153   			8.45   		   		
15159   			8.51   		   		
15164   			8.97   		   		
15170   			8.56   		   		
15176   			8.39   		   		
15181   			8.45   		   		
15187   			7.65   		   		
15193   			8.93   		   		
15199   			8.81   		   		
15204   			8.58   		   		
15210   			7.90   		   		
15216   			8.53   		   		
15222   			7.30   		   		
15227   			7.36   		   		
15233   			7.76   		   		
15239   			7.42   		   		
15244   			7.59   		   		
15250   			8.03   		   		
15256   			8.20   		   		
15262   			7.92   		   		
15267   			7.74   		   		
15273   			8.43   		   		
15279   			7.99   		   		
15285   			7.88   		   		
15290   			8.22   		   		
15296   			7.65   		   		
15302   			8.28   		   		
15307   			8.30   		   		
15313   			7.38   		   		
15319   			7.67   		   		
15325   			7.72   		   		
15330   			7.72   		   		
15336   			8.03   		   		
15342   			8.89   		   		
15348   			8.03   		   		
15353   			8.55   		   		
15359   			8.09   		   		
15365   			7.70   		   		
15370   			8.28   		   		
15376   			7.13   		   		
15382   			8.16   		   		
15388   			8.10   		   		
15393   			8.30   		   		
15399   			7.21   		   		
15405   			6.75   		   		
15411   			7.09   		   		
15416   			6.86   		   		
15422   			7.32   		   		
15428   			6.69   		   		
15433   			7.38   		   		
15439   			7.03   		   		
15445   			6.46   		   		
15451   			5.94   		   		
15456   			6.75   		   		
15462   			6.06   		   		
15468   			6.63   		   		
15474   			5.88   		   		
15479   			5.81   		   		
15485   			5.35   		   		
15491   			5.52   		   		
15496   			5.52   		   		
15502   			5.86   		   		
15508   			4.56   		   		
15514   			4.96   		   		
15519   			5.54   		   		
15525   			5.48   		   		
15531   			4.85   		   		
15537   			3.29   		   		
15542   			4.33   		   		
15548   			4.21   		   		
15554   			3.87   		   		
15559   			3.70   		   		
15565   			3.87   		   		
15571   			4.10   		   		
15577   			4.62   		   		
15582   			3.64   		   		
15588   			4.16   		   		
15594   			3.79   		   		
15600   			4.14   		   		
15605   			3.62   		   		
15611   			3.04   		   		
15617   			4.42   		   		
15622   			3.68   		   		
15628   			3.80   		   		
15634   			3.33   		   		
15640   			3.68   		   		
15645   			4.14   		   		
15651   			3.43   		   		
15657   			3.37   		   		
15662   			2.68   		   		
15668   			3.02   		   		
15674   			2.91   		   		
15680   			3.83   		   		
15685   			2.85   		   		
15691   			2.97   		   		
15697   			3.14   		   		
15703   			2.97   		   		
15708   			2.71   		   		
15714   			2.83   		   		
15720   			1.21   		   		
15725   			3.58   		   		
15731   			3.52   		   		
15737   			2.46   		   		
15743   			2.29   		   		
15748   			1.54   		   		
15754   			1.36   		   		
15760   			2.46   		   		
15766   			2.19   		   		
15771   			1.73   		   		
15777   			1.96   		   		
15783   			1.56   		   		
15788   			1.10   		   		
15794   			2.35   		   		
15800   			2.87   		   		
15806   			2.00   		   		
15811   			1.31   		   		
15817   			2.23   		   		
15823   			2.54   		   		
15829   			2.08   		   		
15834   			1.56   		   		
15840   			1.33   		   		
15846   			2.14   		   		
15851   			2.45   		   		
15857   			2.22   		   		
15863   			1.70   		   		
15869   			1.58   		   		
15874   			1.41   		   		
15880   			1.50   		   		
15886   			1.91   		   		
15892   			1.04   		   		
15897   			1.21   		   		
15903   			1.56   		   		
15909   			1.27   		   		
15914   			1.33   		   		
15920   			1.10   		   		
15926   			1.15   		   		
15932   			1.15   		   		
15937   			0.79   		   		
15943   			1.36   		   		
15949   			0.61   		   		
15955   			0.55   		   		
15960   			0.79   		   		
15966   			1.10   		   		
15972   			1.10   		   		
15977   			0.11   		   		
15983   			1.10   		   		
15989   			0.40   		   		
15995   			-0.08   		   		
16000   			0.67   		   		
16006   			0.21   		   		
16012   			-0.14   		   		
16018   			-0.26   		   		
16023   			0.89   		   		
16029   			0.48   		   		
16035   			-0.79   		   		
16040   			-0.68   		   		
16046   			0.31   		   		
16052   			0.19   		   		
16058   			0.13   		   		
16063   			0.02   		   		
16069   			0.13   		   		
16075   			0.02   		   		
16081   			-0.29   		   		
16086   			-0.53   		   		
16092   			0.17   		   		
16098   			0.29   		   		
16103   			0.46   		   		
16109   			-0.10   		   		
16115   			0.71   		   		
16121   			0.83   		   		
16126   			-0.04   		   		
16132   			0.19   		   		
16138   			-1.16   		   		
16144   			-0.70   		   		
16149   			-1.10   		   		
16155   			-1.16   		   		
16161   			-0.70   		   		
16166   			-0.08   		   		
16172   			-0.20   		   		
16178   			-0.78   		   		
16184   			-0.31   		   		
16189   			-0.60   		   		
16195   			-0.71   		   		
16201   			-0.37   		   		
16207   			-0.54   		   		
16212   			-0.54   		   		
16218   			-0.31   		   		
16224   			-1.24   		   		
16229   			-0.66   		   		
16235   			-0.55   		   		
16241   			-0.89   		   		
16247   			-0.84   		   		
16252   			-0.28   		   		
16258   			-0.97   		   		
16264   			-3.35   		   		
16269   			-1.73   		   		
16275   			-2.19   		   		
16281   			-2.27   		   		
16287   			-1.39   		   		
16292   			-1.97   		   		
16298   			-1.63   		   		
16304   			-1.68   		   		
16310   			-2.05   		   		
16315   			-2.00   		   		
16321   			-1.59   		   		
16327   			-3.68   		   		
16332   			-1.53   		   		
16338   			-1.51   		   		
16344   			-0.81   		   		
16350   			-0.99   		   		
16355   			-1.28   		   		
16361   			-0.70   		   		
16367   			-1.72   		   		
16373   			-1.26   		   		
16378   			-0.91   		   		
16384   			-0.97   		   		
16390   			-3.64   		   		
16395   			-1.55   		   		
16401   			-1.61   		   		
16407   			-0.80   		   		
16413   			-1.09   		   		
16418   			-1.15   		   		
16424   			-1.51   		   		
16430   			-0.93   		   		
16436   			-1.51   		   		
16441   			-1.16   		   		
16447   			-1.74   		   		
16453   			-1.63   		   		
16458   			-1.39   		   		
16464   			-2.21   		   		
16470   			-2.38   		   		
16476   			-1.16   		   		
16481   			-2.09   		   		
16487   			-0.99   		   		
16493   			-1.45   		   		
16499   			-2.15   		   		
16504   			-1.51   		   		
16510   			-1.13   		   		
16516   			-1.18   		   		
16521   			-1.47   		   		
16527   			-1.47   		   		
16533   			-0.14   		   		
16539   			-2.03   		   		
16544   			-1.34   		   		
16550   			-1.97   		   		
16556   			-2.32   		   		
16562   			-2.90   		   		
16567   			-2.27   		   		
16573   			-2.38   		   		
16579   			-2.15   		   		
16584   			-2.32   		   		
16590   			-1.92   		   		
16596   			-1.53   		   		
16602   			-1.18   		   		
16607   			-1.29   		   		
16613   			-1.93   		   		
16619   			-1.53   		   		
16625   			-1.80   		   		
16630   			-1.28   		   		
16636   			-1.57   		   		
16642   			-1.51   		   		
16647   			-1.68   		   		
16653   			-1.34   		   		
16659   			-1.16   		   		
16665   			-1.80   		   		
16670   			-1.63   		   		
16676   			-1.68   		   		
16682   			-0.99   		   		
16688   			-1.80   		   		
16693   			-1.51   		   		
16699   			-1.97   		   		
16705   			-1.74   		   		
16710   			-0.39   		   		
16716   			-0.97   		   		
16722   			-1.49   		   		
16728   			-1.84   		   		
16733   			-2.30   		   		
16739   			-1.01   		   		
16745   			-1.42   		   		
16751   			-0.95   		   		
16756   			-2.00   		   		
16762   			-0.49   		   		
16768   			-1.78   		   		
16773   			-1.26   		   		
16779   			-1.26   		   		
16785   			-2.19   		   		
16791   			-2.13   		   		
16796   			-1.42   		   		
16802   			-1.71   		   		
16808   			-1.53   		   		
16813   			-1.36   		   		
16819   			-1.07   		   		
16825   			-1.28   		   		
16831   			-1.80   		   		
16836   			-1.51   		   		
16842   			-2.09   		   		
16848   			-1.22   		   		
16854   			-1.45   		   		
16859   			-0.87   		   		
16865   			-1.22   		   		
16871   			-2.90   		   		
16876   			-1.05   		   		
16882   			-1.55   		   		
16888   			-0.39   		   		
16894   			-0.91   		   		
16899   			-0.33   		   		
16905   			-1.08   		   		
16911   			-0.18   		   		
16917   			-0.58   		   		
16922   			-0.76   		   		
16928   			-1.57   		   		
16934   			-2.85   		   		
16939   			-0.89   		   		
16945   			-0.83   		   		
16951   			-1.53   		   		
16957   			-1.18   		   		
16962   			-1.35   		   		
16968   			-0.41   		   		
16974   			-0.12   		   		
16980   			-0.24   		   		
16985   			-1.10   		   		
16991   			-0.70   		   		
16997   			-2.38   		   		
17002   			-0.47   		   		
17008   			-0.99   		   		
17014   			-2.21   		   		
17020   			-1.97   		   		
17025   			-1.86   		   		
17031   			-2.61   		   		
17037   			-2.44   		   		
17043   			-1.97   		   		
17048   			-1.92   		   		
17054   			-2.46   		   		
17060   			-2.98   		   		
17065   			-2.29   		   		
17071   			-2.05   		   		
17077   			-1.47   		   		
17083   			-1.55   		   		
17088   			-1.55   		   		
17094   			-1.78   		   		
17100   			-1.20   		   		
17106   			-1.32   		   		
17111   			-1.13   		   		
17117   			-2.11   		   		
17123   			-3.10   		   		
17128   			-0.66   		   		
17134   			-1.82   		   		
17140   			-1.36   		   		
17146   			-0.78   		   		
17151   			-1.94   		   		
17157   			-1.59   		   		
17163   			-2.29   		   		
17169   			-1.51   		   		
17174   			-1.34   		   		
17180   			-1.51   		   		
17186   			-2.03   		   		
17191   			-1.28   		   		
17197   			-1.84   		   		
17203   			-1.55   		   		
17209   			-1.49   		   		
17214   			-1.61   		   		
17220   			-2.19   		   		
17226   			-1.74   		   		
17232   			-2.21   		   		
17237   			-2.03   		   		
17243   			-2.27   		   		
17249   			-2.03   		   		
17254   			-2.58   		   		
17260   			-2.17   		   		
17266   			-1.94   		   		
17272   			-1.36   		   		
17277   			-2.63   		   		
17283   			-1.51   		   		
17289   			-1.51   		   		
17295   			-1.74   		   		
17300   			-2.27   		   		
17306   			-2.15   		   		
17312   			-2.38   		   		
17317   			-2.03   		   		
17323   			-2.61   		   		
17329   			-2.50   		   		
17335   			-3.54   		   		
17340   			-2.59   		   		
17346   			-2.48   		   		
17352   			-3.06   		   		
17358   			-3.52   		   		
17363   			-2.42   		   		
17369   			-2.83   		   		
17375   			-2.94   		   		
17380   			-1.90   		   		
17386   			-2.83   		   		
17392   			-2.07   		   		
17398   			-1.36   		   		
17403   			-2.23   		   		
17409   			-1.94   		   		
17415   			-2.63   		   		
17421   			-1.65   		   		
17426   			-2.63   		   		
17432   			-2.34   		   		
17438   			-2.40   		   		
17443   			-1.65   		   		
17449   			-2.00   		   		
17455   			-3.14   		   		
17461   			-2.85   		   		
17466   			-2.09   		   		
17472   			-1.80   		   		
17478   			-2.03   		   		
17484   			-2.71   		   		
17489   			-2.65   		   		
17495   			-2.30   		   		
17501   			-2.07   		   		
17506   			-1.90   		   		
17512   			-2.13   		   		
17518   			-1.49   		   		
17524   			-1.90   		   		
17529   			-1.78   		   		
17535   			-1.37   		   		
17541   			-1.32   		   		
17547   			-1.90   		   		
17552   			-1.78   		   		
17558   			-1.49   		   		
17564   			-0.68   		   		
17569   			-1.97   		   		
17575   			-2.03   		   		
17581   			-1.57   		   		
17587   			-1.39   		   		
17592   			-1.10   		   		
17598   			-0.76   		   		
17604   			-1.45   		   		
17610   			-0.81   		   		
17615   			-1.80   		   		
17621   			-1.74   		   		
17627   			-1.80   		   		
17632   			-1.45   		   		
17638   			-0.70   		   		
17644   			-1.63   		   		
17650   			-1.51   		   		
17655   			-1.39   		   		
17661   			-1.22   		   		
17667   			-0.64   		   		
17673   			-0.93   		   		
17678   			-0.81   		   		
17684   			-0.74   		   		
17690   			-1.14   		   		
17695   			-2.13   		   		
17701   			-1.20   		   		
17707   			-1.90   		   		
17713   			-1.05   		   		
17718   			-0.76   		   		
17724   			-1.51   		   		
17730   			-1.57   		   		
17736   			-0.58   		   		
17741   			-1.24   		   		
17747   			-1.01   		   		
17753   			-1.24   		   		
17758   			-1.47   		   		
17764   			-0.66   		   		
17770   			-0.53   		   		
17776   			-1.10   		   		
17781   			-0.93   		   		
17787   			-0.93   		   		
17793   			-1.28   		   		
17799   			-1.16   		   		
17804   			-1.22   		   		
17810   			-0.70   		   		
17816   			-0.76   		   		
17821   			-0.64   		   		
17827   			-0.74   		   		
17833   			-0.62   		   		
17839   			-1.08   		   		
17844   			-1.66   		   		
17850   			-1.84   		   		
17856   			-1.24   		   		
17862   			-0.95   		   		
17867   			-0.77   		   		
17873   			-0.83   		   		
17879   			-1.58   		   		
17884   			-0.24   		   		
17890   			-1.80   		   		
17896   			-1.63   		   		
17902   			-1.57   		   		
17907   			-1.10   		   		
17913   			-0.89   		   		
17919   			-2.23   		   		
17924   			-0.37   		   		
17930   			-1.53   		   		
17936   			-1.24   		   		
17942   			-1.53   		   		
17947   			-1.47   		   		
17953   			-1.42   		   		
17959   			-1.65   		   		
17965   			-1.53   		   		
17970   			-1.51   		   		
17976   			-0.58   		   		
17982   			-3.49   		   		
17987   			-0.93   		   		
17993   			-1.34   		   		
17999   			-1.10   		   		
18005   			-1.28   		   		
18010   			-1.63   		   		
18016   			-1.92   		   		
18022   			-2.50   		   		
18028   			-1.63   		   		
18033   			-1.74   		   		
18039   			-1.39   		   		
18045   			-4.01   		   		
18050   			-2.32   		   		
18056   			-1.87   		   		
18062   			-1.35   		   		
18068   			-1.82   		   		
18073   			-1.70   		   		
18079   			-2.22   		   		
18085   			-1.43   		   		
18091   			-1.78   		   		
18096   			-2.07   		   		
18102   			-1.49   		   		
18108   			-3.58   		   		
18113   			-1.16   		   		
18119   			-1.10   		   		
18125   			-1.39   		   		
18131   			-0.87   		   		
18136   			-1.28   		   		
18142   			-2.34   		   		
18148   			-1.82   		   		
18154   			-2.11   		   		
18159   			-1.30   		   		
18165   			-2.11   		   		
18171   			-3.25   		   		
18176   			-0.70   		   		
18182   			-1.10   		   		
18188   			-1.74   		   		
18194   			-1.92   		   		
18199   			-2.21   		   		
18205   			-1.97   		   		
18211   			-1.10   		   		
18217   			-0.53   		   		
18222   			-0.47   		   		
18228   			-1.63   		   		
18234   			-1.51   		   		
18239   			-1.22   		   		
18245   			-1.22   		   		
18251   			-1.22   		   		
18257   			-1.28   		   		
18262   			-1.51   		   		
18268   			-1.28   		   		
18274   			-0.70   		   		
18280   			-0.41   		   		
18285   			-1.16   		   		
18291   			-0.99   		   		
18297   			-0.53   		   		
18302   			-1.22   		   		
18308   			-1.34   		   		
18314   			-1.39   		   		
18320   			-1.92   		   		
18325   			-2.09   		   		
18331   			-1.22   		   		
18337   			-1.45   		   		
18343   			-1.45   		   		
18348   			-1.34   		   		
18354   			-1.39   		   		
18360   			-1.34   		   		
18365   			-0.93   		   		
18371   			-1.63   		   		
18377   			-1.05   		   		
18383   			-1.16   		   		
18388   			-1.63   		   		
18394   			-0.87   		   		
18400   			-1.51   		   		
18406   			-1.68   		   		
18411   			-1.97   		   		
18417   			-2.27   		   		
18423   			-2.67   		   		
18428   			-1.61   		   		
18434   			-1.20   		   		
18440   			-1.26   		   		
18446   			-0.33   		   		
18451   			-1.72   		   		
18457   			-1.53   		   		
18463   			-1.47   		   		
18469   			-1.65   		   		
18474   			-1.88   		   		
18480   			-1.94   		   		
18486   			-2.58   		   		
18491   			-1.42   		   		
18497   			-1.53   		   		
18503   			-1.30   		   		
18509   			-1.82   		   		
18514   			-0.99   		   		
18520   			-1.34   		   		
18526   			-1.80   		   		
18532   			-1.34   		   		
18537   			-0.99   		   		
18543   			-1.34   		   		
18549   			-1.10   		   		
18554   			-1.80   		   		
18560   			-0.53   		   		
18566   			-1.45   		   		
18572   			-1.95   		   		
18577   			-1.84   		   		
18583   			-2.13   		   		
18589   			-2.01   		   		
18594   			-1.78   		   		
18600   			-1.24   		   		
18606   			-1.82   		   		
18612   			-1.01   		   		
18617   			-0.89   		   		
18623   			-1.53   		   		
18629   			-1.16   		   		
18635   			-1.28   		   		
18640   			-1.22   		   		
18646   			-1.39   		   		
18652   			-3.14   		   		
18657   			-1.74   		   		
18663   			-1.97   		   		
18669   			-1.28   		   		
18675   			-2.03   		   		
18680   			-1.34   		   		
18686   			-1.61   		   		
18692   			-1.03   		   		
18698   			-1.90   		   		
18703   			-1.03   		   		
18709   			-1.43   		   		
18715   			-3.17   		   		
18720   			-2.24   		   		
18726   			-1.78   		   		
18732   			-0.85   		   		
18738   			-2.13   		   		
18743   			-1.92   		   		
18749   			-2.44   		   		
18755   			-1.57   		   		
18761   			-1.97   		   		
18766   			-2.38   		   		
18772   			-1.92   		   		
18778   			-1.68   		   		
18783   			-1.51   		   		
18789   			-1.63   		   		
18795   			-0.87   		   		
18801   			-1.26   		   		
18806   			-0.97   		   		
18812   			-0.62   		   		
18818   			-1.84   		   		
18824   			-0.91   		   		
18829   			-1.18   		   		
18835   			-1.94   		   		
18841   			-1.53   		   		
18846   			-1.42   		   		
18852   			-2.05   		   		
18858   			-1.68   		   		
18864   			-1.39   		   		
18869   			-1.68   		   		
18875   			-1.10   		   		
18881   			-1.34   		   		
18887   			-1.45   		   		
18892   			-0.81   		   		
18898   			-0.76   		   		
18904   			-1.05   		   		
18909   			-2.38   		   		
18915   			-1.51   		   		
18921   			-1.51   		   		
18927   			-1.80   		   		
18932   			-1.80   		   		
18938   			-2.38   		   		
18944   			-1.70   		   		
18950   			-1.58   		   		
18955   			-1.35   		   		
18961   			-1.82   		   		
18967   			-1.93   		   		
18972   			-2.58   		   		
18978   			-2.52   		   		
18984   			-2.17   		   		
18990   			-2.11   		   		
18995   			-1.53   		   		
19001   			-1.22   		   		
19007   			-1.63   		   		
19013   			-2.73   		   		
19018   			-2.32   		   		
19024   			-2.03   		   		
19030   			-2.29   		   		
19035   			-1.07   		   		
19041   			-2.05   		   		
19047   			-2.63   		   		
19053   			-2.87   		   		
19058   			-2.01   		   		
19064   			-1.95   		   		
19070   			-1.66   		   		
19076   			-2.13   		   		
19081   			-2.13   		   		
19087   			-1.78   		   		
19093   			-2.07   		   		
19098   			-2.01   		   		
19104   			-2.13   		   		
19110   			-1.84   		   		
19116   			-1.45   		   		
19121   			-1.45   		   		
19127   			-1.86   		   		
19133   			-1.45   		   		
19139   			-0.53   		   		
19144   			-1.22   		   		
19150   			-2.03   		   		
19156   			-2.32   		   		
19161   			-2.44   		   		
19167   			-1.45   		   		
19173   			-1.51   		   		
19179   			-1.45   		   		
19184   			-1.80   		   		
19190   			-1.86   		   		
19196   			-1.51   		   		
19202   			-1.37   		   		
19207   			-1.26   		   		
19213   			-1.32   		   		
19219   			-1.37   		   		
19224   			-2.07   		   		
19230   			-2.44   		   		
19236   			-1.63   		   		
19242   			-2.21   		   		
19247   			-1.22   		   		
19253   			-2.21   		   		
19259   			-1.86   		   		
19265   			-1.45   		   		
19270   			-1.16   		   		
19276   			-0.99   		   		
19282   			-1.51   		   		
19287   			-1.86   		   		
19293   			-2.27   		   		
19299   			-2.61   		   		
19305   			-2.61   		   		
19310   			-1.97   		   		
19316   			-1.26   		   		
19322   			-1.72   		   		
19328   			-1.84   		   		
19333   			-2.01   		   		
19339   			-1.66   		   		
19345   			-1.47   		   		
19350   			-1.65   		   		
19356   			-1.65   		   		
19362   			-1.30   		   		
19368   			-1.71   		   		
19373   			-2.15   		   		
19379   			-1.97   		   		
19385   			-1.86   		   		
19391   			-1.80   		   		
19396   			-0.93   		   		
19402   			-0.81   		   		
19408   			-1.22   		   		
19413   			-1.22   		   		
19419   			-0.53   		   		
19425   			-0.70   		   		
19431   			-2.07   		   		
19436   			-1.90   		   		
19442   			-0.85   		   		
19448   			-2.94   		   		
19453   			-0.91   		   		
19459   			-1.74   		   		
19465   			-1.39   		   		
19471   			-1.39   		   		
19476   			-1.34   		   		
19482   			-1.45   		   		
19488   			-1.97   		   		
19494   			-1.74   		   		
19499   			-1.39   		   		
19505   			-1.80   		   		
19511   			-4.36   		   		
19516   			-2.56   		   		
19522   			-2.44   		   		
19528   			-2.73   		   		
19534   			-1.68   		   		
19539   			-1.16   		   		
19545   			-1.53   		   		
19551   			-1.47   		   		
19557   			-1.30   		   		
19562   			-1.65   		   		
19568   			-1.24   		   		
19574   			-1.34   		   		
19579   			-1.28   		   		
19585   			-1.16   		   		
19591   			-1.68   		   		
19597   			-1.28   		   		
19602   			-1.80   		   		
19608   			-1.92   		   		
19614   			-1.74   		   		
19620   			-2.15   		   		
19625   			-1.80   		   		
19631   			-1.26   		   		
19637   			-1.66   		   		
19642   			-1.26   		   		
19648   			-1.32   		   		
19654   			-1.03   		   		
19660   			-0.68   		   		
19665   			-1.09   		   		
19671   			-2.19   		   		
19677   			-1.49   		   		
19683   			-1.44   		   		
19688   			-2.01   		   		
19694   			-1.72   		   		
19700   			-1.55   		   		
19705   			-1.95   		   		
19711   			-1.95   		   		
19717   			-0.66   		   		
19723   			-1.47   		   		
19728   			-0.55   		   		
19734   			-0.72   		   		
19740   			-1.13   		   		
19746   			-1.51   		   		
19751   			-0.64   		   		
19757   			-0.99   		   		
19763   			-0.70   		   		
19768   			-0.53   		   		
19774   			-1.28   		   		
19780   			0.05   		   		
19786   			-1.51   		   		
19791   			-0.87   		   		
19797   			-0.64   		   		
19803   			-1.16   		   		
19809   			-1.45   		   		
19814   			-1.22   		   		
19820   			-1.97   		   		
19826   			-1.86   		   		
19831   			-0.55   		   		
19837   			-1.18   		   		
19843   			-1.65   		   		
19849   			-1.94   		   		
19854   			-1.88   		   		
19860   			-1.39   		   		
19866   			-3.37   		   		
19871   			-0.24   		   		
19877   			-0.99   		   		
19883   			-1.63   		   		
19889   			-1.36   		   		
19894   			-0.08   		   		
19900   			-1.94   		   		
19906   			-1.30   		   		
19912   			-1.42   		   		
19917   			-1.71   		   		
19923   			-1.53   		   		
19929   			-3.10   		   		
19934   			-1.07   		   		
19940   			-0.60   		   		
19946   			-1.55   		   		
19952   			-1.03   		   		
19957   			-1.78   		   		
19963   			-1.14   		   		
19969   			-1.49   		   		
19975   			-1.45   		   		
19980   			-1.22   		   		
19986   			-1.86   		   		
19992   			-2.79   		   		
19997   			-1.39   		   		
20003   			-1.92   		   		
20009   			-1.68   		   		
20015   			-1.22   		   		
20020   			-1.86   		   		
20026   			-1.57   		   		
20032   			-1.34   		   		
20038   			-1.34   		   		
20043   			-1.51   		   		
20049   			-1.68   		   		
20055   			-3.54   		   		
20060   			-1.16   		   		
20066   			-2.27   		   		
20072   			-2.44   		   		
20078   			-2.27   		   		
20083   			-1.57   		   		
20089   			-1.32   		   		
20095   			-1.26   		   		
20101   			-0.91   		   		
20106   			-1.14   		   		
20112   			-1.61   		   		
20118   			-3.06   		   		
20123   			-1.95   		   		
20129   			-2.01   		   		
20135   			-2.07   		   		
20141   			-1.72   		   		
20146   			-1.86   		   		
20152   			-1.39   		   		
20158   			-1.45   		   		
20164   			-1.57   		   		
20169   			-1.34   		   		
20175   			-2.05   		   		
20181   			-3.62   		   		
20186   			-2.46   		   		
20192   			-2.05   		   		
20198   			-1.53   		   		
20204   			-0.87   		   		
20209   			-1.45   		   		
20215   			-1.16   		   		
20221   			-1.28   		   		
20227   			-1.28   		   		
20232   			-1.66   		   		
20238   			-1.66   		   		
20244   			-4.05   		   		
20249   			-2.59   		   		
20255   			-2.13   		   		
20261   			-1.63   		   		
20267   			-1.97   		   		
20272   			-2.32   		   		
20278   			-1.68   		   		
20284   			-1.86   		   		
20290   			-1.39   		   		
20295   			-1.51   		   		
20301   			-1.22   		   		
20307   			-3.54   		   		
20312   			-1.57   		   		
20318   			-1.71   		   		
20324   			-1.47   		   		
20330   			-1.71   		   		
20335   			-1.42   		   		
20341   			-1.71   		   		
20347   			-1.22   		   		
20353   			-1.97   		   		
20358   			-1.57   		   		
20364   			-1.34   		   		
20370   			-2.15   		   		
20375   			-1.34   		   		
20381   			-0.70   		   		
20387   			-0.99   		   		
20393   			-1.16   		   		
20398   			-0.58   		   		
20404   			-1.86   		   		
20410   			-0.47   		   		
20416   			-0.29   		   		
20421   			-0.41   		   		
20427   			-0.35   		   		
20433   			-0.53   		   		
20438   			-0.81   		   		
20444   			-0.76   		   		
20450   			-0.53   		   		
20456   			-0.47   		   		
20461   			-1.34   		   		
20467   			-1.28   		   		
20473   			-0.81   		   		
20479   			-0.70   		   		
20484   			-0.99   		   		
20490   			-1.59   		   		
20496   			-1.47   		   		
20501   			-1.36   		   		
20507   			-0.60   		   		
20513   			-0.84   		   		
20519   			-0.81   		   		
20524   			-0.93   		   		
20530   			-0.87   		   		
20536   			0.00   		   		
20542   			0.17   		   		
20547   			-0.76   		   		
