Timestamp		Force Z		Comments
0   			-1.22   		   		
6   			-2.56   		   		
11   			-1.22   		   		
17   			-1.22   		   		
23   			-1.39   		   		
29   			-1.97   		   		
34   			-2.01   		   		
40   			-0.39   		   		
46   			-1.26   		   		
52   			-0.97   		   		
57   			-1.14   		   		
63   			-1.34   		   		
69   			-2.03   		   		
74   			-1.80   		   		
80   			-1.05   		   		
86   			-1.10   		   		
92   			-0.33   		   		
97   			-0.68   		   		
103   			-0.85   		   		
109   			-0.62   		   		
115   			-0.97   		   		
120   			-0.81   		   		
126   			-0.70   		   		
132   			-2.85   		   		
137   			-0.99   		   		
143   			-1.05   		   		
149   			-0.85   		   		
155   			-1.61   		   		
160   			-2.01   		   		
166   			-1.84   		   		
172   			-1.20   		   		
178   			-1.68   		   		
183   			-1.28   		   		
189   			-1.63   		   		
195   			-1.22   		   		
200   			-1.51   		   		
206   			-0.91   		   		
212   			-0.80   		   		
218   			-1.15   		   		
223   			-0.74   		   		
229   			-0.57   		   		
235   			-0.87   		   		
241   			-1.39   		   		
246   			-1.34   		   		
252   			-1.97   		   		
258   			-0.70   		   		
263   			-1.45   		   		
269   			-0.35   		   		
275   			-1.86   		   		
281   			-0.70   		   		
286   			-1.16   		   		
292   			-1.45   		   		
298   			-1.16   		   		
304   			-1.63   		   		
309   			-1.68   		   		
315   			-1.51   		   		
321   			-2.30   		   		
326   			-1.20   		   		
332   			-1.03   		   		
338   			-1.55   		   		
344   			-0.79   		   		
349   			-0.99   		   		
355   			-1.51   		   		
361   			-1.16   		   		
367   			-0.76   		   		
372   			-1.45   		   		
378   			-1.63   		   		
384   			-0.99   		   		
389   			-0.47   		   		
395   			-1.80   		   		
401   			-0.87   		   		
407   			-1.59   		   		
412   			-1.30   		   		
418   			-2.29   		   		
424   			-1.76   		   		
430   			-1.71   		   		
435   			-2.11   		   		
441   			-2.00   		   		
447   			-2.63   		   		
452   			-2.46   		   		
458   			-1.82   		   		
464   			-1.76   		   		
470   			-2.69   		   		
475   			-1.88   		   		
481   			-2.40   		   		
487   			-3.16   		   		
493   			-2.96   		   		
498   			-2.96   		   		
504   			-2.73   		   		
510   			-2.15   		   		
515   			-2.90   		   		
521   			-1.94   		   		
527   			-2.75   		   		
533   			-2.93   		   		
538   			-2.69   		   		
544   			-2.00   		   		
550   			-2.46   		   		
556   			-1.71   		   		
561   			-1.59   		   		
567   			-2.81   		   		
573   			-2.05   		   		
578   			-2.21   		   		
584   			-2.32   		   		
590   			-2.61   		   		
596   			-2.38   		   		
601   			-2.32   		   		
607   			-2.73   		   		
613   			-3.31   		   		
619   			-2.44   		   		
624   			-3.37   		   		
630   			-1.63   		   		
636   			-2.36   		   		
641   			-1.90   		   		
647   			-1.26   		   		
653   			-2.01   		   		
659   			-1.90   		   		
664   			-2.11   		   		
670   			-1.94   		   		
676   			-2.17   		   		
682   			-1.18   		   		
687   			-2.52   		   		
693   			-1.55   		   		
699   			-1.37   		   		
704   			-2.13   		   		
710   			-2.13   		   		
716   			-1.78   		   		
722   			-1.97   		   		
727   			-1.97   		   		
733   			-1.39   		   		
739   			-2.67   		   		
744   			-1.16   		   		
750   			-1.55   		   		
756   			-1.20   		   		
762   			-2.36   		   		
767   			-2.53   		   		
773   			-2.24   		   		
779   			-2.21   		   		
785   			-2.38   		   		
790   			-1.97   		   		
796   			-1.86   		   		
802   			-4.30   		   		
807   			-1.95   		   		
813   			-2.19   		   		
819   			-1.49   		   		
825   			-1.55   		   		
830   			-1.78   		   		
836   			-1.82   		   		
842   			-1.47   		   		
848   			-2.00   		   		
853   			-1.82   		   		
859   			-2.11   		   		
865   			-3.51   		   		
870   			-2.87   		   		
876   			-2.46   		   		
882   			-2.17   		   		
888   			-1.59   		   		
893   			-2.61   		   		
899   			-2.79   		   		
905   			-1.92   		   		
911   			-2.03   		   		
916   			-0.93   		   		
922   			-1.42   		   		
928   			-1.01   		   		
933   			-2.05   		   		
939   			-2.23   		   		
945   			-1.47   		   		
951   			-2.22   		   		
956   			-2.34   		   		
962   			-2.11   		   		
968   			-1.93   		   		
974   			-1.87   		   		
979   			-1.59   		   		
985   			-2.63   		   		
991   			-2.52   		   		
996   			-2.75   		   		
1002   			-2.17   		   		
1008   			-2.32   		   		
1014   			-2.03   		   		
1019   			-1.63   		   		
1025   			-1.97   		   		
1031   			-1.74   		   		
1037   			-1.92   		   		
1042   			-1.86   		   		
1048   			-1.68   		   		
1054   			-2.56   		   		
1059   			-2.09   		   		
1065   			-1.45   		   		
1071   			-2.15   		   		
1077   			-1.57   		   		
1082   			-2.96   		   		
1088   			-1.86   		   		
1094   			-2.23   		   		
1100   			-2.23   		   		
1105   			-0.95   		   		
1111   			-1.18   		   		
1117   			-0.60   		   		
1122   			-1.74   		   		
1128   			-1.97   		   		
1134   			-1.74   		   		
1140   			-1.45   		   		
1145   			-1.51   		   		
1151   			-1.71   		   		
1157   			-2.00   		   		
1163   			-2.11   		   		
1168   			-1.53   		   		
1174   			-1.71   		   		
1180   			-0.84   		   		
1185   			-1.53   		   		
1191   			-2.11   		   		
1197   			-1.76   		   		
1203   			-2.00   		   		
1208   			-1.92   		   		
1214   			-2.15   		   		
1220   			-2.79   		   		
1226   			-2.09   		   		
1231   			-2.15   		   		
1237   			-2.29   		   		
1243   			-2.17   		   		
1248   			-2.34   		   		
1254   			-2.46   		   		
1260   			-2.17   		   		
1266   			-2.67   		   		
1271   			-2.44   		   		
1277   			-1.45   		   		
1283   			-1.51   		   		
1289   			-1.39   		   		
1294   			-1.74   		   		
1300   			-0.87   		   		
1306   			-1.63   		   		
1311   			-1.63   		   		
1317   			-1.86   		   		
1323   			-1.92   		   		
1329   			-1.63   		   		
1334   			-1.92   		   		
1340   			-2.32   		   		
1346   			-1.34   		   		
1352   			-1.05   		   		
1357   			-1.80   		   		
1363   			-1.86   		   		
1369   			-1.97   		   		
1374   			-1.68   		   		
1380   			-1.82   		   		
1386   			-1.42   		   		
1392   			-0.89   		   		
1397   			-1.47   		   		
1403   			-1.94   		   		
1409   			-2.73   		   		
1415   			-2.61   		   		
1420   			-2.38   		   		
1426   			-2.85   		   		
1432   			-2.50   		   		
1437   			-1.22   		   		
1443   			-1.74   		   		
1449   			-1.92   		   		
1455   			-2.27   		   		
1460   			-2.03   		   		
1466   			-1.42   		   		
1472   			-1.30   		   		
1478   			-2.00   		   		
1483   			-1.94   		   		
1489   			-2.58   		   		
1495   			-1.57   		   		
1500   			-1.86   		   		
1506   			-1.74   		   		
1512   			-1.22   		   		
1518   			-1.57   		   		
1523   			-1.51   		   		
1529   			-2.09   		   		
1535   			-1.86   		   		
1541   			-1.10   		   		
1546   			-0.93   		   		
1552   			-0.68   		   		
1558   			-1.55   		   		
1563   			-1.55   		   		
1569   			-1.95   		   		
1575   			-1.20   		   		
1581   			-1.94   		   		
1586   			-1.94   		   		
1592   			-2.29   		   		
1598   			-4.32   		   		
1603   			-2.29   		   		
1609   			-1.57   		   		
1615   			-2.09   		   		
1621   			-2.32   		   		
1626   			-2.85   		   		
1632   			-2.38   		   		
1638   			-2.00   		   		
1644   			-2.11   		   		
1649   			-1.88   		   		
1655   			-1.47   		   		
1661   			-3.39   		   		
1666   			-1.57   		   		
1672   			-2.32   		   		
1678   			-1.80   		   		
1684   			-1.51   		   		
1689   			-2.21   		   		
1695   			-2.29   		   		
1701   			-2.00   		   		
1707   			-2.05   		   		
1712   			-1.82   		   		
1718   			-1.71   		   		
1724   			-3.49   		   		
1729   			-2.09   		   		
1735   			-2.32   		   		
1741   			-1.22   		   		
1747   			-2.03   		   		
1752   			-1.05   		   		
1758   			-1.80   		   		
1764   			-1.80   		   		
1770   			-2.09   		   		
1775   			-1.39   		   		
1781   			-1.55   		   		
1787   			-1.84   		   		
1792   			-1.90   		   		
1798   			-2.19   		   		
1804   			-2.71   		   		
1810   			-2.44   		   		
1815   			-2.32   		   		
1821   			-1.63   		   		
1827   			-1.63   		   		
1833   			-2.44   		   		
1838   			-1.86   		   		
1844   			-0.70   		   		
1850   			-0.41   		   		
1855   			-1.22   		   		
1861   			-0.99   		   		
1867   			-2.21   		   		
1873   			-1.92   		   		
1878   			-2.73   		   		
1884   			-1.45   		   		
1890   			-1.57   		   		
1896   			-1.53   		   		
1901   			-2.69   		   		
1907   			-2.69   		   		
1913   			-2.34   		   		
1918   			-2.23   		   		
1924   			-3.14   		   		
1930   			-2.73   		   		
1936   			-3.08   		   		
1941   			-2.73   		   		
1947   			-3.60   		   		
1953   			-2.88   		   		
1959   			-3.35   		   		
1964   			-2.77   		   		
1970   			-2.53   		   		
1976   			-2.30   		   		
1981   			-1.94   		   		
1987   			-1.65   		   		
1993   			-1.94   		   		
1999   			-2.17   		   		
2004   			-1.82   		   		
2010   			-2.07   		   		
2016   			-1.20   		   		
2022   			-2.83   		   		
2027   			-1.84   		   		
2033   			-2.19   		   		
2039   			-2.52   		   		
2044   			-1.94   		   		
2050   			-2.23   		   		
2056   			-2.46   		   		
2062   			-2.17   		   		
2067   			-2.73   		   		
2073   			-2.32   		   		
2079   			-2.21   		   		
2085   			-3.02   		   		
2090   			-2.96   		   		
2096   			-2.48   		   		
2102   			-2.48   		   		
2107   			-2.59   		   		
2113   			-2.59   		   		
2119   			-2.71   		   		
2125   			-2.52   		   		
2130   			-1.88   		   		
2136   			-2.40   		   		
2142   			-1.36   		   		
2148   			-2.17   		   		
2153   			-1.18   		   		
2159   			-1.88   		   		
2165   			-2.40   		   		
2170   			-2.29   		   		
2176   			-2.05   		   		
2182   			-1.92   		   		
2188   			-1.51   		   		
2193   			-2.27   		   		
2199   			-1.22   		   		
2205   			-3.31   		   		
2211   			-1.51   		   		
2216   			-0.87   		   		
2222   			-0.93   		   		
2228   			-2.09   		   		
2233   			-1.68   		   		
2239   			-1.18   		   		
2245   			-2.00   		   		
2251   			-1.07   		   		
2256   			-1.07   		   		
2262   			-1.13   		   		
2268   			-3.33   		   		
2273   			-1.76   		   		
2279   			-1.53   		   		
2285   			-2.29   		   		
2291   			-2.34   		   		
2296   			-2.03   		   		
2302   			-2.03   		   		
2308   			-0.58   		   		
2314   			-1.34   		   		
2319   			-1.80   		   		
2325   			-1.80   		   		
2331   			-6.34   		   		
2336   			-1.34   		   		
2342   			-1.28   		   		
2348   			-1.28   		   		
2354   			-0.81   		   		
2359   			-0.29   		   		
2365   			-0.99   		   		
2371   			-0.53   		   		
2377   			-0.76   		   		
2382   			-0.55   		   		
2388   			-1.01   		   		
2394   			-6.18   		   		
2399   			-1.76   		   		
2405   			-1.42   		   		
2411   			-1.16   		   		
2417   			-1.92   		   		
2422   			-1.68   		   		
2428   			-1.34   		   		
2434   			-1.86   		   		
2440   			-2.21   		   		
2445   			-1.22   		   		
2451   			-1.34   		   		
2457   			-6.57   		   		
2462   			-2.44   		   		
2468   			-1.45   		   		
2474   			-1.80   		   		
2480   			-1.51   		   		
2485   			-2.44   		   		
2491   			-2.03   		   		
2497   			-2.58   		   		
2503   			-2.29   		   		
2508   			-2.23   		   		
2514   			-1.65   		   		
2520   			-7.06   		   		
2525   			-1.39   		   		
2531   			-0.93   		   		
2537   			-1.86   		   		
2543   			-2.27   		   		
2548   			-1.92   		   		
2554   			-2.36   		   		
2560   			-1.66   		   		
2566   			-2.13   		   		
2571   			-1.66   		   		
2577   			-1.72   		   		
2583   			-6.34   		   		
2588   			-0.53   		   		
2594   			-1.05   		   		
2600   			-0.99   		   		
2606   			-1.45   		   		
2611   			-1.47   		   		
2617   			-1.53   		   		
2623   			-1.47   		   		
2629   			-1.47   		   		
2634   			-1.47   		   		
2640   			-1.53   		   		
2646   			-2.81   		   		
2651   			-1.24   		   		
2657   			-1.65   		   		
2663   			-1.01   		   		
2669   			-1.51   		   		
2674   			-1.80   		   		
2680   			-2.03   		   		
2686   			-1.63   		   		
2692   			-1.39   		   		
2697   			-1.80   		   		
2703   			-1.63   		   		
2709   			-1.80   		   		
2714   			-1.86   		   		
2720   			-1.74   		   		
2726   			-1.20   		   		
2732   			-1.32   		   		
2737   			-2.13   		   		
2743   			-1.66   		   		
2749   			-2.01   		   		
2755   			-1.16   		   		
2760   			-1.22   		   		
2766   			-1.57   		   		
2772   			-2.38   		   		
2777   			-1.86   		   		
2783   			-1.63   		   		
2789   			-1.80   		   		
2795   			-2.50   		   		
2800   			-2.38   		   		
2806   			-2.32   		   		
2812   			-2.63   		   		
2818   			-2.52   		   		
2823   			-1.18   		   		
2829   			-1.36   		   		
2835   			-2.05   		   		
2840   			-2.40   		   		
2846   			-2.69   		   		
2852   			-2.69   		   		
2858   			-2.58   		   		
2863   			-2.29   		   		
2869   			-1.61   		   		
2875   			-1.84   		   		
2881   			-2.19   		   		
2886   			-2.71   		   		
2892   			-2.24   		   		
2898   			-2.15   		   		
2903   			-2.09   		   		
2909   			-1.39   		   		
2915   			-2.15   		   		
2921   			-1.05   		   		
2926   			-2.59   		   		
2932   			-2.71   		   		
2938   			-2.53   		   		
2944   			-1.72   		   		
2949   			-1.37   		   		
2955   			-1.63   		   		
2961   			-0.70   		   		
2966   			-1.34   		   		
2972   			-1.68   		   		
2978   			-2.21   		   		
2984   			-2.19   		   		
2989   			-1.61   		   		
2995   			-2.01   		   		
3001   			-1.78   		   		
3007   			-1.43   		   		
3012   			-2.03   		   		
3018   			-1.10   		   		
3024   			-1.74   		   		
3029   			-1.45   		   		
3035   			-1.86   		   		
3041   			-0.64   		   		
3047   			-1.22   		   		
3052   			-1.39   		   		
3058   			-0.70   		   		
3064   			-1.68   		   		
3070   			-0.99   		   		
3075   			-2.21   		   		
3081   			-2.15   		   		
3087   			-1.74   		   		
3092   			-1.28   		   		
3098   			-2.50   		   		
3104   			-1.86   		   		
3110   			-1.80   		   		
3115   			-1.68   		   		
3121   			-2.27   		   		
3127   			-2.15   		   		
3133   			-2.90   		   		
3138   			-2.32   		   		
3144   			-1.97   		   		
3150   			-1.97   		   		
3155   			-1.57   		   		
3161   			-1.74   		   		
3167   			-1.97   		   		
3173   			-1.86   		   		
3178   			-2.50   		   		
3184   			-2.05   		   		
3190   			-2.63   		   		
3196   			-2.63   		   		
3201   			-2.17   		   		
3207   			-2.34   		   		
3213   			-2.15   		   		
3218   			-1.74   		   		
3224   			-2.09   		   		
3230   			-2.03   		   		
3236   			-2.85   		   		
3241   			-2.21   		   		
3247   			-2.44   		   		
3253   			-2.38   		   		
3259   			-2.56   		   		
3264   			-2.67   		   		
3270   			-1.90   		   		
3276   			-2.65   		   		
3281   			-2.48   		   		
3287   			-2.59   		   		
3293   			-2.53   		   		
3299   			-2.58   		   		
3304   			-2.63   		   		
3310   			-2.93   		   		
3316   			-3.45   		   		
3321   			-2.58   		   		
3327   			-2.27   		   		
3333   			-2.32   		   		
3339   			-2.67   		   		
3344   			-2.27   		   		
3350   			-1.92   		   		
3356   			-2.50   		   		
3362   			-1.74   		   		
3367   			-1.74   		   		
3373   			-1.10   		   		
3379   			-4.07   		   		
3384   			-2.56   		   		
3390   			-2.44   		   		
3396   			-1.34   		   		
3402   			-2.15   		   		
3407   			-0.64   		   		
3413   			-1.34   		   		
3419   			-1.92   		   		
3425   			-2.03   		   		
3430   			-1.86   		   		
3436   			-2.21   		   		
3442   			-4.01   		   		
3447   			-2.27   		   		
3453   			-2.03   		   		
3459   			-2.73   		   		
3465   			-1.80   		   		
3470   			-1.51   		   		
3476   			-1.51   		   		
3482   			-1.63   		   		
3488   			-2.27   		   		
3493   			-1.92   		   		
3499   			-1.72   		   		
3505   			-3.64   		   		
3510   			-2.01   		   		
3516   			-2.01   		   		
3522   			-1.32   		   		
3528   			-1.68   		   		
3533   			-1.80   		   		
3539   			-2.03   		   		
3545   			-1.80   		   		
3551   			-1.57   		   		
3556   			-1.22   		   		
3562   			-1.97   		   		
3568   			-1.97   		   		
3573   			-2.09   		   		
3579   			-2.38   		   		
3585   			-1.13   		   		
3591   			-1.30   		   		
3596   			-1.76   		   		
3602   			-1.36   		   		
3608   			-1.36   		   		
3614   			-1.36   		   		
3619   			-1.42   		   		
3625   			-1.76   		   		
3631   			-1.07   		   		
3636   			-1.36   		   		
3642   			-1.61   		   		
3648   			-1.03   		   		
3654   			-1.78   		   		
3659   			-0.79   		   		
3665   			-1.61   		   		
3671   			-1.78   		   		
3677   			-1.03   		   		
3682   			-1.20   		   		
3688   			-2.24   		   		
3694   			-1.37   		   		
3699   			-1.01   		   		
3705   			-1.18   		   		
3711   			-1.18   		   		
3717   			-1.36   		   		
3722   			-1.13   		   		
3728   			-1.49   		   		
3734   			-1.43   		   		
3740   			-0.79   		   		
3745   			-0.91   		   		
3751   			-2.01   		   		
3757   			-1.32   		   		
3762   			-1.14   		   		
3768   			-2.01   		   		
3774   			-2.13   		   		
3780   			-1.32   		   		
3785   			-2.05   		   		
3791   			-0.95   		   		
3797   			-1.30   		   		
3803   			-0.78   		   		
3808   			-2.05   		   		
3814   			-1.59   		   		
3820   			-0.95   		   		
3825   			-0.89   		   		
3831   			-2.05   		   		
3837   			-1.65   		   		
3843   			-1.01   		   		
3848   			-1.65   		   		
3854   			-0.60   		   		
3860   			-1.76   		   		
3866   			-1.18   		   		
3871   			-0.95   		   		
3877   			-0.43   		   		
3883   			-1.12   		   		
3888   			-1.29   		   		
3894   			-1.53   		   		
3900   			-1.63   		   		
3906   			-1.74   		   		
3911   			-1.63   		   		
3917   			-1.74   		   		
3923   			-1.22   		   		
3929   			-0.87   		   		
3934   			-0.93   		   		
3940   			-0.24   		   		
3946   			-1.22   		   		
3951   			-1.86   		   		
3957   			-1.80   		   		
3963   			-1.28   		   		
3969   			-0.76   		   		
3974   			-0.93   		   		
3980   			-1.63   		   		
3986   			-1.42   		   		
3992   			-0.78   		   		
3997   			-1.76   		   		
4003   			-1.47   		   		
4009   			-2.17   		   		
4014   			-1.55   		   		
4020   			-1.43   		   		
4026   			-0.85   		   		
4032   			-1.08   		   		
4037   			-0.91   		   		
4043   			-1.01   		   		
4049   			-1.30   		   		
4055   			-0.43   		   		
4060   			-1.13   		   		
4066   			-0.72   		   		
4072   			-1.78   		   		
4077   			-1.37   		   		
4083   			-1.72   		   		
4089   			-1.78   		   		
4095   			-1.20   		   		
4100   			-0.56   		   		
4106   			-1.14   		   		
4112   			-1.08   		   		
4118   			-1.78   		   		
4123   			-1.55   		   		
4129   			-0.64   		   		
4135   			-0.70   		   		
4140   			-0.58   		   		
4146   			-0.24   		   		
4152   			-0.87   		   		
4158   			-1.68   		   		
4163   			-1.51   		   		
4169   			-1.10   		   		
4175   			-1.68   		   		
4180   			-1.51   		   		
4186   			-1.57   		   		
4192   			-0.70   		   		
4198   			-1.34   		   		
4203   			-1.63   		   		
4209   			-1.68   		   		
4215   			-0.41   		   		
4221   			-0.81   		   		
4226   			-0.64   		   		
4232   			-0.41   		   		
4238   			-0.76   		   		
4243   			-0.31   		   		
4249   			-0.55   		   		
4255   			-0.14   		   		
4261   			-0.20   		   		
4266   			-0.60   		   		
4272   			-0.85   		   		
4278   			-0.74   		   		
4284   			-0.91   		   		
4289   			-0.45   		   		
4295   			-1.03   		   		
4301   			-2.17   		   		
4306   			-1.13   		   		
4312   			-0.89   		   		
4318   			-0.95   		   		
4324   			-0.26   		   		
4329   			-1.18   		   		
4335   			-1.82   		   		
4341   			-1.76   		   		
4347   			-2.00   		   		
4352   			-1.88   		   		
4358   			-2.11   		   		
4364   			-2.93   		   		
4369   			-1.65   		   		
4375   			-2.00   		   		
4381   			-0.84   		   		
4387   			-0.91   		   		
4392   			-1.37   		   		
4398   			-1.78   		   		
4404   			-1.49   		   		
4410   			-1.03   		   		
4415   			-1.78   		   		
4421   			-2.07   		   		
4427   			-2.24   		   		
4432   			-1.66   		   		
4438   			-2.01   		   		
4444   			-2.69   		   		
4450   			-1.24   		   		
4455   			-1.71   		   		
4461   			-1.59   		   		
4467   			-1.76   		   		
4473   			-2.03   		   		
4478   			-1.80   		   		
4484   			-1.51   		   		
4490   			-1.22   		   		
4495   			-0.35   		   		
4501   			-0.37   		   		
4507   			-0.26   		   		
4513   			0.03   		   		
4518   			-0.20   		   		
4524   			-1.18   		   		
4530   			-1.28   		   		
4536   			-0.58   		   		
4541   			-1.45   		   		
4547   			-2.15   		   		
4553   			-2.09   		   		
4558   			-1.78   		   		
4564   			-0.45   		   		
4570   			-0.74   		   		
4576   			-0.97   		   		
4581   			-1.08   		   		
4587   			-1.36   		   		
4593   			-1.42   		   		
4599   			-1.53   		   		
4604   			-0.37   		   		
4610   			-1.53   		   		
4616   			-0.57   		   		
4621   			-1.78   		   		
4627   			-0.39   		   		
4633   			-1.32   		   		
4639   			-1.15   		   		
4644   			-1.39   		   		
4650   			-1.80   		   		
4656   			-2.27   		   		
4662   			-1.10   		   		
4667   			-1.63   		   		
4673   			-0.99   		   		
4679   			-1.45   		   		
4684   			-0.87   		   		
4690   			-1.28   		   		
4696   			-1.39   		   		
4702   			-1.80   		   		
4707   			-1.45   		   		
4713   			-1.63   		   		
4719   			-1.10   		   		
4725   			-1.05   		   		
4730   			-0.99   		   		
4736   			-0.81   		   		
4742   			-1.34   		   		
4747   			-1.34   		   		
4753   			-1.22   		   		
4759   			-1.34   		   		
4765   			-1.68   		   		
4770   			-1.05   		   		
4776   			-0.58   		   		
4782   			-0.58   		   		
4788   			-0.95   		   		
4793   			-1.47   		   		
4799   			-1.76   		   		
4805   			-1.82   		   		
4810   			-1.07   		   		
4816   			-0.99   		   		
4822   			-0.76   		   		
4828   			-0.87   		   		
4833   			-1.22   		   		
4839   			-2.44   		   		
4845   			-1.10   		   		
4851   			-1.34   		   		
4856   			-1.39   		   		
4862   			-1.34   		   		
4868   			-0.93   		   		
4873   			-1.76   		   		
4879   			-1.18   		   		
4885   			-1.07   		   		
4891   			-1.47   		   		
4896   			-1.71   		   		
4902   			-1.55   		   		
4908   			-1.49   		   		
4914   			-1.78   		   		
4919   			-1.72   		   		
4925   			-1.78   		   		
4931   			-1.61   		   		
4936   			-1.44   		   		
4942   			-2.08   		   		
4948   			-1.32   		   		
4954   			-1.26   		   		
4959   			-2.88   		   		
4965   			-2.88   		   		
4971   			-3.29   		   		
4976   			-2.36   		   		
4982   			-1.84   		   		
4988   			-2.31   		   		
4994   			-2.02   		   		
4999   			-1.26   		   		
5005   			-1.90   		   		
5011   			-1.90   		   		
5017   			-1.88   		   		
5022   			-1.24   		   		
5028   			-1.24   		   		
5034   			-2.75   		   		
5039   			-1.71   		   		
5045   			-1.51   		   		
5051   			-1.28   		   		
5057   			-2.56   		   		
5062   			-1.16   		   		
5068   			-0.76   		   		
5074   			-1.16   		   		
5080   			-2.03   		   		
5085   			-2.03   		   		
5091   			-1.97   		   		
5097   			-2.38   		   		
5102   			-1.65   		   		
5108   			-0.49   		   		
5114   			-2.11   		   		
5120   			-1.94   		   		
5125   			-2.00   		   		
5131   			-2.58   		   		
5137   			-2.34   		   		
5143   			-2.00   		   		
5148   			-1.47   		   		
5154   			-0.95   		   		
5160   			-1.68   		   		
5165   			-1.51   		   		
5171   			-1.63   		   		
5177   			-1.57   		   		
5183   			-2.27   		   		
5188   			-0.95   		   		
5194   			-0.60   		   		
5200   			-0.14   		   		
5206   			-0.95   		   		
5211   			-0.60   		   		
5217   			-1.36   		   		
5223   			-1.71   		   		
5228   			-1.88   		   		
5234   			-1.47   		   		
5240   			-1.59   		   		
5246   			-0.93   		   		
5251   			-1.05   		   		
5257   			-1.34   		   		
5263   			-1.68   		   		
5269   			-1.28   		   		
5274   			-0.95   		   		
5280   			-1.76   		   		
5286   			-1.76   		   		
5291   			-1.71   		   		
5297   			-2.40   		   		
5303   			-2.59   		   		
5309   			-2.48   		   		
5314   			-1.72   		   		
5320   			-2.24   		   		
5326   			-1.90   		   		
5332   			-2.27   		   		
5337   			-1.97   		   		
5343   			-1.16   		   		
5349   			-0.81   		   		
5354   			-1.39   		   		
5360   			-0.50   		   		
5366   			-0.62   		   		
5372   			-1.03   		   		
5377   			-0.79   		   		
5383   			-0.85   		   		
5389   			-1.24   		   		
5395   			-0.31   		   		
5400   			-0.55   		   		
5406   			-1.30   		   		
5412   			-0.49   		   		
5417   			-0.53   		   		
5423   			0.46   		   		
5429   			-0.64   		   		
5435   			-1.22   		   		
5440   			-1.05   		   		
5446   			-0.29   		   		
5452   			-0.76   		   		
5458   			-0.81   		   		
5463   			-0.76   		   		
5469   			-0.47   		   		
5475   			-0.49   		   		
5480   			-0.95   		   		
5486   			-0.60   		   		
5492   			-0.31   		   		
5498   			0.32   		   		
5503   			0.46   		   		
5509   			0.40   		   		
5515   			0.23   		   		
5521   			0.52   		   		
5526   			0.69   		   		
5532   			1.15   		   		
5538   			0.11   		   		
5543   			0.34   		   		
5549   			0.75   		   		
5555   			0.34   		   		
5561   			-0.84   		   		
5566   			-0.31   		   		
5572   			-0.14   		   		
5578   			0.79   		   		
5584   			0.50   		   		
5589   			0.81   		   		
5595   			0.81   		   		
5601   			0.46   		   		
5606   			1.04   		   		
5612   			0.52   		   		
5618   			0.17   		   		
5624   			1.56   		   		
5629   			1.04   		   		
5635   			0.69   		   		
5641   			0.81   		   		
5647   			0.98   		   		
5652   			1.21   		   		
5658   			0.63   		   		
5664   			0.40   		   		
5669   			1.10   		   		
5675   			0.86   		   		
5681   			0.75   		   		
5687   			0.17   		   		
5692   			0.75   		   		
5698   			1.04   		   		
5704   			0.63   		   		
5710   			0.86   		   		
5715   			0.69   		   		
5721   			0.63   		   		
5727   			1.73   		   		
5732   			1.31   		   		
5738   			0.73   		   		
5744   			0.44   		   		
5750   			0.09   		   		
5755   			1.19   		   		
5761   			0.86   		   		
5767   			1.91   		   		
5772   			0.63   		   		
5778   			1.21   		   		
5784   			1.85   		   		
5790   			1.65   		   		
5795   			1.71   		   		
5801   			1.54   		   		
5807   			2.17   		   		
5813   			2.81   		   		
5818   			1.70   		   		
5824   			1.70   		   		
5830   			-0.04   		   		
5835   			1.75   		   		
5841   			2.04   		   		
5847   			1.75   		   		
5853   			1.81   		   		
5858   			1.52   		   		
5864   			2.39   		   		
5870   			2.16   		   		
5876   			1.50   		   		
5881   			1.56   		   		
5887   			0.92   		   		
5893   			-0.35   		   		
5898   			2.14   		   		
5904   			2.31   		   		
5910   			2.25   		   		
5916   			2.31   		   		
5921   			2.48   		   		
5927   			2.19   		   		
5933   			2.37   		   		
5939   			2.14   		   		
5944   			2.71   		   		
5950   			2.71   		   		
5956   			2.83   		   		
5961   			3.64   		   		
5967   			3.23   		   		
5973   			3.58   		   		
5979   			3.06   		   		
5984   			2.89   		   		
5990   			2.62   		   		
5996   			2.16   		   		
6002   			3.31   		   		
6007   			3.66   		   		
6013   			3.83   		   		
6019   			3.98   		   		
6024   			3.81   		   		
6030   			3.46   		   		
6036   			3.52   		   		
6042   			4.04   		   		
6047   			4.21   		   		
6053   			4.04   		   		
6059   			3.81   		   		
6065   			3.06   		   		
6070   			2.60   		   		
6076   			2.71   		   		
6082   			3.00   		   		
6087   			3.52   		   		
6093   			4.44   		   		
6099   			3.70   		   		
6105   			4.06   		   		
6110   			4.58   		   		
6116   			4.29   		   		
6122   			3.60   		   		
6128   			4.18   		   		
6133   			3.29   		   		
6139   			3.93   		   		
6145   			4.44   		   		
6150   			3.70   		   		
6156   			3.70   		   		
6162   			4.24   		   		
6168   			4.75   		   		
6173   			4.52   		   		
6179   			4.41   		   		
6185   			4.64   		   		
6191   			4.12   		   		
6196   			4.52   		   		
6202   			4.58   		   		
6208   			4.64   		   		
6213   			4.81   		   		
6219   			5.02   		   		
6225   			5.31   		   		
6231   			5.60   		   		
6236   			5.48   		   		
6242   			5.60   		   		
6248   			5.06   		   		
6254   			5.00   		   		
6259   			4.42   		   		
6265   			4.94   		   		
6271   			4.88   		   		
6276   			5.33   		   		
6282   			4.41   		   		
6288   			4.75   		   		
6294   			5.04   		   		
6299   			5.79   		   		
6305   			6.40   		   		
6311   			5.37   		   		
6317   			6.00   		   		
6322   			6.23   		   		
6328   			5.08   		   		
6334   			5.37   		   		
6339   			5.19   		   		
6345   			5.71   		   		
6351   			5.71   		   		
6357   			5.65   		   		
6362   			5.77   		   		
6368   			5.37   		   		
6374   			5.77   		   		
6380   			6.80   		   		
6385   			6.75   		   		
6391   			6.75   		   		
6397   			7.38   		   		
6402   			6.11   		   		
6408   			7.44   		   		
6414   			7.15   		   		
6420   			7.74   		   		
6425   			7.80   		   		
6431   			7.29   		   		
6437   			7.97   		   		
6443   			7.86   		   		
6448   			8.30   		   		
6454   			8.64   		   		
6460   			8.53   		   		
6465   			9.04   		   		
6471   			8.58   		   		
6477   			7.38   		   		
6483   			7.67   		   		
6488   			7.72   		   		
6494   			7.61   		   		
6500   			6.75   		   		
6506   			8.22   		   		
6511   			7.82   		   		
6517   			7.88   		   		
6523   			8.33   		   		
6528   			8.51   		   		
6534   			8.76   		   		
6540   			8.13   		   		
6546   			8.07   		   		
6551   			9.39   		   		
6557   			8.53   		   		
6563   			6.57   		   		
6568   			8.76   		   		
6574   			8.64   		   		
6580   			8.30   		   		
6586   			8.47   		   		
6591   			8.53   		   		
6597   			8.76   		   		
6603   			9.39   		   		
6609   			8.93   		   		
6614   			8.58   		   		
6620   			8.84   		   		
6626   			9.92   		   		
6632   			8.26   		   		
6637   			8.15   		   		
6643   			8.78   		   		
6649   			9.16   		   		
6654   			9.27   		   		
6660   			8.87   		   		
6666   			8.53   		   		
6672   			7.90   		   		
6677   			8.18   		   		
6683   			9.22   		   		
6689   			8.41   		   		
6694   			8.70   		   		
6700   			8.58   		   		
6706   			8.30   		   		
6712   			8.99   		   		
6717   			8.87   		   		
6723   			9.33   		   		
6729   			8.76   		   		
6735   			9.10   		   		
6740   			8.99   		   		
6746   			9.85   		   		
6752   			7.26   		   		
6757   			9.44   		   		
6763   			9.29   		   		
6769   			8.84   		   		
6775   			9.52   		   		
6780   			8.72   		   		
6786   			9.18   		   		
6792   			8.49   		   		
6798   			8.66   		   		
6803   			9.29   		   		
6809   			8.43   		   		
6815   			8.03   		   		
6820   			8.66   		   		
6826   			9.12   		   		
6832   			8.20   		   		
6838   			9.01   		   		
6843   			8.49   		   		
6849   			8.53   		   		
6855   			9.27   		   		
6861   			8.93   		   		
6866   			9.44   		   		
6872   			8.70   		   		
6878   			7.44   		   		
6883   			9.16   		   		
6889   			9.10   		   		
6895   			9.04   		   		
6901   			9.96   		   		
6906   			9.47   		   		
6912   			9.98   		   		
6918   			9.92   		   		
6924   			8.89   		   		
6929   			9.64   		   		
6935   			8.09   		   		
6941   			7.46   		   		
6946   			8.38   		   		
6952   			8.95   		   		
6958   			7.97   		   		
6964   			8.05   		   		
6969   			7.59   		   		
6975   			7.93   		   		
6981   			8.79   		   		
6987   			9.48   		   		
6992   			9.94   		   		
6998   			9.25   		   		
7004   			8.16   		   		
7009   			8.74   		   		
7015   			9.37   		   		
7021   			9.39   		   		
7027   			9.16   		   		
7032   			9.56   		   		
7038   			9.10   		   		
7044   			9.10   		   		
7050   			8.76   		   		
7055   			7.90   		   		
7061   			8.18   		   		
7067   			6.57   		   		
7072   			8.81   		   		
7078   			8.51   		   		
7084   			7.65   		   		
7090   			8.05   		   		
7095   			7.59   		   		
7101   			8.39   		   		
7107   			8.38   		   		
7113   			8.26   		   		
7118   			8.43   		   		
7124   			7.63   		   		
7130   			8.26   		   		
7135   			9.14   		   		
7141   			9.08   		   		
7147   			9.42   		   		
7153   			9.48   		   		
7158   			9.48   		   		
7164   			9.37   		   		
7170   			9.19   		   		
7176   			9.71   		   		
7181   			9.60   		   		
7187   			9.65   		   		
7193   			8.74   		   		
7198   			8.62   		   		
7204   			9.42   		   		
7210   			9.25   		   		
7216   			8.91   		   		
7221   			8.81   		   		
7227   			8.53   		   		
7233   			8.30   		   		
7239   			8.76   		   		
7244   			8.47   		   		
7250   			8.76   		   		
7256   			8.70   		   		
7261   			9.22   		   		
7267   			8.93   		   		
7273   			9.73   		   		
7279   			9.19   		   		
7284   			9.08   		   		
7290   			8.74   		   		
7296   			9.08   		   		
7302   			9.19   		   		
7307   			8.97   		   		
7313   			9.26   		   		
7319   			9.37   		   		
7324   			8.68   		   		
7330   			9.03   		   		
7336   			8.99   		   		
7342   			9.90   		   		
7347   			8.64   		   		
7353   			8.07   		   		
7359   			8.76   		   		
7365   			8.22   		   		
7370   			8.85   		   		
7376   			9.42   		   		
7382   			9.14   		   		
7387   			8.85   		   		
7393   			8.68   		   		
7399   			8.85   		   		
7405   			8.51   		   		
7410   			8.91   		   		
7416   			9.48   		   		
7422   			8.64   		   		
7428   			8.87   		   		
7433   			8.36   		   		
7439   			8.81   		   		
7445   			9.44   		   		
7450   			7.95   		   		
7456   			8.30   		   		
7462   			8.01   		   		
7468   			8.07   		   		
7473   			9.04   		   		
7479   			9.67   		   		
7485   			9.04   		   		
7491   			9.33   		   		
7496   			8.64   		   		
7502   			8.81   		   		
7508   			8.91   		   		
7513   			9.48   		   		
7519   			8.05   		   		
7525   			8.91   		   		
7531   			9.25   		   		
7536   			8.43   		   		
7542   			9.69   		   		
7548   			8.83   		   		
7553   			8.43   		   		
7559   			8.71   		   		
7565   			9.16   		   		
7571   			8.76   		   		
7576   			9.50   		   		
7582   			9.27   		   		
7588   			8.99   		   		
7594   			8.05   		   		
7599   			8.91   		   		
7605   			9.65   		   		
7611   			6.78   		   		
7616   			8.68   		   		
7622   			9.67   		   		
7628   			8.41   		   		
7634   			9.44   		   		
7639   			8.93   		   		
7645   			8.18   		   		
7651   			8.28   		   		
7657   			8.16   		   		
7662   			8.68   		   		
7668   			8.16   		   		
7674   			7.42   		   		
7679   			8.41   		   		
7685   			8.87   		   		
7691   			8.47   		   		
7697   			9.27   		   		
7702   			8.99   		   		
7708   			9.44   		   		
7714   			8.76   		   		
7720   			8.24   		   		
7725   			8.24   		   		
7731   			8.64   		   		
7737   			8.28   		   		
7742   			8.74   		   		
7748   			9.19   		   		
7754   			9.19   		   		
7760   			8.91   		   		
7765   			9.47   		   		
7771   			9.29   		   		
7777   			9.18   		   		
7783   			9.06   		   		
7788   			8.84   		   		
7794   			8.81   		   		
7800   			8.76   		   		
7805   			9.16   		   		
7811   			9.04   		   		
7817   			8.93   		   		
7823   			9.19   		   		
7828   			8.51   		   		
7834   			9.08   		   		
7840   			9.31   		   		
7846   			8.16   		   		
7851   			8.93   		   		
7857   			8.99   		   		
7863   			7.38   		   		
7868   			7.90   		   		
7874   			7.38   		   		
7880   			8.91   		   		
7886   			8.97   		   		
7891   			8.33   		   		
7897   			8.16   		   		
7903   			8.22   		   		
7909   			8.72   		   		
7914   			7.80   		   		
7920   			8.61   		   		
7926   			9.47   		   		
7931   			9.64   		   		
7937   			8.70   		   		
7943   			8.87   		   		
7949   			9.79   		   		
7954   			8.99   		   		
7960   			8.70   		   		
7966   			10.15   		   		
7972   			8.89   		   		
7977   			8.09   		   		
7983   			7.52   		   		
7989   			8.09   		   		
7994   			8.76   		   		
8000   			7.95   		   		
8006   			9.10   		   		
8012   			8.07   		   		
8017   			8.70   		   		
8023   			8.58   		   		
8029   			9.50   		   		
8035   			8.41   		   		
8040   			8.99   		   		
8046   			8.81   		   		
8052   			8.93   		   		
8057   			9.50   		   		
8063   			8.70   		   		
8069   			8.99   		   		
8075   			8.99   		   		
8080   			8.05   		   		
8086   			8.85   		   		
8092   			9.31   		   		
8098   			7.99   		   		
8103   			7.82   		   		
8109   			7.67   		   		
8115   			8.47   		   		
8120   			8.36   		   		
8126   			8.18   		   		
8132   			8.13   		   		
8138   			8.47   		   		
8143   			8.13   		   		
8149   			7.95   		   		
8155   			7.84   		   		
8161   			7.95   		   		
8166   			8.30   		   		
8172   			8.81   		   		
8178   			8.81   		   		
8183   			7.84   		   		
8189   			8.47   		   		
8195   			8.62   		   		
8201   			8.56   		   		
8206   			8.56   		   		
8212   			8.91   		   		
8218   			7.82   		   		
8224   			7.61   		   		
8229   			8.13   		   		
8235   			8.18   		   		
8241   			7.78   		   		
8246   			8.47   		   		
8252   			8.93   		   		
8258   			9.56   		   		
8264   			9.22   		   		
8269   			8.81   		   		
8275   			7.55   		   		
8281   			8.87   		   		
8287   			8.07   		   		
8292   			7.72   		   		
8298   			8.41   		   		
8304   			8.53   		   		
8309   			8.24   		   		
8315   			8.41   		   		
8321   			7.44   		   		
8327   			8.30   		   		
8332   			7.95   		   		
8338   			8.62   		   		
8344   			7.93   		   		
8350   			8.05   		   		
8355   			8.28   		   		
8361   			8.79   		   		
8367   			8.39   		   		
8372   			8.51   		   		
8378   			9.31   		   		
8384   			8.33   		   		
8390   			8.79   		   		
8395   			8.41   		   		
8401   			9.16   		   		
8407   			9.56   		   		
8413   			8.76   		   		
8418   			9.85   		   		
8424   			8.78   		   		
8430   			9.12   		   		
8435   			8.95   		   		
8441   			8.95   		   		
8447   			9.41   		   		
8453   			9.14   		   		
8458   			8.68   		   		
8464   			7.93   		   		
8470   			9.08   		   		
8476   			8.22   		   		
8481   			9.04   		   		
8487   			8.76   		   		
8493   			7.78   		   		
8498   			8.30   		   		
8504   			8.64   		   		
8510   			8.53   		   		
8516   			8.07   		   		
8521   			8.07   		   		
8527   			8.01   		   		
8533   			7.90   		   		
8539   			7.36   		   		
8544   			8.74   		   		
8550   			8.05   		   		
8556   			7.47   		   		
8561   			8.22   		   		
8567   			8.64   		   		
8573   			8.76   		   		
8579   			9.10   		   		
8584   			8.07   		   		
8590   			8.70   		   		
8596   			8.87   		   		
8602   			9.22   		   		
8607   			8.70   		   		
8613   			8.70   		   		
8619   			8.70   		   		
8624   			8.58   		   		
8630   			8.81   		   		
8636   			8.53   		   		
8642   			8.30   		   		
8647   			8.58   		   		
8653   			8.93   		   		
8659   			8.70   		   		
8665   			8.76   		   		
8670   			9.39   		   		
8676   			8.30   		   		
8682   			8.36   		   		
8687   			9.22   		   		
8693   			8.58   		   		
8699   			8.30   		   		
8705   			8.53   		   		
8710   			8.18   		   		
8716   			8.87   		   		
8722   			7.67   		   		
8728   			8.41   		   		
8733   			8.47   		   		
8739   			8.30   		   		
8745   			8.47   		   		
8750   			8.47   		   		
8756   			7.49   		   		
8762   			8.01   		   		
8768   			8.76   		   		
8773   			8.36   		   		
8779   			8.58   		   		
8785   			8.99   		   		
8791   			7.55   		   		
8796   			8.45   		   		
8802   			8.45   		   		
8808   			8.45   		   		
8813   			8.22   		   		
8819   			8.97   		   		
8825   			8.62   		   		
8831   			7.70   		   		
8836   			7.76   		   		
8842   			8.16   		   		
8848   			6.15   		   		
8853   			8.24   		   		
8859   			8.13   		   		
8865   			7.44   		   		
8871   			7.84   		   		
8876   			7.44   		   		
8882   			6.77   		   		
8888   			8.09   		   		
8894   			7.80   		   		
8899   			8.26   		   		
8905   			8.26   		   		
8911   			6.11   		   		
8916   			7.26   		   		
8922   			7.09   		   		
8928   			7.78   		   		
8934   			8.36   		   		
8939   			8.37   		   		
8945   			8.03   		   		
8951   			7.74   		   		
8957   			7.22   		   		
8962   			7.97   		   		
8968   			7.70   		   		
8974   			6.32   		   		
8979   			7.53   		   		
8985   			7.24   		   		
8991   			7.30   		   		
8997   			8.10   		   		
9002   			7.59   		   		
9008   			8.05   		   		
9014   			8.51   		   		
9020   			7.70   		   		
9025   			8.91   		   		
9031   			8.10   		   		
9037   			8.45   		   		
9042   			9.42   		   		
9048   			9.37   		   		
9054   			9.08   		   		
9060   			8.97   		   		
9065   			9.37   		   		
9071   			8.74   		   		
9077   			8.74   		   		
9083   			8.58   		   		
9088   			8.87   		   		
9094   			8.81   		   		
9100   			8.53   		   		
9105   			8.41   		   		
9111   			8.18   		   		
9117   			8.07   		   		
9123   			7.72   		   		
9128   			8.30   		   		
9134   			8.30   		   		
9140   			8.55   		   		
9146   			8.09   		   		
9151   			7.11   		   		
9157   			7.69   		   		
9163   			7.40   		   		
9168   			6.98   		   		
9174   			8.01   		   		
9180   			8.58   		   		
9186   			8.76   		   		
9191   			8.58   		   		
9197   			8.00   		   		
9203   			8.86   		   		
9209   			10.35   		   		
9214   			9.31   		   		
9220   			9.60   		   		
9226   			8.85   		   		
9231   			8.45   		   		
9237   			9.14   		   		
9243   			8.62   		   		
9249   			9.48   		   		
9254   			9.25   		   		
9260   			8.85   		   		
9266   			8.97   		   		
9272   			8.22   		   		
9277   			8.97   		   		
9283   			9.39   		   		
9289   			9.04   		   		
9294   			9.96   		   		
9300   			9.56   		   		
9306   			9.10   		   		
9312   			9.12   		   		
9317   			9.24   		   		
9323   			9.70   		   		
9329   			9.41   		   		
9334   			9.06   		   		
9340   			7.92   		   		
9346   			9.06   		   		
9352   			8.84   		   		
9357   			8.55   		   		
9363   			7.52   		   		
9369   			7.80   		   		
9375   			8.43   		   		
9380   			8.61   		   		
9386   			9.12   		   		
9392   			6.77   		   		
9397   			9.73   		   		
9403   			9.33   		   		
9409   			8.76   		   		
9415   			7.38   		   		
9420   			8.53   		   		
9426   			7.90   		   		
9432   			8.07   		   		
9438   			8.18   		   		
9443   			7.44   		   		
9449   			7.84   		   		
9455   			6.57   		   		
9460   			8.81   		   		
9466   			7.84   		   		
9472   			7.44   		   		
9478   			8.07   		   		
9483   			8.32   		   		
9489   			7.80   		   		
9495   			8.20   		   		
9501   			9.06   		   		
9506   			8.55   		   		
9512   			8.72   		   		
9518   			8.89   		   		
9523   			8.78   		   		
9529   			8.43   		   		
9535   			8.49   		   		
9541   			9.56   		   		
9546   			8.53   		   		
9552   			8.41   		   		
9558   			8.93   		   		
9564   			8.58   		   		
9569   			10.29   		   		
9575   			10.12   		   		
9581   			10.00   		   		
9586   			8.91   		   		
9592   			8.63   		   		
9598   			8.64   		   		
9604   			9.27   		   		
9609   			8.99   		   		
9615   			8.41   		   		
9621   			7.67   		   		
9627   			8.74   		   		
9632   			8.51   		   		
9638   			8.16   		   		
9644   			7.76   		   		
9649   			9.02   		   		
9655   			8.28   		   		
9661   			8.68   		   		
9667   			8.56   		   		
9672   			7.99   		   		
9678   			8.68   		   		
9684   			8.79   		   		
9690   			8.33   		   		
9695   			7.70   		   		
9701   			8.45   		   		
9707   			8.22   		   		
9712   			8.22   		   		
9718   			9.19   		   		
9724   			7.88   		   		
9730   			8.51   		   		
9735   			7.88   		   		
9741   			8.76   		   		
9747   			8.93   		   		
9753   			8.53   		   		
9758   			8.70   		   		
9764   			8.64   		   		
9770   			8.91   		   		
9775   			8.28   		   		
9781   			8.51   		   		
9787   			8.51   		   		
9793   			8.68   		   		
9798   			7.99   		   		
9804   			8.79   		   		
9810   			7.76   		   		
9816   			7.53   		   		
9821   			7.88   		   		
9827   			7.90   		   		
9833   			7.72   		   		
9838   			7.72   		   		
9844   			7.61   		   		
9850   			7.78   		   		
9856   			7.17   		   		
9861   			6.60   		   		
9867   			6.77   		   		
9873   			7.29   		   		
9879   			7.29   		   		
9884   			7.15   		   		
9890   			7.32   		   		
9896   			7.78   		   		
9901   			7.67   		   		
9907   			7.72   		   		
9913   			7.90   		   		
9919   			7.95   		   		
9924   			8.18   		   		
9930   			7.84   		   		
9936   			7.26   		   		
9942   			7.34   		   		
9947   			8.43   		   		
9953   			8.49   		   		
9959   			7.80   		   		
9964   			7.34   		   		
9970   			7.26   		   		
9976   			8.18   		   		
9982   			8.81   		   		
9987   			7.49   		   		
9993   			8.18   		   		
9999   			6.53   		   		
10004   			8.08   		   		
10010   			7.62   		   		
10016   			7.34   		   		
10022   			8.26   		   		
10027   			9.18   		   		
10033   			9.01   		   		
10039   			8.89   		   		
10045   			9.70   		   		
10050   			9.12   		   		
10056   			8.70   		   		
10062   			7.32   		   		
10067   			8.41   		   		
10073   			8.36   		   		
10079   			7.49   		   		
10085   			7.84   		   		
10090   			8.24   		   		
10096   			7.78   		   		
10102   			8.53   		   		
10108   			8.24   		   		
10113   			8.93   		   		
10119   			8.87   		   		
10125   			6.69   		   		
10130   			8.13   		   		
10136   			9.04   		   		
10142   			8.30   		   		
10148   			8.47   		   		
10153   			8.36   		   		
10159   			7.55   		   		
10165   			8.47   		   		
10171   			8.38   		   		
10176   			8.66   		   		
10182   			8.55   		   		
10188   			7.34   		   		
10194   			9.41   		   		
10199   			9.08   		   		
10205   			8.68   		   		
10211   			8.68   		   		
10216   			8.68   		   		
10222   			8.05   		   		
10228   			8.13   		   		
10234   			8.36   		   		
10239   			8.24   		   		
10245   			7.55   		   		
10251   			8.07   		   		
10256   			8.16   		   		
10262   			8.28   		   		
10268   			8.16   		   		
10274   			8.28   		   		
10279   			9.02   		   		
10285   			8.76   		   		
10291   			8.64   		   		
10297   			9.90   		   		
10302   			9.67   		   		
10308   			9.50   		   		
10314   			7.01   		   		
10319   			9.54   		   		
10325   			9.42   		   		
10331   			9.77   		   		
10337   			9.02   		   		
10342   			8.87   		   		
10348   			9.56   		   		
10354   			8.30   		   		
10360   			9.04   		   		
10365   			8.13   		   		
10371   			8.01   		   		
10377   			6.80   		   		
10382   			8.53   		   		
10388   			8.64   		   		
10394   			8.53   		   		
10400   			8.39   		   		
10405   			7.82   		   		
10411   			8.16   		   		
10417   			8.39   		   		
10423   			8.85   		   		
10428   			7.86   		   		
10434   			8.49   		   		
10440   			8.49   		   		
10445   			8.43   		   		
10451   			8.20   		   		
10457   			8.38   		   		
10463   			9.06   		   		
10468   			8.49   		   		
10474   			8.66   		   		
10480   			7.97   		   		
10486   			9.24   		   		
10491   			8.89   		   		
10497   			8.89   		   		
10503   			8.49   		   		
10508   			8.38   		   		
10514   			8.68   		   		
10520   			8.51   		   		
10526   			8.10   		   		
10531   			7.93   		   		
10537   			7.65   		   		
10543   			7.63   		   		
10549   			8.03   		   		
10554   			7.74   		   		
10560   			8.38   		   		
10566   			9.12   		   		
10571   			8.62   		   		
10577   			9.14   		   		
10583   			8.85   		   		
10589   			9.14   		   		
10594   			8.68   		   		
10600   			8.30   		   		
10606   			8.47   		   		
10612   			9.50   		   		
10617   			9.16   		   		
10623   			8.70   		   		
10629   			8.78   		   		
10634   			9.06   		   		
10640   			8.09   		   		
10646   			8.20   		   		
10652   			8.84   		   		
10657   			8.41   		   		
10663   			8.07   		   		
10669   			8.13   		   		
10675   			8.70   		   		
10680   			8.70   		   		
10686   			8.24   		   		
10692   			9.16   		   		
10697   			8.07   		   		
10703   			8.41   		   		
10709   			7.67   		   		
10715   			9.90   		   		
10720   			8.81   		   		
10726   			8.64   		   		
10732   			8.64   		   		
10738   			9.27   		   		
10743   			9.22   		   		
10749   			8.24   		   		
10755   			8.47   		   		
10760   			8.36   		   		
10766   			7.72   		   		
10772   			9.41   		   		
10778   			8.66   		   		
10783   			8.72   		   		
10789   			8.03   		   		
10795   			9.01   		   		
10800   			8.39   		   		
10806   			9.37   		   		
10812   			8.91   		   		
10818   			9.14   		   		
10823   			8.56   		   		
10829   			9.39   		   		
10835   			8.47   		   		
10841   			8.58   		   		
10846   			7.84   		   		
10852   			7.84   		   		
10858   			5.75   		   		
10863   			7.82   		   		
10869   			8.68   		   		
10875   			8.28   		   		
10881   			7.93   		   		
10886   			7.93   		   		
10892   			7.82   		   		
10898   			8.62   		   		
10904   			8.45   		   		
10909   			8.74   		   		
10915   			8.87   		   		
10921   			7.67   		   		
10926   			9.85   		   		
10932   			8.76   		   		
10938   			8.47   		   		
10944   			9.23   		   		
10949   			8.43   		   		
10955   			8.26   		   		
10961   			8.83   		   		
10967   			8.49   		   		
10972   			8.97   		   		
10978   			8.79   		   		
10984   			8.45   		   		
10989   			8.56   		   		
10995   			8.45   		   		
11001   			8.09   		   		
11007   			9.06   		   		
11012   			7.86   		   		
11018   			8.09   		   		
11024   			7.97   		   		
11030   			6.46   		   		
11035   			6.57   		   		
11041   			7.44   		   		
11047   			7.32   		   		
11052   			8.36   		   		
11058   			8.30   		   		
11064   			9.10   		   		
11070   			7.90   		   		
11075   			8.18   		   		
11081   			8.30   		   		
11087   			8.01   		   		
11093   			8.87   		   		
11098   			8.13   		   		
11104   			8.41   		   		
11110   			8.13   		   		
11115   			8.68   		   		
11121   			8.16   		   		
11127   			9.02   		   		
11133   			8.10   		   		
11138   			7.53   		   		
11144   			8.47   		   		
11150   			8.58   		   		
11156   			9.22   		   		
11161   			9.39   		   		
11167   			8.76   		   		
11173   			8.38   		   		
11178   			8.66   		   		
11184   			8.43   		   		
11190   			8.26   		   		
11196   			7.74   		   		
11201   			8.81   		   		
11207   			8.64   		   		
11213   			8.30   		   		
11219   			8.36   		   		
11224   			9.73   		   		
11230   			8.62   		   		
11236   			9.71   		   		
11241   			8.62   		   		
11247   			8.97   		   		
11253   			8.62   		   		
11259   			8.41   		   		
11264   			8.81   		   		
11270   			9.04   		   		
11276   			8.47   		   		
11282   			7.95   		   		
11287   			8.87   		   		
11293   			8.41   		   		
11299   			8.64   		   		
11304   			9.16   		   		
11310   			9.16   		   		
11316   			8.78   		   		
11322   			8.09   		   		
11327   			9.12   		   		
11333   			8.72   		   		
11339   			8.55   		   		
11345   			9.39   		   		
11350   			8.24   		   		
11356   			7.78   		   		
11362   			9.22   		   		
11367   			8.70   		   		
11373   			9.50   		   		
11379   			9.04   		   		
11385   			9.44   		   		
11390   			8.87   		   		
11396   			8.81   		   		
11402   			8.39   		   		
11408   			8.22   		   		
11413   			8.33   		   		
11419   			8.45   		   		
11425   			8.05   		   		
11430   			8.45   		   		
11436   			8.16   		   		
11442   			7.88   		   		
11448   			8.05   		   		
11453   			9.19   		   		
11459   			7.76   		   		
11465   			7.88   		   		
11471   			8.33   		   		
11476   			8.97   		   		
11482   			8.62   		   		
11488   			7.29   		   		
11493   			7.34   		   		
11499   			8.09   		   		
11505   			8.78   		   		
11511   			8.61   		   		
11516   			8.28   		   		
11522   			8.28   		   		
11528   			8.68   		   		
11534   			8.33   		   		
11539   			8.10   		   		
11545   			8.01   		   		
11551   			8.93   		   		
11556   			9.04   		   		
11562   			7.61   		   		
11568   			7.78   		   		
11574   			8.62   		   		
11579   			8.39   		   		
11585   			8.68   		   		
11591   			8.62   		   		
11597   			7.70   		   		
11602   			8.64   		   		
11608   			8.36   		   		
11614   			8.93   		   		
11619   			9.16   		   		
11625   			9.33   		   		
11631   			9.24   		   		
11637   			9.98   		   		
11642   			8.95   		   		
11648   			8.72   		   		
11654   			9.18   		   		
11659   			9.04   		   		
11665   			8.87   		   		
11671   			8.81   		   		
11677   			8.07   		   		
11682   			8.76   		   		
11688   			9.01   		   		
11694   			9.06   		   		
11700   			8.84   		   		
11705   			8.95   		   		
11711   			9.35   		   		
11717   			8.01   		   		
11722   			9.62   		   		
11728   			8.41   		   		
11734   			8.07   		   		
11740   			8.36   		   		
11745   			8.84   		   		
11751   			8.38   		   		
11757   			7.69   		   		
11763   			8.32   		   		
11768   			7.92   		   		
11774   			8.53   		   		
11780   			6.86   		   		
11786   			8.64   		   		
11791   			7.95   		   		
11797   			8.24   		   		
11803   			8.30   		   		
11808   			8.41   		   		
11814   			8.47   		   		
11820   			8.01   		   		
11826   			8.01   		   		
11831   			7.90   		   		
11837   			7.95   		   		
11843   			6.63   		   		
11848   			8.24   		   		
11854   			7.84   		   		
11860   			7.70   		   		
11866   			7.47   		   		
11871   			7.88   		   		
11877   			7.65   		   		
11883   			8.33   		   		
11889   			8.95   		   		
11894   			8.72   		   		
11900   			8.43   		   		
11906   			6.94   		   		
11911   			8.38   		   		
11917   			7.44   		   		
11923   			8.36   		   		
11929   			7.44   		   		
11934   			8.47   		   		
11940   			8.70   		   		
11946   			8.33   		   		
11952   			8.33   		   		
11957   			8.97   		   		
11963   			7.76   		   		
11969   			5.58   		   		
11974   			7.99   		   		
11980   			7.88   		   		
11986   			9.14   		   		
11992   			8.45   		   		
11997   			9.19   		   		
12003   			8.01   		   		
12009   			7.78   		   		
12015   			7.95   		   		
12020   			8.07   		   		
12026   			7.84   		   		
12032   			7.65   		   		
12037   			7.13   		   		
12043   			7.93   		   		
12049   			7.93   		   		
12055   			7.47   		   		
12060   			8.07   		   		
12066   			8.24   		   		
12072   			9.10   		   		
12078   			8.01   		   		
12083   			7.84   		   		
12089   			9.06   		   		
12095   			8.84   		   		
12100   			8.61   		   		
12106   			8.15   		   		
12112   			8.55   		   		
12118   			8.32   		   		
12123   			9.64   		   		
12129   			9.06   		   		
12135   			9.18   		   		
12141   			8.72   		   		
12146   			8.10   		   		
12152   			8.85   		   		
12158   			8.56   		   		
12163   			8.39   		   		
12169   			8.91   		   		
12175   			8.13   		   		
12181   			9.16   		   		
12186   			8.13   		   		
12192   			9.27   		   		
12198   			8.93   		   		
12204   			8.51   		   		
12209   			9.08   		   		
12215   			8.62   		   		
12221   			8.10   		   		
12226   			7.93   		   		
12232   			7.61   		   		
12238   			7.55   		   		
12244   			8.47   		   		
12249   			8.64   		   		
12255   			8.41   		   		
12261   			7.90   		   		
12267   			8.41   		   		
12272   			7.95   		   		
12278   			8.30   		   		
12284   			8.53   		   		
12289   			8.10   		   		
12295   			8.85   		   		
12301   			8.45   		   		
12307   			8.33   		   		
12312   			7.59   		   		
12318   			8.70   		   		
12324   			8.30   		   		
12330   			8.47   		   		
12335   			7.44   		   		
12341   			6.92   		   		
12347   			7.59   		   		
12352   			7.54   		   		
12358   			6.50   		   		
12364   			8.11   		   		
12370   			9.43   		   		
12375   			7.72   		   		
12381   			7.78   		   		
12387   			8.18   		   		
12393   			8.13   		   		
12398   			7.44   		   		
12404   			7.63   		   		
12410   			7.17   		   		
12415   			7.69   		   		
12421   			7.40   		   		
12427   			7.17   		   		
12433   			7.24   		   		
12438   			7.30   		   		
12444   			8.33   		   		
12450   			7.82   		   		
12456   			8.10   		   		
12461   			9.10   		   		
12467   			8.24   		   		
12473   			7.90   		   		
12478   			8.07   		   		
12484   			8.36   		   		
12490   			8.39   		   		
12496   			8.56   		   		
12501   			8.05   		   		
12507   			8.45   		   		
12513   			7.65   		   		
12519   			8.22   		   		
12524   			7.76   		   		
12530   			7.70   		   		
12536   			8.56   		   		
12541   			8.39   		   		
12547   			8.47   		   		
12553   			8.87   		   		
12559   			8.01   		   		
12564   			7.95   		   		
12570   			8.76   		   		
12576   			8.56   		   		
12582   			8.91   		   		
12587   			7.88   		   		
12593   			7.36   		   		
12599   			7.76   		   		
12604   			7.76   		   		
12610   			8.62   		   		
12616   			7.53   		   		
12622   			7.70   		   		
12627   			8.16   		   		
12633   			7.84   		   		
12639   			8.53   		   		
12645   			8.58   		   		
12650   			8.07   		   		
12656   			7.90   		   		
12662   			7.95   		   		
12667   			8.47   		   		
12673   			8.18   		   		
12679   			7.90   		   		
12685   			7.78   		   		
12690   			8.64   		   		
12696   			8.53   		   		
12702   			8.58   		   		
12708   			8.07   		   		
12713   			7.90   		   		
12719   			8.22   		   		
12725   			7.82   		   		
12730   			7.47   		   		
12736   			8.22   		   		
12742   			8.51   		   		
12748   			8.22   		   		
12753   			8.10   		   		
12759   			8.45   		   		
12765   			8.28   		   		
12771   			9.14   		   		
12776   			9.08   		   		
12782   			9.02   		   		
12788   			7.99   		   		
12793   			7.99   		   		
12799   			8.56   		   		
12805   			8.18   		   		
12811   			8.41   		   		
12816   			9.22   		   		
12822   			7.78   		   		
12828   			8.30   		   		
12834   			7.34   		   		
12839   			7.11   		   		
12845   			8.15   		   		
12851   			7.06   		   		
12856   			7.46   		   		
12862   			8.47   		   		
12868   			8.53   		   		
12874   			8.24   		   		
12879   			8.76   		   		
12885   			8.64   		   		
12891   			8.93   		   		
12896   			8.58   		   		
12902   			9.04   		   		
12908   			9.27   		   		
12914   			8.81   		   		
12919   			9.25   		   		
12925   			8.22   		   		
12931   			8.74   		   		
12937   			8.39   		   		
12942   			8.05   		   		
12948   			8.76   		   		
12954   			6.57   		   		
12960   			8.53   		   		
12965   			7.72   		   		
12971   			8.70   		   		
12977   			8.45   		   		
12982   			8.34   		   		
12988   			8.34   		   		
12994   			8.34   		   		
13000   			8.40   		   		
13005   			8.26   		   		
13011   			9.01   		   		
13017   			6.02   		   		
13022   			7.69   		   		
13028   			7.86   		   		
13034   			7.93   		   		
13040   			7.24   		   		
13045   			8.10   		   		
13051   			7.53   		   		
13057   			8.56   		   		
13063   			8.45   		   		
13068   			8.68   		   		
13074   			7.82   		   		
13080   			7.19   		   		
13085   			8.68   		   		
13091   			9.02   		   		
13097   			8.85   		   		
13103   			8.33   		   		
13108   			8.68   		   		
13114   			9.25   		   		
13120   			9.50   		   		
13126   			8.70   		   		
13131   			9.16   		   		
13137   			8.70   		   		
13143   			8.24   		   		
13148   			8.10   		   		
13154   			7.65   		   		
13160   			8.16   		   		
13166   			7.70   		   		
13171   			8.56   		   		
13177   			8.22   		   		
13183   			7.59   		   		
13189   			8.39   		   		
13194   			8.39   		   		
13200   			7.82   		   		
13206   			7.82   		   		
13211   			7.30   		   		
13217   			8.10   		   		
13223   			8.74   		   		
13229   			7.65   		   		
13234   			7.76   		   		
13240   			7.47   		   		
13246   			7.36   		   		
13252   			8.05   		   		
13257   			7.88   		   		
13263   			7.53   		   		
13269   			8.39   		   		
13274   			8.22   		   		
13280   			7.93   		   		
13286   			8.16   		   		
13292   			7.95   		   		
13297   			7.03   		   		
13303   			8.07   		   		
13309   			8.47   		   		
13315   			7.67   		   		
13320   			7.99   		   		
13326   			7.65   		   		
13332   			8.05   		   		
13337   			7.70   		   		
13343   			8.10   		   		
13349   			8.38   		   		
13355   			8.43   		   		
13360   			8.38   		   		
13366   			8.72   		   		
13372   			7.63   		   		
13378   			7.38   		   		
13383   			8.30   		   		
13389   			8.07   		   		
13395   			7.38   		   		
13400   			8.01   		   		
13406   			8.76   		   		
13412   			8.58   		   		
13418   			7.90   		   		
13423   			8.30   		   		
13429   			7.95   		   		
13435   			6.90   		   		
13440   			9.48   		   		
13446   			8.05   		   		
13452   			8.62   		   		
13458   			8.28   		   		
13463   			8.30   		   		
13469   			8.70   		   		
13475   			8.36   		   		
13481   			7.78   		   		
13486   			7.84   		   		
13492   			8.84   		   		
13498   			6.83   		   		
13503   			8.20   		   		
13509   			8.26   		   		
13515   			8.89   		   		
13521   			8.68   		   		
13526   			8.91   		   		
13532   			8.74   		   		
13538   			8.91   		   		
13544   			8.91   		   		
13549   			7.63   		   		
13555   			8.20   		   		
13561   			7.00   		   		
13566   			8.15   		   		
13572   			7.63   		   		
13578   			7.63   		   		
13584   			7.69   		   		
13589   			8.43   		   		
13595   			7.63   		   		
13601   			9.29   		   		
13607   			9.27   		   		
13612   			8.87   		   		
13618   			8.93   		   		
13624   			6.80   		   		
13629   			8.36   		   		
13635   			7.55   		   		
13641   			8.87   		   		
13647   			8.93   		   		
13652   			9.10   		   		
13658   			8.53   		   		
13664   			8.28   		   		
13670   			8.56   		   		
13675   			9.14   		   		
13681   			8.79   		   		
13687   			8.45   		   		
13692   			9.52   		   		
13698   			8.66   		   		
13704   			8.55   		   		
13710   			9.29   		   		
13715   			9.24   		   		
13721   			9.06   		   		
13727   			9.58   		   		
13733   			8.66   		   		
13738   			8.95   		   		
13744   			8.43   		   		
13750   			7.44   		   		
13755   			9.39   		   		
13761   			8.76   		   		
13767   			9.50   		   		
13773   			9.22   		   		
13778   			9.42   		   		
13784   			9.02   		   		
13790   			9.60   		   		
13796   			8.97   		   		
13801   			8.68   		   		
13807   			8.68   		   		
13813   			8.22   		   		
13818   			8.56   		   		
13824   			9.25   		   		
13830   			9.25   		   		
13836   			9.54   		   		
13841   			9.31   		   		
13847   			9.77   		   		
13853   			9.65   		   		
13859   			8.56   		   		
13864   			9.85   		   		
13870   			9.22   		   		
13876   			8.93   		   		
13881   			8.47   		   		
13887   			9.56   		   		
13893   			9.60   		   		
13899   			9.65   		   		
13904   			9.83   		   		
13910   			10.00   		   		
13916   			10.28   		   		
13922   			8.81   		   		
13927   			9.22   		   		
13933   			8.99   		   		
13939   			9.10   		   		
13944   			8.99   		   		
13950   			8.81   		   		
13956   			8.36   		   		
13962   			8.24   		   		
13967   			8.81   		   		
13973   			8.76   		   		
13979   			8.10   		   		
13985   			8.91   		   		
13990   			8.51   		   		
13996   			8.56   		   		
14002   			8.33   		   		
14007   			8.78   		   		
14013   			8.03   		   		
14019   			8.20   		   		
14025   			7.97   		   		
14030   			7.97   		   		
14036   			8.09   		   		
14042   			9.01   		   		
14048   			9.01   		   		
14053   			9.47   		   		
14059   			9.01   		   		
14065   			8.87   		   		
14070   			9.50   		   		
14076   			9.27   		   		
14082   			8.47   		   		
14088   			8.76   		   		
14093   			9.16   		   		
14099   			8.30   		   		
14105   			8.47   		   		
14111   			8.01   		   		
14116   			8.81   		   		
14122   			8.58   		   		
14128   			8.58   		   		
14133   			9.22   		   		
14139   			8.70   		   		
14145   			8.13   		   		
14151   			9.10   		   		
14156   			9.56   		   		
14162   			8.58   		   		
14168   			8.36   		   		
14174   			8.07   		   		
14179   			7.93   		   		
14185   			7.24   		   		
14191   			7.36   		   		
14196   			7.70   		   		
14202   			8.79   		   		
14208   			8.05   		   		
14214   			8.28   		   		
14219   			8.16   		   		
14225   			8.51   		   		
14231   			7.99   		   		
14237   			8.70   		   		
14242   			8.53   		   		
14248   			8.76   		   		
14254   			8.87   		   		
14259   			8.07   		   		
14265   			8.20   		   		
14271   			8.38   		   		
14277   			7.97   		   		
14282   			8.26   		   		
14288   			8.15   		   		
14294   			8.13   		   		
14300   			8.53   		   		
14305   			7.72   		   		
14311   			6.69   		   		
14317   			7.61   		   		
14322   			8.20   		   		
14328   			7.29   		   		
14334   			8.32   		   		
14340   			7.86   		   		
14345   			7.69   		   		
14351   			7.67   		   		
14357   			7.90   		   		
14363   			7.72   		   		
14368   			8.13   		   		
14374   			8.58   		   		
14380   			7.82   		   		
14385   			8.33   		   		
14391   			8.51   		   		
14397   			7.82   		   		
14403   			8.33   		   		
14408   			7.65   		   		
14414   			8.34   		   		
14420   			6.62   		   		
14425   			7.94   		   		
14431   			8.45   		   		
14437   			7.62   		   		
14443   			8.37   		   		
14448   			7.62   		   		
14454   			8.66   		   		
14460   			8.83   		   		
14466   			8.47   		   		
14471   			8.18   		   		
14477   			9.04   		   		
14483   			6.80   		   		
14488   			8.30   		   		
14494   			8.89   		   		
14500   			9.01   		   		
14506   			8.43   		   		
14511   			7.46   		   		
14517   			7.63   		   		
14523   			8.78   		   		
14529   			7.29   		   		
14534   			6.94   		   		
14540   			8.03   		   		
14546   			5.79   		   		
14551   			8.70   		   		
14557   			8.30   		   		
14563   			8.13   		   		
14569   			7.72   		   		
14574   			8.64   		   		
14580   			8.53   		   		
14586   			8.53   		   		
14592   			8.01   		   		
14597   			8.18   		   		
14603   			8.18   		   		
14609   			7.88   		   		
14614   			7.99   		   		
14620   			7.01   		   		
14626   			7.01   		   		
14632   			7.82   		   		
14637   			8.74   		   		
14643   			8.68   		   		
14649   			8.68   		   		
14655   			8.45   		   		
14660   			9.08   		   		
14666   			8.38   		   		
14672   			8.61   		   		
14677   			7.46   		   		
14683   			8.32   		   		
14689   			8.78   		   		
14695   			8.56   		   		
14700   			8.45   		   		
14706   			8.28   		   		
14712   			8.97   		   		
14718   			8.74   		   		
14723   			8.47   		   		
14729   			9.50   		   		
14735   			8.53   		   		
14740   			8.64   		   		
14746   			8.13   		   		
14752   			8.56   		   		
14758   			8.16   		   		
14763   			7.59   		   		
14769   			8.22   		   		
14775   			7.99   		   		
14781   			7.78   		   		
14786   			7.72   		   		
14792   			8.58   		   		
14798   			7.90   		   		
14803   			8.70   		   		
14809   			7.53   		   		
14815   			9.37   		   		
14821   			9.42   		   		
14826   			8.56   		   		
14832   			7.47   		   		
14838   			7.61   		   		
14844   			8.24   		   		
14849   			8.01   		   		
14855   			9.27   		   		
14861   			8.13   		   		
14866   			8.85   		   		
14872   			8.56   		   		
14878   			7.99   		   		
14884   			7.99   		   		
14889   			7.59   		   		
14895   			8.03   		   		
14901   			7.63   		   		
14907   			7.69   		   		
14912   			7.57   		   		
14918   			7.63   		   		
14924   			7.42   		   		
14929   			7.36   		   		
14935   			7.82   		   		
14941   			8.28   		   		
14947   			7.59   		   		
14952   			7.15   		   		
14958   			8.01   		   		
14964   			7.95   		   		
14970   			7.32   		   		
14975   			7.49   		   		
14981   			8.01   		   		
14987   			8.01   		   		
14992   			7.95   		   		
14998   			7.49   		   		
15004   			7.78   		   		
15010   			8.41   		   		
15015   			8.99   		   		
15021   			9.04   		   		
15027   			8.24   		   		
15033   			8.64   		   		
15038   			8.53   		   		
15044   			8.81   		   		
15050   			7.61   		   		
15055   			8.41   		   		
15061   			8.58   		   		
15067   			7.84   		   		
15073   			9.67   		   		
15078   			7.90   		   		
15084   			8.01   		   		
15090   			7.67   		   		
15096   			7.23   		   		
15101   			7.74   		   		
15107   			7.86   		   		
15113   			7.11   		   		
15118   			7.80   		   		
15124   			7.59   		   		
15130   			6.96   		   		
15136   			7.59   		   		
15141   			7.19   		   		
15147   			8.22   		   		
15153   			7.80   		   		
15159   			7.34   		   		
15164   			8.09   		   		
15170   			8.38   		   		
15176   			8.03   		   		
15181   			8.10   		   		
15187   			7.99   		   		
15193   			8.33   		   		
15199   			8.97   		   		
15204   			7.93   		   		
15210   			8.47   		   		
15216   			7.67   		   		
15222   			7.78   		   		
15227   			9.10   		   		
15233   			8.13   		   		
15239   			8.93   		   		
15244   			9.10   		   		
15250   			8.41   		   		
15256   			9.22   		   		
15262   			8.53   		   		
15267   			7.95   		   		
15273   			8.24   		   		
15279   			7.95   		   		
15285   			9.04   		   		
15290   			9.62   		   		
15296   			8.81   		   		
15302   			8.41   		   		
15307   			8.41   		   		
15313   			9.50   		   		
15319   			8.76   		   		
15325   			8.85   		   		
15330   			8.85   		   		
15336   			8.91   		   		
15342   			7.88   		   		
15348   			8.62   		   		
15353   			8.53   		   		
15359   			9.44   		   		
15365   			8.81   		   		
15370   			9.33   		   		
15376   			8.58   		   		
15382   			9.04   		   		
15388   			8.41   		   		
15393   			8.47   		   		
15399   			8.58   		   		
15405   			8.93   		   		
15411   			8.55   		   		
15416   			8.20   		   		
15422   			8.49   		   		
15428   			8.49   		   		
15433   			9.29   		   		
15439   			8.81   		   		
15445   			9.10   		   		
15451   			8.58   		   		
15456   			8.24   		   		
15462   			9.16   		   		
15468   			8.16   		   		
15474   			7.82   		   		
15479   			8.56   		   		
15485   			8.51   		   		
15491   			8.16   		   		
15496   			7.80   		   		
15502   			7.86   		   		
15508   			8.89   		   		
15514   			8.95   		   		
15519   			8.15   		   		
15525   			8.05   		   		
15531   			7.99   		   		
15536   			7.59   		   		
15542   			6.96   		   		
15548   			7.88   		   		
15554   			7.72   		   		
15559   			7.55   		   		
15565   			8.87   		   		
15571   			8.93   		   		
15577   			8.07   		   		
15582   			8.24   		   		
15588   			8.07   		   		
15594   			6.00   		   		
15599   			8.30   		   		
15605   			8.81   		   		
15611   			7.47   		   		
15617   			8.39   		   		
15622   			7.19   		   		
15628   			7.13   		   		
15634   			7.93   		   		
15640   			7.42   		   		
15645   			7.70   		   		
15651   			7.36   		   		
15657   			5.75   		   		
15662   			7.88   		   		
15668   			8.18   		   		
15674   			8.93   		   		
15680   			8.30   		   		
15685   			8.41   		   		
15691   			7.84   		   		
15697   			7.72   		   		
15703   			8.24   		   		
15708   			9.39   		   		
15714   			8.70   		   		
15720   			8.07   		   		
15725   			8.51   		   		
15731   			8.74   		   		
15737   			7.53   		   		
15743   			7.70   		   		
15748   			7.70   		   		
15754   			7.95   		   		
15760   			8.41   		   		
15766   			8.30   		   		
15771   			8.18   		   		
15777   			8.41   		   		
15783   			7.80   		   		
15788   			8.26   		   		
15794   			7.92   		   		
15800   			8.09   		   		
15806   			7.80   		   		
15811   			7.93   		   		
15817   			8.16   		   		
15823   			7.93   		   		
15829   			7.24   		   		
15834   			8.16   		   		
15840   			7.15   		   		
15846   			7.09   		   		
15851   			6.69   		   		
15857   			7.21   		   		
15863   			7.32   		   		
15869   			6.98   		   		
15874   			7.09   		   		
15880   			7.61   		   		
15886   			8.01   		   		
15892   			7.90   		   		
15897   			7.70   		   		
15903   			7.82   		   		
15909   			7.65   		   		
15914   			8.10   		   		
15920   			8.10   		   		
15926   			7.78   		   		
15932   			7.72   		   		
15937   			8.07   		   		
15943   			8.07   		   		
15949   			8.64   		   		
15955   			8.79   		   		
15960   			8.39   		   		
15966   			7.88   		   		
15972   			7.99   		   		
15977   			8.22   		   		
15983   			8.43   		   		
15989   			7.92   		   		
15995   			7.63   		   		
16000   			7.97   		   		
16006   			7.97   		   		
16012   			7.59   		   		
16018   			7.19   		   		
16023   			7.07   		   		
16029   			7.47   		   		
16035   			7.36   		   		
16040   			7.15   		   		
16046   			6.98   		   		
16052   			7.26   		   		
16058   			7.55   		   		
16063   			6.98   		   		
16069   			6.23   		   		
16075   			6.98   		   		
16081   			6.63   		   		
16086   			6.80   		   		
16092   			7.09   		   		
16098   			6.29   		   		
16103   			6.98   		   		
16109   			6.75   		   		
16115   			6.69   		   		
16121   			6.69   		   		
16126   			6.69   		   		
16132   			6.46   		   		
16138   			6.75   		   		
16144   			6.34   		   		
16149   			6.57   		   		
16155   			6.15   		   		
16161   			5.52   		   		
16166   			5.98   		   		
16172   			5.98   		   		
16178   			5.29   		   		
16184   			5.92   		   		
16189   			5.29   		   		
16195   			4.94   		   		
16201   			5.58   		   		
16207   			4.77   		   		
16212   			4.96   		   		
16218   			4.50   		   		
16224   			4.73   		   		
16229   			4.73   		   		
16235   			5.19   		   		
16241   			4.54   		   		
16247   			4.02   		   		
16252   			5.06   		   		
16258   			5.63   		   		
16264   			4.77   		   		
16270   			4.44   		   		
16275   			5.02   		   		
16281   			4.50   		   		
16287   			4.10   		   		
16292   			4.50   		   		
16298   			4.21   		   		
16304   			4.96   		   		
16310   			4.33   		   		
16315   			4.56   		   		
16321   			4.27   		   		
16327   			4.25   		   		
16333   			4.14   		   		
16338   			3.67   		   		
16344   			4.54   		   		
16350   			4.83   		   		
16355   			3.98   		   		
16361   			3.23   		   		
16367   			3.64   		   		
16373   			3.29   		   		
16378   			3.18   		   		
16384   			3.00   		   		
16390   			3.23   		   		
16395   			3.52   		   		
16401   			2.95   		   		
16407   			3.35   		   		
16413   			3.14   		   		
16418   			2.79   		   		
16424   			3.43   		   		
16430   			2.50   		   		
16436   			3.25   		   		
16441   			2.77   		   		
16447   			2.66   		   		
16453   			0.98   		   		
16458   			2.54   		   		
16464   			3.23   		   		
16470   			2.66   		   		
16476   			4.21   		   		
16481   			2.77   		   		
16487   			1.91   		   		
16493   			2.37   		   		
16499   			2.68   		   		
16504   			3.02   		   		
16510   			2.50   		   		
16516   			0.08   		   		
16521   			2.10   		   		
16527   			1.27   		   		
16533   			2.14   		   		
16539   			1.85   		   		
16544   			1.91   		   		
16550   			2.19   		   		
16556   			1.87   		   		
16562   			2.10   		   		
16567   			2.62   		   		
16573   			2.22   		   		
16579   			0.71   		   		
16584   			2.43   		   		
16590   			1.67   		   		
16596   			2.37   		   		
16602   			2.31   		   		
16607   			1.21   		   		
16613   			1.56   		   		
16619   			1.67   		   		
16625   			1.33   		   		
16630   			1.96   		   		
16636   			1.04   		   		
16642   			-0.18   		   		
16647   			1.10   		   		
16653   			0.46   		   		
16659   			-0.41   		   		
16665   			0.81   		   		
16670   			0.08   		   		
16676   			0.71   		   		
16682   			1.06   		   		
16688   			0.94   		   		
16693   			0.48   		   		
16699   			0.21   		   		
16705   			0.73   		   		
16710   			0.38   		   		
16716   			1.02   		   		
16722   			1.31   		   		
16728   			0.69   		   		
16733   			-0.29   		   		
16739   			0.00   		   		
16745   			0.11   		   		
16751   			0.29   		   		
16756   			0.55   		   		
16762   			1.19   		   		
16768   			0.32   		   		
16773   			-0.20   		   		
16779   			-0.26   		   		
16785   			0.05   		   		
16791   			-0.24   		   		
16796   			0.00   		   		
16802   			-0.58   		   		
16808   			0.29   		   		
16814   			0.34   		   		
16819   			-0.24   		   		
16825   			-0.18   		   		
16831   			0.81   		   		
16836   			0.46   		   		
16842   			0.58   		   		
16848   			-0.93   		   		
16854   			-0.58   		   		
16859   			0.00   		   		
16865   			0.29   		   		
16871   			-0.45   		   		
16877   			0.54   		   		
16882   			-0.33   		   		
16888   			-0.10   		   		
16894   			-0.16   		   		
16899   			0.00   		   		
16905   			0.46   		   		
16911   			-0.58   		   		
16917   			-0.81   		   		
16922   			-0.87   		   		
16928   			-0.39   		   		
16934   			-0.50   		   		
16940   			-0.68   		   		
16945   			-0.10   		   		
16951   			0.19   		   		
16957   			-0.04   		   		
16962   			-0.10   		   		
16968   			-0.62   		   		
16974   			-0.56   		   		
16980   			-0.68   		   		
16985   			-0.41   		   		
16991   			-0.58   		   		
16997   			0.23   		   		
17003   			-0.06   		   		
17008   			-0.53   		   		
17014   			0.02   		   		
17020   			-0.21   		   		
17025   			-0.91   		   		
17031   			-0.33   		   		
17037   			-0.56   		   		
17043   			-0.35   		   		
17048   			-0.58   		   		
17054   			0.46   		   		
17060   			0.05   		   		
17066   			-0.12   		   		
17071   			-0.76   		   		
17077   			-0.70   		   		
17083   			-0.35   		   		
17088   			-0.12   		   		
17094   			-0.93   		   		
17100   			-0.64   		   		
17106   			0.00   		   		
17111   			-0.29   		   		
17117   			-0.53   		   		
17123   			-0.53   		   		
17129   			-0.33   		   		
17134   			-0.16   		   		
17140   			-0.27   		   		
17146   			-0.10   		   		
17151   			-0.16   		   		
17157   			-0.20   		   		
17163   			-0.14   		   		
17169   			-0.26   		   		
17174   			-0.66   		   		
17180   			-0.02   		   		
17186   			0.15   		   		
17192   			-0.78   		   		
17197   			-0.02   		   		
17203   			-0.66   		   		
17209   			-0.95   		   		
17214   			-0.81   		   		
17220   			-0.24   		   		
17226   			-0.58   		   		
17232   			-0.58   		   		
17237   			-0.41   		   		
17243   			-1.14   		   		
17249   			-1.14   		   		
17255   			-0.50   		   		
17260   			0.48   		   		
17266   			0.31   		   		
17272   			0.21   		   		
17277   			0.09   		   		
17283   			0.26   		   		
17289   			-0.43   		   		
17295   			-1.24   		   		
17300   			0.02   		   		
17306   			-0.39   		   		
17312   			0.89   		   		
17318   			-0.79   		   		
17323   			-0.97   		   		
17329   			-0.84   		   		
17335   			-0.02   		   		
17340   			0.09   		   		
17346   			-0.26   		   		
17352   			0.09   		   		
17358   			-0.53   		   		
17363   			-0.29   		   		
17369   			0.23   		   		
17375   			-1.51   		   		
17380   			0.17   		   		
17386   			-0.14   		   		
17392   			-0.02   		   		
17398   			0.73   		   		
17403   			0.50   		   		
17409   			-0.31   		   		
17415   			-0.12   		   		
17421   			0.23   		   		
17426   			-0.35   		   		
17432   			0.75   		   		
17438   			-1.63   		   		
17443   			0.29   		   		
17449   			-0.29   		   		
17455   			-0.58   		   		
17461   			0.46   		   		
17466   			0.34   		   		
17472   			-0.18   		   		
17478   			0.00   		   		
17484   			0.23   		   		
17489   			-0.47   		   		
17495   			-0.64   		   		
17501   			-4.71   		   		
17506   			-0.47   		   		
17512   			-0.12   		   		
17518   			0.17   		   		
17524   			0.23   		   		
17529   			0.34   		   		
17535   			0.46   		   		
17541   			-1.05   		   		
17547   			-0.58   		   		
17552   			-0.47   		   		
17558   			0.26   		   		
17564   			-0.37   		   		
17569   			0.38   		   		
17575   			0.15   		   		
17581   			0.26   		   		
17587   			-0.04   		   		
17592   			0.36   		   		
17598   			0.77   		   		
17604   			-0.33   		   		
17610   			-0.04   		   		
17615   			-0.87   		   		
17621   			-0.64   		   		
17627   			-0.81   		   		
17632   			-1.22   		   		
17638   			-0.41   		   		
17644   			0.00   		   		
17650   			-0.87   		   		
17655   			-0.41   		   		
17661   			0.00   		   		
17667   			-0.47   		   		
17673   			0.09   		   		
17678   			0.03   		   		
17684   			-1.01   		   		
17690   			-0.20   		   		
17695   			-0.26   		   		
17701   			-0.60   		   		
17707   			0.09   		   		
17713   			0.32   		   		
17718   			-0.66   		   		
17724   			-0.14   		   		
17730   			-0.12   		   		
17736   			-0.53   		   		
17741   			-0.81   		   		
17747   			-0.64   		   		
17753   			-0.29   		   		
17758   			-0.27   		   		
17764   			0.08   		   		
17770   			-0.45   		   		
17776   			0.25   		   		
17781   			-0.27   		   		
17787   			-0.02   		   		
17793   			-1.18   		   		
17799   			-0.20   		   		
17804   			-1.18   		   		
17810   			-1.01   		   		
17816   			-1.47   		   		
17821   			-2.11   		   		
17827   			-1.01   		   		
17833   			-2.00   		   		
17839   			-0.95   		   		
17844   			-2.00   		   		
17850   			-0.55   		   		
17856   			-1.47   		   		
17862   			-1.36   		   		
17867   			-1.47   		   		
17873   			-1.10   		   		
17879   			-1.63   		   		
17884   			-1.80   		   		
17890   			-1.16   		   		
17896   			-1.34   		   		
17902   			-0.64   		   		
17907   			-0.41   		   		
17913   			-0.29   		   		
17919   			-1.28   		   		
17925   			-0.70   		   		
17930   			-1.82   		   		
17936   			-1.36   		   		
17942   			-1.71   		   		
17947   			-1.42   		   		
17953   			-1.30   		   		
17959   			-2.00   		   		
17965   			-1.76   		   		
17970   			-1.18   		   		
17976   			-1.59   		   		
17982   			-1.36   		   		
17988   			-0.45   		   		
17993   			-1.14   		   		
17999   			-1.78   		   		
18005   			-1.37   		   		
18010   			-1.26   		   		
18016   			-1.24   		   		
18022   			-1.76   		   		
18028   			-1.29   		   		
18033   			-1.24   		   		
18039   			-1.12   		   		
18045   			-1.20   		   		
18051   			-1.03   		   		
18056   			-0.91   		   		
18062   			-1.03   		   		
18068   			-1.14   		   		
18073   			-1.16   		   		
18079   			-1.10   		   		
18085   			-0.64   		   		
18091   			-0.29   		   		
18096   			-1.57   		   		
18102   			-1.57   		   		
18108   			-0.99   		   		
18114   			-1.45   		   		
18119   			-1.39   		   		
18125   			-1.86   		   		
18131   			-1.10   		   		
18136   			-0.81   		   		
18142   			-1.39   		   		
18148   			-1.10   		   		
18154   			-1.92   		   		
18159   			-0.95   		   		
18165   			-0.78   		   		
18171   			-1.30   		   		
18177   			-0.43   		   		
18182   			-0.95   		   		
18188   			-0.97   		   		
18194   			-1.03   		   		
18199   			-0.56   		   		
18205   			-1.72   		   		
18211   			-1.32   		   		
18217   			-1.10   		   		
18222   			-2.03   		   		
18228   			-1.57   		   		
18234   			-1.63   		   		
18240   			-1.63   		   		
18245   			-2.03   		   		
18251   			-1.57   		   		
18257   			-1.45   		   		
18262   			-1.63   		   		
18268   			-1.28   		   		
18274   			-1.39   		   		
18280   			-1.16   		   		
18285   			-1.80   		   		
18291   			-1.16   		   		
18297   			-0.64   		   		
18303   			-0.31   		   		
18308   			-0.49   		   		
18314   			-0.02   		   		
18320   			-1.07   		   		
18325   			-1.13   		   		
18331   			-0.43   		   		
18337   			-0.37   		   		
18343   			-0.37   		   		
18348   			-1.24   		   		
18354   			-0.78   		   		
18360   			-1.36   		   		
18366   			-1.24   		   		
18371   			-1.47   		   		
18377   			-1.24   		   		
18383   			-1.53   		   		
18388   			-1.05   		   		
18394   			-1.05   		   		
18400   			-0.64   		   		
18406   			-1.22   		   		
18411   			-1.16   		   		
18417   			-0.89   		   		
18423   			-2.11   		   		
18429   			-1.70   		   		
18434   			-1.64   		   		
18440   			-0.48   		   		
18446   			-1.39   		   		
18451   			-1.63   		   		
18457   			-1.10   		   		
18463   			-1.05   		   		
18469   			-1.51   		   		
18474   			-1.74   		   		
18480   			-0.87   		   		
18486   			-0.81   		   		
18492   			-0.81   		   		
18497   			-0.41   		   		
18503   			-0.74   		   		
18509   			-0.39   		   		
18514   			-1.08   		   		
18520   			-0.50   		   		
18526   			-0.56   		   		
18532   			-1.24   		   		
18537   			-0.43   		   		
18543   			-1.13   		   		
18549   			-2.93   		   		
18554   			-1.42   		   		
18560   			-0.93   		   		
18566   			0.17   		   		
18572   			0.17   		   		
18577   			-0.18   		   		
18583   			-0.41   		   		
18589   			-0.18   		   		
18595   			-0.18   		   		
18600   			-0.41   		   		
18606   			-0.12   		   		
18612   			-1.80   		   		
18617   			0.73   		   		
18623   			-0.26   		   		
18629   			-1.47   		   		
18635   			-0.72   		   		
18640   			-0.89   		   		
18646   			-0.97   		   		
18652   			-0.50   		   		
18658   			-0.50   		   		
18663   			-0.91   		   		
18669   			-1.03   		   		
18675   			-2.03   		   		
18680   			-0.24   		   		
18686   			-1.05   		   		
18692   			-0.35   		   		
18698   			-1.63   		   		
18703   			-0.70   		   		
18709   			-0.35   		   		
18715   			-0.70   		   		
18721   			0.00   		   		
18726   			0.23   		   		
18732   			-0.29   		   		
18738   			0.29   		   		
18743   			0.11   		   		
18749   			0.00   		   		
18755   			-0.12   		   		
18761   			-0.26   		   		
18766   			-0.31   		   		
18772   			-0.37   		   		
18778   			0.03   		   		
18784   			-0.20   		   		
18789   			-0.64   		   		
18795   			-0.76   		   		
18801   			-0.99   		   		
18806   			-0.29   		   		
18812   			-0.64   		   		
18818   			-0.21   		   		
18824   			0.19   		   		
18829   			-0.27   		   		
18835   			-0.04   		   		
18841   			-0.50   		   		
18847   			-0.35   		   		
18852   			-0.06   		   		
18858   			0.17   		   		
18864   			-0.58   		   		
18869   			-0.41   		   		
18875   			-0.93   		   		
18881   			-0.76   		   		
18887   			-0.47   		   		
18892   			-0.53   		   		
18898   			-1.22   		   		
18904   			-0.64   		   		
18910   			-0.24   		   		
18915   			-1.10   		   		
18921   			-0.87   		   		
18927   			-0.76   		   		
18932   			-0.24   		   		
18938   			-0.81   		   		
18944   			-0.47   		   		
18950   			-0.47   		   		
18955   			0.17   		   		
18961   			0.00   		   		
18967   			-0.47   		   		
18973   			-0.70   		   		
18978   			-1.57   		   		
18984   			-0.29   		   		
18990   			-1.08   		   		
18995   			-0.74   		   		
19001   			-1.08   		   		
19007   			-1.72   		   		
19013   			0.19   		   		
19018   			-1.51   		   		
19024   			-0.64   		   		
19030   			-0.64   		   		
19036   			-1.80   		   		
19041   			-1.34   		   		
19047   			-1.86   		   		
19053   			-1.34   		   		
19058   			-1.28   		   		
19064   			-1.74   		   		
19070   			-1.22   		   		
19076   			-1.08   		   		
19081   			-2.30   		   		
19087   			-1.49   		   		
19093   			-1.49   		   		
19099   			-1.32   		   		
19104   			-1.68   		   		
19110   			-1.28   		   		
19116   			-0.99   		   		
19121   			-0.87   		   		
19127   			-1.16   		   		
19133   			-0.84   		   		
19139   			-0.49   		   		
19144   			-0.72   		   		
19150   			-0.60   		   		
19156   			-0.95   		   		
19162   			-0.56   		   		
19167   			-0.16   		   		
19173   			0.36   		   		
19179   			-0.27   		   		
19184   			-0.04   		   		
19190   			0.61   		   		
19196   			0.44   		   		
19202   			-0.08   		   		
19207   			0.32   		   		
19213   			-0.43   		   		
19219   			0.40   		   		
19225   			0.52   		   		
19230   			0.23   		   		
19236   			-0.06   		   		
19242   			0.63   		   		
19247   			0.40   		   		
19253   			0.23   		   		
19259   			-0.18   		   		
19265   			0.52   		   		
19270   			-0.18   		   		
19276   			-0.35   		   		
19282   			-0.64   		   		
19288   			-0.64   		   		
19293   			-1.05   		   		
19299   			-0.12   		   		
19305   			-0.53   		   		
19310   			0.29   		   		
19316   			-0.06   		   		
19322   			-0.18   		   		
19328   			0.29   		   		
19333   			-0.37   		   		
19339   			-0.26   		   		
19345   			-0.14   		   		
19351   			-0.72   		   		
19356   			-0.43   		   		
19362   			-1.14   		   		
19368   			0.13   		   		
19373   			-0.50   		   		
19379   			-0.45   		   		
19385   			-0.39   		   		
19391   			-0.53   		   		
19396   			-0.81   		   		
19402   			-1.34   		   		
19408   			-1.86   		   		
19413   			-0.53   		   		
19419   			-0.26   		   		
19425   			-1.24   		   		
19431   			-1.13   		   		
19436   			-1.01   		   		
19442   			-1.01   		   		
19448   			-1.43   		   		
19454   			-0.10   		   		
19459   			-0.45   		   		
19465   			-0.21   		   		
19471   			-2.19   		   		
19476   			-0.26   		   		
19482   			0.09   		   		
19488   			-0.43   		   		
19494   			0.38   		   		
19499   			0.44   		   		
19505   			-0.53   		   		
19511   			0.00   		   		
19517   			0.00   		   		
19522   			0.17   		   		
19528   			-0.70   		   		
19534   			-2.44   		   		
19539   			-0.41   		   		
19545   			-0.24   		   		
19551   			1.21   		   		
19557   			0.23   		   		
19562   			0.52   		   		
19568   			-0.06   		   		
19574   			-0.81   		   		
19580   			-1.57   		   		
19585   			-0.64   		   		
19591   			-0.91   		   		
19597   			-2.01   		   		
19602   			-0.56   		   		
19608   			-0.62   		   		
19614   			-0.04   		   		
19620   			-0.04   		   		
19625   			0.19   		   		
19631   			-0.16   		   		
19637   			-0.91   		   		
19643   			-0.68   		   		
19648   			0.34   		   		
19654   			0.29   		   		
19660   			-1.16   		   		
19665   			0.17   		   		
19671   			0.40   		   		
19677   			0.50   		   		
19683   			0.84   		   		
19688   			-0.02   		   		
19694   			0.21   		   		
19700   			0.67   		   		
19706   			-0.41   		   		
19711   			-0.53   		   		
19717   			-0.24   		   		
19723   			0.34   		   		
19728   			0.05   		   		
19734   			0.52   		   		
19740   			0.75   		   		
19746   			0.17   		   		
19751   			0.58   		   		
19757   			-0.64   		   		
19763   			0.44   		   		
19769   			-0.89   		   		
19774   			-0.43   		   		
19780   			-0.84   		   		
19786   			-0.95   		   		
19791   			0.29   		   		
19797   			-0.47   		   		
19803   			-0.70   		   		
19809   			-0.58   		   		
19814   			-0.29   		   		
19820   			-0.53   		   		
19826   			-1.51   		   		
19832   			-0.76   		   		
19837   			-0.41   		   		
19843   			-0.41   		   		
19849   			-1.05   		   		
19854   			-0.93   		   		
19860   			-0.64   		   		
19866   			-1.05   		   		
19872   			-1.51   		   		
19877   			-0.72   		   		
19883   			-0.20   		   		
19889   			-1.13   		   		
19895   			-0.89   		   		
19900   			-0.20   		   		
19906   			0.17   		   		
19912   			-0.70   		   		
19917   			-1.45   		   		
19923   			-1.34   		   		
19929   			-1.45   		   		
19935   			-1.57   		   		
19940   			-1.34   		   		
19946   			-0.81   		   		
19952   			-0.53   		   		
19958   			-0.06   		   		
19963   			-0.06   		   		
19969   			0.17   		   		
19975   			-1.39   		   		
19980   			-0.53   		   		
19986   			0.00   		   		
19992   			-0.06   		   		
19998   			0.23   		   		
20003   			-0.18   		   		
20009   			-0.70   		   		
20015   			-0.64   		   		
20021   			0.11   		   		
20026   			-0.53   		   		
20032   			-0.24   		   		
20038   			0.40   		   		
20043   			0.05   		   		
20049   			-0.62   		   		
20055   			-0.85   		   		
20061   			-0.33   		   		
20066   			0.02   		   		
20072   			0.94   		   		
20078   			-0.27   		   		
20084   			-0.04   		   		
20089   			-0.39   		   		
20095   			-0.62   		   		
20101   			-1.20   		   		
20106   			-0.89   		   		
20112   			-0.43   		   		
20118   			-0.02   		   		
20124   			-0.08   		   		
20129   			0.15   		   		
20135   			-0.10   		   		
20141   			-0.85   		   		
20147   			-0.21   		   		
20152   			-0.50   		   		
20158   			-0.39   		   		
20164   			-0.81   		   		
20169   			0.34   		   		
20175   			0.05   		   		
20181   			0.34   		   		
20187   			-0.29   		   		
20192   			0.65   		   		
20198   			1.40   		   		
20204   			-1.55   		   		
20209   			-0.51   		   		
20215   			0.07   		   		
20221   			0.71   		   		
20227   			0.19   		   		
20232   			0.94   		   		
20238   			-0.56   		   		
20244   			-0.16   		   		
20250   			-1.10   		   		
20255   			-0.24   		   		
20261   			-0.64   		   		
20267   			-2.09   		   		
20272   			-1.05   		   		
20278   			-0.87   		   		
20284   			-1.51   		   		
20290   			-1.28   		   		
20295   			-0.24   		   		
20301   			-0.64   		   		
20307   			0.17   		   		
20313   			-0.53   		   		
20318   			-0.93   		   		
20324   			-0.58   		   		
20330   			-0.47   		   		
20335   			-0.55   		   		
20341   			-0.49   		   		
20347   			-1.47   		   		
20353   			-0.55   		   		
20358   			-0.66   		   		
20364   			-0.43   		   		
20370   			0.15   		   		
20376   			0.21   		   		
20381   			0.03   		   		
20387   			-0.78   		   		
20393   			-0.78   		   		
20398   			-0.26   		   		
20404   			-0.43   		   		
20410   			-0.20   		   		
20416   			0.50   		   		
20421   			-0.47   		   		
20427   			0.52   		   		
20433   			0.58   		   		
20439   			-0.47   		   		
20444   			1.04   		   		
20450   			-0.12   		   		
20456   			-0.24   		   		
20461   			-0.93   		   		
20467   			-1.10   		   		
20473   			-0.18   		   		
20479   			-0.64   		   		
20484   			-0.29   		   		
20490   			-0.53   		   		
20496   			0.29   		   		
20502   			0.00   		   		
20507   			-0.49   		   		
20513   			-0.02   		   		
20519   			0.15   		   		
20524   			0.32   		   		
20530   			-0.14   		   		
20536   			0.13   		   		
20542   			0.02   		   		
20547   			-0.45   		   		
20553   			-0.39   		   		
20559   			-0.97   		   		
20565   			-0.76   		   		
20570   			-0.58   		   		
20576   			-0.70   		   		
20582   			-0.58   		   		
20587   			-0.58   		   		
20593   			0.09   		   		
20599   			0.03   		   		
20605   			-0.43   		   		
20610   			-0.55   		   		
20616   			-0.72   		   		
20622   			-0.62   		   		
20628   			0.65   		   		
20633   			0.48   		   		
20639   			0.13   		   		
20645   			0.19   		   		
20650   			-0.43   		   		
20656   			0.21   		   		
20662   			-0.31   		   		
20668   			-0.84   		   		
20673   			-0.72   		   		
20679   			-0.50   		   		
20685   			0.19   		   		
20691   			-0.33   		   		
20696   			-0.33   		   		
20702   			0.31   		   		
20708   			0.75   		   		
20713   			0.40   		   		
20719   			-0.93   		   		
20725   			-1.22   		   		
20731   			-0.24   		   		
20736   			-0.84   		   		
20742   			-0.43   		   		
20748   			-0.66   		   		
20754   			-0.37   		   		
20759   			-0.26   		   		
20765   			-0.41   		   		
20771   			0.40   		   		
20776   			-0.12   		   		
20782   			-0.35   		   		
20788   			-0.47   		   		
20794   			-1.20   		   		
20799   			-1.08   		   		
20805   			-0.97   		   		
20811   			-1.14   		   		
20817   			-1.55   		   		
20822   			-1.53   		   		
20828   			-0.66   		   		
20834   			-0.49   		   		
20839   			-0.26   		   		
20845   			-0.84   		   		
20851   			-0.58   		   		
20857   			-0.76   		   		
20862   			-0.87   		   		
20868   			-0.64   		   		
20874   			-0.24   		   		
20880   			-0.24   		   		
20885   			-0.53   		   		
20891   			-0.47   		   		
20897   			-0.99   		   		
20902   			-0.81   		   		
20908   			-0.31   		   		
20914   			0.15   		   		
20920   			-0.20   		   		
20925   			-1.01   		   		
20931   			-0.31   		   		
20937   			-0.35   		   		
20943   			0.40   		   		
20948   			-1.10   		   		
20954   			-0.76   		   		
20960   			-1.97   		   		
20965   			-1.18   		   		
20971   			-0.31   		   		
20977   			-0.78   		   		
20983   			-0.89   		   		
20988   			-0.02   		   		
20994   			-0.93   		   		
21000   			-1.92   		   		
21005   			-0.58   		   		
21011   			-0.47   		   		
21017   			0.92   		   		
21023   			-0.58   		   		
21028   			-0.12   		   		
21034   			-0.76   		   		
21040   			-0.24   		   		
21046   			-0.64   		   		
21051   			-0.39   		   		
21057   			0.13   		   		
21063   			-1.08   		   		
21068   			0.48   		   		
21074   			0.42   		   		
21080   			0.34   		   		
21086   			-0.76   		   		
21091   			-0.12   		   		
21097   			-0.35   		   		
21103   			-0.06   		   		
21109   			-0.60   		   		
21114   			0.26   		   		
21120   			-0.37   		   		
21126   			-2.46   		   		
21131   			-0.02   		   		
21137   			-0.47   		   		
21143   			-0.64   		   		
21149   			0.05   		   		
21154   			0.34   		   		
21160   			-0.93   		   		
21166   			0.11   		   		
21172   			-0.53   		   		
21177   			-0.64   		   		
21183   			-0.35   		   		
21189   			-0.99   		   		
21194   			-0.55   		   		
21200   			-0.31   		   		
21206   			0.03   		   		
21212   			-1.07   		   		
21217   			0.26   		   		
21223   			0.40   		   		
21229   			0.34   		   		
21235   			-0.47   		   		
21240   			-0.81   		   		
21246   			-0.53   		   		
21252   			0.69   		   		
21257   			-0.06   		   		
21263   			-0.06   		   		
21269   			-0.18   		   		
21275   			0.05   		   		
21280   			-1.10   		   		
21286   			-1.16   		   		
21292   			0.11   		   		
21298   			0.00   		   		
21303   			-0.58   		   		
21309   			0.11   		   		
21315   			0.05   		   		
21320   			-0.99   		   		
21326   			-0.64   		   		
21332   			-0.24   		   		
21338   			0.40   		   		
21343   			0.46   		   		
21349   			0.23   		   		
21355   			-0.24   		   		
21361   			0.69   		   		
21366   			0.40   		   		
21372   			-0.29   		   		
21378   			-0.41   		   		
21383   			-0.24   		   		
21389   			-0.24   		   		
21395   			-0.45   		   		
21401   			0.13   		   		
21406   			-0.51   		   		
21412   			-0.22   		   		
21418   			0.13   		   		
21424   			-0.14   		   		
21429   			-0.43   		   		
21435   			-0.02   		   		
21441   			-0.02   		   		
21446   			-0.37   		   		
21452   			-0.21   		   		
21458   			0.36   		   		
21464   			-0.62   		   		
21469   			0.13   		   		
21475   			-0.50   		   		
21481   			-1.67   		   		
21487   			-1.09   		   		
21492   			-0.68   		   		
21498   			-1.20   		   		
21504   			-1.49   		   		
21509   			-0.91   		   		
21515   			-0.68   		   		
21521   			-1.26   		   		
21527   			-1.20   		   		
21532   			-1.08   		   		
21538   			-0.24   		   		
21544   			0.29   		   		
21550   			-0.93   		   		
21555   			0.11   		   		
21561   			-1.57   		   		
21567   			-1.24   		   		
21572   			-1.42   		   		
21578   			-1.13   		   		
21584   			-0.78   		   		
21590   			-2.05   		   		
21595   			-0.70   		   		
21601   			-1.28   		   		
21607   			-1.86   		   		
21613   			-1.22   		   		
21618   			-0.76   		   		
21624   			-0.58   		   		
21630   			-0.99   		   		
21635   			-1.22   		   		
21641   			-0.12   		   		
21647   			-0.24   		   		
21653   			-0.80   		   		
