Timestamp		Force Z		Comments
0   			-1.36   		   		
6   			-1.24   		   		
12   			-2.58   		   		
18   			-1.01   		   		
23   			-1.76   		   		
29   			-1.94   		   		
35   			-1.34   		   		
41   			-1.63   		   		
46   			-1.63   		   		
52   			-1.51   		   		
58   			-2.21   		   		
63   			-2.09   		   		
69   			-2.09   		   		
75   			-2.27   		   		
81   			-1.74   		   		
86   			-2.27   		   		
92   			-2.81   		   		
98   			-2.17   		   		
104   			-1.82   		   		
109   			-1.42   		   		
115   			-2.17   		   		
121   			-1.39   		   		
126   			-1.57   		   		
132   			-2.15   		   		
138   			-1.51   		   		
144   			-1.10   		   		
149   			-1.51   		   		
155   			-1.16   		   		
161   			-1.45   		   		
167   			-1.45   		   		
172   			-1.22   		   		
178   			-0.93   		   		
184   			-1.51   		   		
189   			-1.45   		   		
195   			-1.22   		   		
201   			-0.76   		   		
207   			-1.51   		   		
212   			-0.87   		   		
218   			-1.57   		   		
224   			-1.68   		   		
230   			-1.28   		   		
235   			-1.30   		   		
241   			-1.65   		   		
247   			-2.23   		   		
252   			-1.53   		   		
258   			-1.13   		   		
264   			-1.18   		   		
270   			-1.07   		   		
275   			-1.88   		   		
281   			-1.53   		   		
287   			-1.65   		   		
293   			-1.92   		   		
298   			-1.39   		   		
304   			-1.10   		   		
310   			-1.51   		   		
315   			-2.03   		   		
321   			-1.10   		   		
327   			-0.64   		   		
333   			-0.64   		   		
338   			-0.47   		   		
344   			-0.76   		   		
350   			-0.47   		   		
356   			-0.70   		   		
361   			-0.53   		   		
367   			-1.05   		   		
373   			-1.51   		   		
378   			-1.32   		   		
384   			-1.90   		   		
390   			-1.03   		   		
396   			-0.50   		   		
401   			-1.66   		   		
407   			-0.99   		   		
413   			-1.97   		   		
418   			-0.29   		   		
424   			-0.99   		   		
430   			-0.99   		   		
436   			-0.95   		   		
441   			-0.89   		   		
447   			-0.43   		   		
453   			-1.24   		   		
459   			-1.82   		   		
464   			-1.92   		   		
470   			-1.86   		   		
476   			-4.59   		   		
481   			-1.22   		   		
487   			-1.63   		   		
493   			-1.34   		   		
499   			-2.38   		   		
504   			-1.97   		   		
510   			-1.97   		   		
516   			-1.86   		   		
522   			-1.88   		   		
527   			-1.18   		   		
533   			-0.60   		   		
539   			-1.24   		   		
544   			-1.76   		   		
550   			-2.03   		   		
556   			-2.03   		   		
562   			-1.34   		   		
567   			-1.97   		   		
573   			-1.05   		   		
579   			-1.71   		   		
585   			-1.36   		   		
590   			-1.59   		   		
596   			-1.88   		   		
602   			-2.11   		   		
607   			-1.49   		   		
613   			-1.49   		   		
619   			-1.26   		   		
625   			-0.97   		   		
630   			-1.78   		   		
636   			-0.97   		   		
642   			-0.21   		   		
648   			-0.79   		   		
653   			-0.91   		   		
659   			-1.32   		   		
665   			-2.07   		   		
670   			-1.43   		   		
676   			-2.01   		   		
682   			-2.07   		   		
688   			-1.20   		   		
693   			-1.32   		   		
699   			-1.37   		   		
705   			-1.14   		   		
711   			-1.08   		   		
716   			-1.03   		   		
722   			-1.39   		   		
728   			-1.39   		   		
733   			-1.51   		   		
739   			-1.86   		   		
745   			-1.92   		   		
751   			-1.13   		   		
756   			-1.07   		   		
762   			-1.47   		   		
768   			-1.88   		   		
774   			-0.89   		   		
779   			-0.64   		   		
785   			-0.70   		   		
791   			-1.28   		   		
796   			-1.05   		   		
802   			-1.63   		   		
808   			-0.87   		   		
814   			-1.16   		   		
819   			-1.97   		   		
825   			-1.39   		   		
831   			-2.61   		   		
837   			-2.05   		   		
842   			-1.24   		   		
848   			-0.95   		   		
854   			-1.94   		   		
859   			-1.65   		   		
865   			-1.22   		   		
871   			-1.16   		   		
877   			-1.68   		   		
882   			-1.34   		   		
888   			-1.10   		   		
894   			-1.65   		   		
900   			-1.88   		   		
905   			-1.47   		   		
911   			-1.01   		   		
917   			-1.24   		   		
922   			-1.07   		   		
928   			-1.30   		   		
934   			-0.78   		   		
940   			-1.36   		   		
945   			-1.42   		   		
951   			-1.47   		   		
957   			-1.71   		   		
963   			-1.94   		   		
968   			-1.36   		   		
974   			-2.00   		   		
980   			-1.74   		   		
985   			-2.03   		   		
991   			-1.80   		   		
997   			-1.63   		   		
1003   			-0.87   		   		
1008   			-1.61   		   		
1014   			-1.55   		   		
1020   			-2.83   		   		
1025   			-1.66   		   		
1031   			-1.49   		   		
1037   			-1.10   		   		
1043   			-1.68   		   		
1048   			-1.86   		   		
1054   			-1.45   		   		
1060   			-2.21   		   		
1066   			-1.24   		   		
1071   			-1.65   		   		
1077   			-1.53   		   		
1083   			-2.52   		   		
1088   			-1.30   		   		
1094   			-1.42   		   		
1100   			-1.30   		   		
1106   			-1.30   		   		
1111   			-0.78   		   		
1117   			-1.13   		   		
1123   			-0.81   		   		
1129   			-1.45   		   		
1134   			-1.22   		   		
1140   			-1.74   		   		
1146   			-1.57   		   		
1151   			-1.10   		   		
1157   			-1.92   		   		
1163   			-1.92   		   		
1169   			-0.99   		   		
1174   			-1.45   		   		
1180   			-1.51   		   		
1186   			-2.38   		   		
1192   			-1.05   		   		
1197   			-1.74   		   		
1203   			-2.09   		   		
1209   			-2.21   		   		
1214   			-2.09   		   		
1220   			-2.56   		   		
1226   			-2.03   		   		
1232   			-1.86   		   		
1237   			-1.97   		   		
1243   			-1.22   		   		
1249   			-1.97   		   		
1255   			-2.50   		   		
1260   			-1.68   		   		
1266   			-1.92   		   		
1272   			-1.51   		   		
1277   			-0.64   		   		
1283   			-1.86   		   		
1289   			-1.80   		   		
1295   			-1.97   		   		
1300   			-1.80   		   		
1306   			-2.27   		   		
1312   			-1.80   		   		
1318   			-2.03   		   		
1323   			-1.71   		   		
1329   			-1.01   		   		
1335   			-1.42   		   		
1340   			-1.76   		   		
1346   			-1.18   		   		
1352   			-1.16   		   		
1358   			-1.22   		   		
1363   			-1.10   		   		
1369   			-1.57   		   		
1375   			-1.80   		   		
1381   			-2.03   		   		
1386   			-1.57   		   		
1392   			-1.80   		   		
1398   			-0.99   		   		
1403   			-2.79   		   		
1409   			-2.29   		   		
1415   			-1.65   		   		
1421   			-1.94   		   		
1426   			-2.00   		   		
1432   			-2.05   		   		
1438   			-2.19   		   		
1444   			-2.24   		   		
1449   			-1.95   		   		
1455   			-2.42   		   		
1461   			-1.66   		   		
1466   			-2.15   		   		
1472   			-2.21   		   		
1478   			-1.74   		   		
1484   			-1.45   		   		
1489   			-1.51   		   		
1495   			-1.97   		   		
1501   			-0.93   		   		
1507   			-1.80   		   		
1512   			-1.57   		   		
1518   			-1.57   		   		
1524   			-1.15   		   		
1529   			-1.32   		   		
1535   			-1.78   		   		
1541   			-1.32   		   		
1547   			-1.20   		   		
1552   			-1.10   		   		
1558   			-0.93   		   		
1564   			-1.51   		   		
1570   			-1.34   		   		
1575   			-0.70   		   		
1581   			-1.68   		   		
1587   			-1.68   		   		
1592   			-1.57   		   		
1598   			-1.45   		   		
1604   			-0.81   		   		
1610   			-1.22   		   		
1615   			-1.10   		   		
1621   			-1.63   		   		
1627   			-1.57   		   		
1633   			-1.68   		   		
1638   			-1.47   		   		
1644   			-2.29   		   		
1650   			-1.71   		   		
1655   			-1.71   		   		
1661   			-1.24   		   		
1667   			-1.16   		   		
1673   			-1.80   		   		
1678   			-2.03   		   		
1684   			-0.76   		   		
1690   			-1.39   		   		
1696   			-1.51   		   		
1701   			-1.39   		   		
1707   			-1.51   		   		
1713   			-1.05   		   		
1718   			-0.70   		   		
1724   			-0.99   		   		
1730   			-1.39   		   		
1736   			-1.57   		   		
1741   			-2.09   		   		
1747   			-1.34   		   		
1753   			-1.34   		   		
1759   			-0.70   		   		
1764   			-1.97   		   		
1770   			-1.51   		   		
1776   			-1.34   		   		
1781   			-2.25   		   		
1787   			-1.78   		   		
1793   			-1.90   		   		
1799   			-2.25   		   		
1804   			-0.57   		   		
1810   			-1.55   		   		
1816   			-1.49   		   		
1822   			-1.84   		   		
1827   			-1.78   		   		
1833   			-1.72   		   		
1839   			-1.28   		   		
1844   			-1.97   		   		
1850   			-0.99   		   		
1856   			-1.57   		   		
1862   			-1.45   		   		
1867   			-0.86   		   		
1873   			-0.74   		   		
1879   			-0.91   		   		
1885   			-1.55   		   		
1890   			-0.91   		   		
1896   			-0.37   		   		
1902   			-0.60   		   		
1907   			-0.95   		   		
1913   			-1.53   		   		
1919   			-0.89   		   		
1925   			-0.29   		   		
1930   			-1.16   		   		
1936   			-1.28   		   		
1942   			-1.92   		   		
1948   			-1.34   		   		
1953   			-0.41   		   		
1959   			-1.34   		   		
1965   			-0.87   		   		
1970   			-1.16   		   		
1976   			-1.22   		   		
1982   			-1.37   		   		
1988   			-0.85   		   		
1993   			-0.97   		   		
1999   			-1.14   		   		
2005   			-3.58   		   		
2010   			-0.78   		   		
2016   			-1.13   		   		
2022   			-0.95   		   		
2028   			-1.07   		   		
2033   			-0.89   		   		
2039   			-1.51   		   		
2045   			-1.34   		   		
2051   			-2.03   		   		
2056   			-1.51   		   		
2062   			-1.51   		   		
2068   			-2.81   		   		
2073   			-1.53   		   		
2079   			-1.59   		   		
2085   			-1.01   		   		
2091   			-1.47   		   		
2096   			-1.10   		   		
2102   			-1.57   		   		
2108   			-2.27   		   		
2114   			-1.80   		   		
2119   			-2.79   		   		
2125   			-2.07   		   		
2131   			-3.29   		   		
2136   			-2.48   		   		
2142   			-1.95   		   		
2148   			-1.49   		   		
2154   			-1.97   		   		
2159   			-1.92   		   		
2165   			-0.99   		   		
2171   			-0.99   		   		
2177   			-2.09   		   		
2182   			-2.34   		   		
2188   			-1.47   		   		
2194   			-3.33   		   		
2199   			-1.18   		   		
2205   			-2.40   		   		
2211   			-1.59   		   		
2217   			-1.82   		   		
2222   			-2.11   		   		
2228   			-2.29   		   		
2234   			-1.65   		   		
2240   			-1.74   		   		
2245   			-1.86   		   		
2251   			-1.05   		   		
2257   			-2.09   		   		
2262   			-0.81   		   		
2268   			-1.28   		   		
2274   			-1.63   		   		
2280   			-1.74   		   		
2285   			-1.34   		   		
2291   			-1.16   		   		
2297   			-1.22   		   		
2303   			-1.68   		   		
2308   			-2.21   		   		
2314   			-2.09   		   		
2320   			-1.34   		   		
2325   			-2.37   		   		
2331   			-1.55   		   		
2337   			-2.37   		   		
2343   			-1.49   		   		
2348   			-2.08   		   		
2354   			-1.12   		   		
2360   			-1.47   		   		
2366   			-1.00   		   		
2371   			-1.29   		   		
2377   			-1.76   		   		
2383   			-0.63   		   		
2388   			-1.96   		   		
2394   			-1.44   		   		
2400   			-1.73   		   		
2406   			-2.02   		   		
2411   			-1.36   		   		
2417   			-2.11   		   		
2423   			-3.10   		   		
2429   			-2.93   		   		
2434   			-2.34   		   		
2440   			-3.19   		   		
2446   			-1.97   		   		
2451   			-2.85   		   		
2457   			-2.38   		   		
2463   			-1.97   		   		
2469   			-1.20   		   		
2474   			-1.61   		   		
2480   			-2.30   		   		
2486   			-2.36   		   		
2492   			-1.90   		   		
2497   			-1.94   		   		
2503   			-2.11   		   		
2509   			-2.11   		   		
2514   			-1.59   		   		
2520   			-2.11   		   		
2526   			-1.47   		   		
2532   			-0.89   		   		
2537   			-0.95   		   		
2543   			-2.17   		   		
2549   			-1.24   		   		
2555   			-1.22   		   		
2560   			-1.57   		   		
2566   			-1.39   		   		
2572   			-1.57   		   		
2577   			-2.27   		   		
2583   			-1.39   		   		
2589   			-1.51   		   		
2595   			-1.92   		   		
2600   			-2.09   		   		
2606   			-1.63   		   		
2612   			-1.97   		   		
2618   			-2.32   		   		
2623   			-2.56   		   		
2629   			-1.57   		   		
2635   			-0.99   		   		
2640   			-1.34   		   		
2646   			-1.45   		   		
2652   			-0.87   		   		
2658   			-1.45   		   		
2663   			-1.39   		   		
2669   			-1.22   		   		
2675   			-1.10   		   		
2680   			-2.15   		   		
2686   			-2.15   		   		
2692   			-2.61   		   		
2698   			-3.04   		   		
2703   			-2.93   		   		
2709   			-2.98   		   		
2715   			-2.52   		   		
2721   			-2.69   		   		
2726   			-1.82   		   		
2732   			-2.52   		   		
2738   			-3.33   		   		
2743   			-2.05   		   		
2749   			-2.46   		   		
2755   			-2.34   		   		
2761   			-1.47   		   		
2766   			-1.88   		   		
2772   			-2.23   		   		
2778   			-2.11   		   		
2784   			-2.46   		   		
2789   			-2.81   		   		
2795   			-2.00   		   		
2801   			-4.32   		   		
2806   			-2.05   		   		
2812   			-0.97   		   		
2818   			-1.66   		   		
2824   			-2.88   		   		
2829   			-1.95   		   		
2835   			-2.48   		   		
2841   			-2.44   		   		
2847   			-1.45   		   		
2852   			-2.44   		   		
2858   			-2.32   		   		
2864   			-3.25   		   		
2869   			-2.11   		   		
2875   			-2.23   		   		
2881   			-2.11   		   		
2887   			-2.34   		   		
2892   			-2.05   		   		
2898   			-1.61   		   		
2904   			-2.48   		   		
2910   			-1.84   		   		
2915   			-2.13   		   		
2921   			-1.67   		   		
2927   			-1.42   		   		
2932   			-1.36   		   		
2938   			-0.95   		   		
2944   			-1.71   		   		
2950   			-2.58   		   		
2955   			-1.65   		   		
2961   			-1.88   		   		
2967   			-2.00   		   		
2973   			-2.00   		   		
2978   			-1.65   		   		
2984   			-1.34   		   		
2990   			-2.85   		   		
2995   			-2.21   		   		
3001   			-2.15   		   		
3007   			-1.68   		   		
3013   			-1.94   		   		
3018   			-1.59   		   		
3024   			-2.17   		   		
3030   			-1.94   		   		
3036   			-1.42   		   		
3041   			-1.51   		   		
3047   			-1.51   		   		
3053   			-2.21   		   		
3058   			-1.74   		   		
3064   			-2.61   		   		
3070   			-2.48   		   		
3076   			-2.53   		   		
3081   			-1.95   		   		
3087   			-1.32   		   		
3093   			-1.55   		   		
3099   			-1.74   		   		
3104   			-1.51   		   		
3110   			-1.74   		   		
3116   			-2.61   		   		
3121   			-2.38   		   		
3127   			-2.03   		   		
3133   			-1.74   		   		
3139   			-0.76   		   		
3144   			-2.03   		   		
3150   			-1.92   		   		
3156   			-2.67   		   		
3162   			-2.15   		   		
3167   			-2.03   		   		
3173   			-1.74   		   		
3179   			-2.44   		   		
3184   			-2.40   		   		
3190   			-2.00   		   		
3196   			-1.88   		   		
3202   			-1.76   		   		
3207   			-2.46   		   		
3213   			-2.42   		   		
3219   			-1.84   		   		
3225   			-2.07   		   		
3230   			-1.37   		   		
3236   			-2.36   		   		
3242   			-1.53   		   		
3247   			-1.71   		   		
3253   			-2.11   		   		
3259   			-1.82   		   		
3265   			-1.82   		   		
3270   			-1.61   		   		
3276   			-1.61   		   		
3282   			-1.61   		   		
3288   			-2.07   		   		
3293   			-1.72   		   		
3299   			-2.67   		   		
3305   			-2.90   		   		
3310   			-2.38   		   		
3316   			-2.73   		   		
3322   			-1.97   		   		
3328   			-2.73   		   		
3333   			-2.56   		   		
3339   			-2.96   		   		
3345   			-2.79   		   		
3351   			-3.19   		   		
3356   			-2.40   		   		
3362   			-3.04   		   		
3368   			-2.58   		   		
3373   			-1.71   		   		
3379   			-2.00   		   		
3385   			-1.74   		   		
3391   			-1.51   		   		
3396   			-2.79   		   		
3402   			-1.39   		   		
3408   			-2.38   		   		
3414   			-1.80   		   		
3419   			-1.86   		   		
3425   			-2.21   		   		
3431   			-2.50   		   		
3436   			-1.63   		   		
3442   			-1.34   		   		
3448   			-1.10   		   		
3454   			-2.38   		   		
3459   			-2.44   		   		
3465   			-2.38   		   		
3471   			-2.79   		   		
3477   			-2.44   		   		
3482   			-2.50   		   		
3488   			-1.74   		   		
3494   			-2.32   		   		
3499   			-1.94   		   		
3505   			-1.30   		   		
3511   			-2.34   		   		
3517   			-2.00   		   		
3522   			-1.42   		   		
3528   			-1.28   		   		
3534   			-1.10   		   		
3540   			-1.28   		   		
3545   			-1.74   		   		
3551   			-0.99   		   		
3557   			-1.59   		   		
3562   			-1.76   		   		
3568   			-2.17   		   		
3574   			-1.76   		   		
3580   			-1.94   		   		
3585   			-1.86   		   		
3591   			-2.09   		   		
3597   			-1.22   		   		
3602   			-1.39   		   		
3608   			-1.16   		   		
3614   			-1.88   		   		
3620   			-2.29   		   		
3625   			-0.78   		   		
3631   			-1.53   		   		
3637   			-1.59   		   		
3643   			-1.63   		   		
3648   			-1.39   		   		
3654   			-1.16   		   		
3660   			-2.79   		   		
3665   			-1.28   		   		
3671   			-0.39   		   		
3677   			-0.16   		   		
3683   			-0.62   		   		
3688   			-0.74   		   		
3694   			-0.39   		   		
3700   			-0.64   		   		
3706   			-0.24   		   		
3711   			-0.87   		   		
3717   			-0.76   		   		
3723   			-2.38   		   		
3728   			-0.79   		   		
3734   			-0.91   		   		
3740   			-0.79   		   		
3746   			-1.20   		   		
3751   			-0.91   		   		
3757   			-1.26   		   		
3763   			-1.03   		   		
3769   			-2.30   		   		
3774   			-1.20   		   		
3780   			-0.21   		   		
3786   			-2.09   		   		
3791   			-1.10   		   		
3797   			-0.93   		   		
3803   			-1.45   		   		
3809   			-0.53   		   		
3814   			-1.13   		   		
3820   			-0.08   		   		
3826   			-1.18   		   		
3832   			-1.07   		   		
3837   			-1.65   		   		
3843   			-1.28   		   		
3849   			-2.09   		   		
3854   			-0.81   		   		
3860   			-0.35   		   		
3866   			-0.58   		   		
3872   			-0.91   		   		
3877   			-0.33   		   		
3883   			-0.39   		   		
3889   			-0.45   		   		
3895   			-0.74   		   		
3900   			-0.84   		   		
3906   			-0.49   		   		
3912   			-1.18   		   		
3917   			-1.53   		   		
3923   			-1.13   		   		
3929   			-1.10   		   		
3935   			-0.58   		   		
3940   			-0.35   		   		
3946   			-1.16   		   		
3952   			-0.81   		   		
3958   			-0.93   		   		
3963   			-0.76   		   		
3969   			-1.05   		   		
3975   			-0.99   		   		
3980   			-1.05   		   		
3986   			-1.16   		   		
3992   			-1.22   		   		
3998   			-1.45   		   		
4003   			-1.68   		   		
4009   			-1.86   		   		
4015   			-0.70   		   		
4021   			-0.87   		   		
4026   			-1.57   		   		
4032   			-1.28   		   		
4038   			-0.64   		   		
4043   			-1.61   		   		
4049   			-1.44   		   		
4055   			-1.67   		   		
4061   			-1.67   		   		
4066   			-1.32   		   		
4072   			-1.76   		   		
4078   			-0.72   		   		
4084   			-0.72   		   		
4089   			-1.42   		   		
4095   			-0.84   		   		
4101   			-1.05   		   		
4106   			-0.29   		   		
4112   			-1.34   		   		
4118   			-0.76   		   		
4124   			-0.93   		   		
4129   			-0.89   		   		
4135   			-0.02   		   		
4141   			-0.55   		   		
4147   			-0.43   		   		
4152   			-0.66   		   		
4158   			-0.78   		   		
4164   			-0.60   		   		
4169   			-0.89   		   		
4175   			-1.01   		   		
4181   			-1.47   		   		
4187   			-1.88   		   		
4192   			-1.24   		   		
4198   			-1.13   		   		
4204   			-1.36   		   		
4210   			-0.26   		   		
4215   			-0.86   		   		
4221   			-1.32   		   		
4227   			-0.34   		   		
4232   			-1.55   		   		
4238   			-2.08   		   		
4244   			-1.57   		   		
4250   			-0.93   		   		
4255   			-0.81   		   		
4261   			-0.87   		   		
4267   			-1.80   		   		
4273   			-1.74   		   		
4278   			-1.45   		   		
4284   			-0.41   		   		
4290   			-0.93   		   		
4295   			-1.05   		   		
4301   			-0.53   		   		
4307   			-0.70   		   		
4313   			-1.10   		   		
4318   			-0.70   		   		
4324   			-0.64   		   		
4330   			-0.43   		   		
4336   			-1.18   		   		
4341   			-1.24   		   		
4347   			-1.24   		   		
4353   			-0.43   		   		
4358   			-0.78   		   		
4364   			-0.89   		   		
4370   			-1.36   		   		
4376   			-1.59   		   		
4381   			-0.95   		   		
4387   			-0.70   		   		
4393   			-0.99   		   		
4399   			-0.99   		   		
4404   			-0.06   		   		
4410   			-1.34   		   		
4416   			-0.74   		   		
4421   			-1.03   		   		
4427   			-0.91   		   		
4433   			-0.63   		   		
4439   			-0.80   		   		
4444   			-1.10   		   		
4450   			-1.39   		   		
4456   			-1.86   		   		
4462   			-0.58   		   		
4467   			-1.22   		   		
4473   			-1.18   		   		
4479   			-2.29   		   		
4484   			-1.01   		   		
4490   			-1.18   		   		
4496   			-1.36   		   		
4502   			-1.57   		   		
4507   			-1.22   		   		
4513   			-1.92   		   		
4519   			-0.87   		   		
4525   			-1.10   		   		
4530   			-0.72   		   		
4536   			-1.53   		   		
4542   			-1.82   		   		
4547   			-1.36   		   		
4553   			-1.76   		   		
4559   			-2.13   		   		
4565   			-0.85   		   		
4570   			-0.85   		   		
4576   			-0.97   		   		
4582   			-0.97   		   		
4588   			-2.13   		   		
4593   			-1.37   		   		
4599   			-1.72   		   		
4605   			-1.61   		   		
4610   			-2.59   		   		
4616   			-1.93   		   		
4622   			-1.93   		   		
4628   			-1.93   		   		
4633   			-1.82   		   		
4639   			-1.53   		   		
4645   			-2.63   		   		
4651   			-2.17   		   		
4656   			-2.63   		   		
4662   			-2.98   		   		
4668   			-1.71   		   		
4673   			-2.21   		   		
4679   			-2.73   		   		
4685   			-2.27   		   		
4691   			-2.67   		   		
4696   			-1.97   		   		
4702   			-2.29   		   		
4708   			-2.52   		   		
4714   			-2.05   		   		
4719   			-2.23   		   		
4725   			-2.40   		   		
4731   			-2.22   		   		
4736   			-2.63   		   		
4742   			-2.28   		   		
4748   			-1.87   		   		
4754   			-2.17   		   		
4759   			-2.29   		   		
4765   			-2.52   		   		
4771   			-4.20   		   		
4776   			-2.52   		   		
4782   			-2.40   		   		
4788   			-1.45   		   		
4794   			-2.15   		   		
4799   			-2.38   		   		
4805   			-2.15   		   		
4811   			-2.73   		   		
4817   			-2.00   		   		
4822   			-1.82   		   		
4828   			-1.94   		   		
4834   			-3.56   		   		
4839   			-1.88   		   		
4845   			-1.28   		   		
4851   			-1.68   		   		
4857   			-1.45   		   		
4862   			-1.51   		   		
4868   			-1.22   		   		
4874   			-1.86   		   		
4880   			-1.28   		   		
4885   			-1.16   		   		
4891   			-1.28   		   		
4897   			-3.49   		   		
4902   			-0.60   		   		
4908   			-1.71   		   		
4914   			-0.55   		   		
4920   			-1.07   		   		
4925   			-0.72   		   		
4931   			-1.51   		   		
4937   			-1.22   		   		
4943   			-1.57   		   		
4948   			-0.29   		   		
4954   			-0.35   		   		
4960   			-2.44   		   		
4965   			-1.39   		   		
4971   			-1.63   		   		
4977   			-1.74   		   		
4983   			-2.21   		   		
4988   			-0.99   		   		
4994   			-0.81   		   		
5000   			-1.05   		   		
5006   			-0.64   		   		
5011   			-0.64   		   		
5017   			-0.60   		   		
5023   			-0.31   		   		
5028   			-0.43   		   		
5034   			-0.08   		   		
5040   			-0.72   		   		
5046   			-0.43   		   		
5051   			-0.72   		   		
5057   			-1.42   		   		
5063   			-0.66   		   		
5069   			-1.42   		   		
5074   			-0.89   		   		
5080   			-0.78   		   		
5086   			-0.49   		   		
5091   			-1.65   		   		
5097   			-1.36   		   		
5103   			-0.31   		   		
5109   			-0.49   		   		
5114   			-0.89   		   		
5120   			-1.18   		   		
5126   			-1.24   		   		
5132   			-1.53   		   		
5137   			-0.49   		   		
5143   			-1.18   		   		
5149   			-1.30   		   		
5154   			-1.30   		   		
5160   			-1.37   		   		
5166   			-1.37   		   		
5172   			-1.03   		   		
5177   			-1.95   		   		
5183   			-1.26   		   		
5189   			-1.34   		   		
5195   			-1.10   		   		
5200   			-1.86   		   		
5206   			-1.97   		   		
5212   			-1.39   		   		
5217   			-0.93   		   		
5223   			-1.22   		   		
5229   			-0.64   		   		
5235   			-0.41   		   		
5240   			-0.58   		   		
5246   			-0.93   		   		
5252   			-0.76   		   		
5258   			-0.93   		   		
5263   			-1.45   		   		
5269   			-1.80   		   		
5275   			-1.57   		   		
5280   			-2.21   		   		
5286   			-1.74   		   		
5292   			-1.22   		   		
5298   			-1.68   		   		
5303   			-2.03   		   		
5309   			-0.76   		   		
5315   			-1.74   		   		
5321   			-2.15   		   		
5326   			-1.63   		   		
5332   			-0.99   		   		
5338   			-1.74   		   		
5343   			-0.99   		   		
5349   			-0.47   		   		
5355   			-1.57   		   		
5361   			-1.45   		   		
5366   			-1.57   		   		
5372   			-1.10   		   		
5378   			-1.57   		   		
5384   			-2.15   		   		
5389   			-1.47   		   		
5395   			-2.05   		   		
5401   			-1.53   		   		
5406   			-2.69   		   		
5412   			-2.34   		   		
5418   			-1.97   		   		
5424   			-1.92   		   		
5429   			-1.63   		   		
5435   			-2.15   		   		
5441   			-1.45   		   		
5447   			-2.19   		   		
5452   			-2.13   		   		
5458   			-2.25   		   		
5464   			-2.66   		   		
5469   			-2.42   		   		
5475   			-1.61   		   		
5481   			-2.19   		   		
5487   			-2.53   		   		
5492   			-2.59   		   		
5498   			-2.30   		   		
5504   			-1.71   		   		
5510   			-1.07   		   		
5515   			-1.24   		   		
5521   			-1.42   		   		
5527   			-1.53   		   		
5532   			-1.51   		   		
5538   			-1.63   		   		
5544   			-1.51   		   		
5550   			-1.68   		   		
5555   			-1.97   		   		
5561   			-2.27   		   		
5567   			-3.14   		   		
5572   			-1.92   		   		
5578   			-1.22   		   		
5584   			-1.05   		   		
5590   			-1.30   		   		
5595   			-1.07   		   		
5601   			-1.18   		   		
5607   			-1.76   		   		
5613   			-1.82   		   		
5618   			-1.57   		   		
5624   			-1.39   		   		
5630   			-3.89   		   		
5635   			-1.74   		   		
5641   			-1.63   		   		
5647   			-1.20   		   		
5653   			-1.20   		   		
5658   			-0.33   		   		
5664   			-1.61   		   		
5670   			-0.97   		   		
5676   			0.00   		   		
5681   			-0.81   		   		
5687   			-1.63   		   		
5693   			-0.99   		   		
5698   			0.17   		   		
5704   			-0.66   		   		
5710   			-0.14   		   		
5716   			-0.60   		   		
5721   			-0.55   		   		
5727   			-0.26   		   		
5733   			-0.62   		   		
5739   			-0.68   		   		
5744   			-0.45   		   		
5750   			-0.10   		   		
5756   			-1.32   		   		
5761   			-1.22   		   		
5767   			-0.64   		   		
5773   			-0.87   		   		
5779   			-1.28   		   		
5784   			-1.05   		   		
5790   			-0.31   		   		
5796   			-0.20   		   		
5802   			-0.49   		   		
5807   			-0.37   		   		
5813   			-0.26   		   		
5819   			-0.18   		   		
5824   			0.98   		   		
5830   			0.40   		   		
5836   			-0.81   		   		
5842   			0.40   		   		
5847   			0.46   		   		
5853   			0.81   		   		
5859   			0.40   		   		
5865   			0.34   		   		
5870   			0.00   		   		
5876   			0.82   		   		
5882   			0.65   		   		
5887   			1.11   		   		
5893   			0.19   		   		
5899   			1.75   		   		
5905   			0.84   		   		
5910   			0.84   		   		
5916   			0.15   		   		
5922   			0.67   		   		
5928   			1.60   		   		
5933   			1.00   		   		
5939   			0.48   		   		
5945   			1.29   		   		
5950   			0.89   		   		
5956   			0.31   		   		
5962   			0.67   		   		
5968   			-0.43   		   		
5973   			0.55   		   		
5979   			0.55   		   		
5985   			1.36   		   		
5991   			0.84   		   		
5996   			0.61   		   		
6002   			0.61   		   		
6008   			1.19   		   		
6013   			0.79   		   		
6019   			1.19   		   		
6025   			1.71   		   		
6031   			2.23   		   		
6036   			2.06   		   		
6042   			1.19   		   		
6048   			1.44   		   		
6054   			1.21   		   		
6059   			1.62   		   		
6065   			1.21   		   		
6071   			1.73   		   		
6076   			2.06   		   		
6082   			2.40   		   		
6088   			1.60   		   		
6094   			1.42   		   		
6099   			1.77   		   		
6105   			2.12   		   		
6111   			1.42   		   		
6117   			2.12   		   		
6122   			2.69   		   		
6128   			1.77   		   		
6134   			2.33   		   		
6139   			3.14   		   		
6145   			2.10   		   		
6151   			1.64   		   		
6157   			2.27   		   		
6162   			2.60   		   		
6168   			2.77   		   		
6174   			2.08   		   		
6180   			3.35   		   		
6185   			3.06   		   		
6191   			2.95   		   		
6197   			3.35   		   		
6202   			3.12   		   		
6208   			3.12   		   		
6214   			3.58   		   		
6220   			3.71   		   		
6225   			3.48   		   		
6231   			3.02   		   		
6237   			3.36   		   		
6243   			3.48   		   		
6248   			3.89   		   		
6254   			3.95   		   		
6260   			3.77   		   		
6265   			4.64   		   		
6271   			4.47   		   		
6277   			3.64   		   		
6283   			4.04   		   		
6288   			3.70   		   		
6294   			4.21   		   		
6300   			3.64   		   		
6306   			4.48   		   		
6311   			4.48   		   		
6317   			4.88   		   		
6323   			4.37   		   		
6328   			5.00   		   		
6334   			5.02   		   		
6340   			4.79   		   		
6346   			4.73   		   		
6351   			4.50   		   		
6357   			4.91   		   		
6363   			4.54   		   		
6369   			4.54   		   		
6374   			4.88   		   		
6380   			4.48   		   		
6386   			4.42   		   		
6391   			5.08   		   		
6397   			4.96   		   		
6403   			4.91   		   		
6409   			5.25   		   		
6414   			4.68   		   		
6420   			4.88   		   		
6426   			4.88   		   		
6432   			5.35   		   		
6437   			5.17   		   		
6443   			5.29   		   		
6449   			5.19   		   		
6454   			4.73   		   		
6460   			4.79   		   		
6466   			5.19   		   		
6472   			5.60   		   		
6477   			5.52   		   		
6483   			6.32   		   		
6489   			6.61   		   		
6495   			5.52   		   		
6500   			6.15   		   		
6506   			5.63   		   		
6512   			5.23   		   		
6517   			6.44   		   		
6523   			6.15   		   		
6529   			6.27   		   		
6535   			6.23   		   		
6540   			5.54   		   		
6546   			5.54   		   		
6552   			6.46   		   		
6558   			6.57   		   		
6563   			6.04   		   		
6569   			6.15   		   		
6575   			5.86   		   		
6580   			6.15   		   		
6586   			6.50   		   		
6592   			6.67   		   		
6598   			6.55   		   		
6603   			6.61   		   		
6609   			6.90   		   		
6615   			7.07   		   		
6621   			6.29   		   		
6626   			7.03   		   		
6632   			8.07   		   		
6638   			8.01   		   		
6643   			7.44   		   		
6649   			5.96   		   		
6655   			6.42   		   		
6661   			6.88   		   		
6666   			7.11   		   		
6672   			6.48   		   		
6678   			5.12   		   		
6683   			7.42   		   		
6689   			7.24   		   		
6695   			7.36   		   		
6701   			6.32   		   		
6706   			6.44   		   		
6712   			6.84   		   		
6718   			7.47   		   		
6724   			6.96   		   		
6729   			6.78   		   		
6735   			6.55   		   		
6741   			5.29   		   		
6746   			7.24   		   		
6752   			7.19   		   		
6758   			6.90   		   		
6764   			7.47   		   		
6769   			7.59   		   		
6775   			8.45   		   		
6781   			8.62   		   		
6787   			7.99   		   		
6792   			7.95   		   		
6798   			7.15   		   		
6804   			5.77   		   		
6809   			7.03   		   		
6815   			8.13   		   		
6821   			8.01   		   		
6827   			8.18   		   		
6832   			7.61   		   		
6838   			7.78   		   		
6844   			7.55   		   		
6850   			8.53   		   		
6855   			8.70   		   		
6861   			8.41   		   		
6867   			7.44   		   		
6872   			8.47   		   		
6878   			7.82   		   		
6884   			8.62   		   		
6890   			8.39   		   		
6895   			8.51   		   		
6901   			8.62   		   		
6907   			7.90   		   		
6913   			8.30   		   		
6918   			7.55   		   		
6924   			8.41   		   		
6930   			8.47   		   		
6935   			8.61   		   		
6941   			8.38   		   		
6947   			8.38   		   		
6953   			8.61   		   		
6958   			8.49   		   		
6964   			9.04   		   		
6970   			9.56   		   		
6976   			8.99   		   		
6981   			9.79   		   		
6987   			9.62   		   		
6993   			9.14   		   		
6998   			8.10   		   		
7004   			8.91   		   		
7010   			8.68   		   		
7016   			8.85   		   		
7021   			8.76   		   		
7027   			9.27   		   		
7033   			8.87   		   		
7039   			8.93   		   		
7044   			8.70   		   		
7050   			9.22   		   		
7056   			8.81   		   		
7061   			9.27   		   		
7067   			8.53   		   		
7073   			9.04   		   		
7079   			8.51   		   		
7084   			8.62   		   		
7090   			8.51   		   		
7096   			8.05   		   		
7102   			8.74   		   		
7107   			8.24   		   		
7113   			9.79   		   		
7119   			8.99   		   		
7124   			8.76   		   		
7130   			9.22   		   		
7136   			10.19   		   		
7142   			9.22   		   		
7147   			9.44   		   		
7153   			9.33   		   		
7159   			9.79   		   		
7165   			9.71   		   		
7170   			10.17   		   		
7176   			9.94   		   		
7182   			8.91   		   		
7187   			9.08   		   		
7193   			8.36   		   		
7199   			7.72   		   		
7205   			8.93   		   		
7210   			7.61   		   		
7216   			8.18   		   		
7222   			8.24   		   		
7228   			9.50   		   		
7233   			8.81   		   		
7239   			9.62   		   		
7245   			8.99   		   		
7250   			9.02   		   		
7256   			9.02   		   		
7262   			9.25   		   		
7268   			8.85   		   		
7273   			8.10   		   		
7279   			8.95   		   		
7285   			8.95   		   		
7291   			8.55   		   		
7296   			9.29   		   		
7302   			8.55   		   		
7308   			9.44   		   		
7313   			8.70   		   		
7319   			8.81   		   		
7325   			9.10   		   		
7331   			7.61   		   		
7336   			9.10   		   		
7342   			10.25   		   		
7348   			10.36   		   		
7354   			10.02   		   		
7359   			9.67   		   		
7365   			9.22   		   		
7371   			9.27   		   		
7376   			9.73   		   		
7382   			9.56   		   		
7388   			9.96   		   		
7394   			8.87   		   		
7399   			9.90   		   		
7405   			9.15   		   		
7411   			8.12   		   		
7416   			9.32   		   		
7422   			9.75   		   		
7428   			9.52   		   		
7434   			9.70   		   		
7439   			9.58   		   		
7445   			10.50   		   		
7451   			10.45   		   		
7457   			9.31   		   		
7462   			9.08   		   		
7468   			10.11   		   		
7474   			7.59   		   		
7479   			9.01   		   		
7485   			8.20   		   		
7491   			9.12   		   		
7497   			9.35   		   		
7502   			9.75   		   		
7508   			9.75   		   		
7514   			10.10   		   		
7520   			9.12   		   		
7525   			9.41   		   		
7531   			10.21   		   		
7537   			7.30   		   		
7542   			9.02   		   		
7548   			9.37   		   		
7554   			9.25   		   		
7560   			9.60   		   		
7565   			9.67   		   		
7571   			9.33   		   		
7577   			9.44   		   		
7583   			10.36   		   		
7588   			9.67   		   		
7594   			9.44   		   		
7600   			8.87   		   		
7605   			9.90   		   		
7611   			9.39   		   		
7617   			9.10   		   		
7623   			10.00   		   		
7628   			9.54   		   		
7634   			9.60   		   		
7640   			10.11   		   		
7646   			9.71   		   		
7651   			9.16   		   		
7657   			8.99   		   		
7663   			8.87   		   		
7668   			9.62   		   		
7674   			9.56   		   		
7680   			9.98   		   		
7686   			9.92   		   		
7691   			9.01   		   		
7697   			9.01   		   		
7703   			9.18   		   		
7709   			8.91   		   		
7714   			9.54   		   		
7720   			10.45   		   		
7726   			9.94   		   		
7731   			9.31   		   		
7737   			10.42   		   		
7743   			10.13   		   		
7749   			10.02   		   		
7754   			10.19   		   		
7760   			10.48   		   		
7766   			10.21   		   		
7772   			10.55   		   		
7777   			10.44   		   		
7783   			9.98   		   		
7789   			9.64   		   		
7794   			10.34   		   		
7800   			11.08   		   		
7806   			9.94   		   		
7812   			9.71   		   		
7817   			10.40   		   		
7823   			10.15   		   		
7829   			9.64   		   		
7835   			9.52   		   		
7840   			9.58   		   		
7846   			9.35   		   		
7852   			9.01   		   		
7857   			8.55   		   		
7863   			9.12   		   		
7869   			9.35   		   		
7875   			8.95   		   		
7880   			9.08   		   		
7886   			9.60   		   		
7892   			9.31   		   		
7897   			9.31   		   		
7903   			9.02   		   		
7909   			9.73   		   		
7915   			9.04   		   		
7920   			9.22   		   		
7926   			9.50   		   		
7932   			9.33   		   		
7938   			8.68   		   		
7943   			9.65   		   		
7949   			9.54   		   		
7955   			7.36   		   		
7960   			9.42   		   		
7966   			9.18   		   		
7972   			8.89   		   		
7978   			9.75   		   		
7983   			9.18   		   		
7989   			8.95   		   		
7995   			8.79   		   		
8001   			9.65   		   		
8006   			9.31   		   		
8012   			8.74   		   		
8018   			7.36   		   		
8023   			9.04   		   		
8029   			9.79   		   		
8035   			8.99   		   		
8041   			9.96   		   		
8046   			9.27   		   		
8052   			8.93   		   		
8058   			9.62   		   		
8064   			8.76   		   		
8069   			9.16   		   		
8075   			9.10   		   		
8081   			8.05   		   		
8086   			10.17   		   		
8092   			9.94   		   		
8098   			9.54   		   		
8104   			9.48   		   		
8109   			8.85   		   		
8115   			8.97   		   		
8121   			9.31   		   		
8127   			10.23   		   		
8132   			8.68   		   		
8138   			8.47   		   		
8144   			9.56   		   		
8149   			8.58   		   		
8155   			9.27   		   		
8161   			8.07   		   		
8167   			8.05   		   		
8172   			8.97   		   		
8178   			9.31   		   		
8184   			9.25   		   		
8190   			9.02   		   		
8195   			9.33   		   		
8201   			9.27   		   		
8207   			9.44   		   		
8212   			10.30   		   		
8218   			10.02   		   		
8224   			9.96   		   		
8230   			10.30   		   		
8235   			9.56   		   		
8241   			8.99   		   		
8247   			8.47   		   		
8253   			8.58   		   		
8258   			9.56   		   		
8264   			9.67   		   		
8270   			9.10   		   		
8275   			9.22   		   		
8281   			9.18   		   		
8287   			9.70   		   		
8293   			9.58   		   		
8298   			10.38   		   		
8304   			10.38   		   		
8310   			9.73   		   		
8316   			10.25   		   		
8321   			9.44   		   		
8327   			10.13   		   		
8333   			9.56   		   		
8338   			9.60   		   		
8344   			10.23   		   		
8350   			9.65   		   		
8356   			8.85   		   		
8361   			9.31   		   		
8367   			9.85   		   		
8373   			9.62   		   		
8379   			9.10   		   		
8384   			9.33   		   		
8390   			9.67   		   		
8396   			10.13   		   		
8401   			10.30   		   		
8407   			10.02   		   		
8413   			10.19   		   		
8419   			10.30   		   		
8424   			10.25   		   		
8430   			9.96   		   		
8436   			10.02   		   		
8442   			9.44   		   		
8447   			10.25   		   		
8453   			9.64   		   		
8459   			9.41   		   		
8464   			9.87   		   		
8470   			10.55   		   		
8476   			10.38   		   		
8482   			10.51   		   		
8487   			9.65   		   		
8493   			10.23   		   		
8499   			9.14   		   		
8505   			8.68   		   		
8510   			8.39   		   		
8516   			9.14   		   		
8522   			10.17   		   		
8527   			9.83   		   		
8533   			8.79   		   		
8539   			9.77   		   		
8545   			9.08   		   		
8550   			9.42   		   		
8556   			9.31   		   		
8562   			8.85   		   		
8567   			10.42   		   		
8573   			9.67   		   		
8579   			9.50   		   		
8585   			9.16   		   		
8590   			9.33   		   		
8596   			9.04   		   		
8602   			9.73   		   		
8608   			9.96   		   		
8613   			9.33   		   		
8619   			9.33   		   		
8625   			7.72   		   		
8630   			8.99   		   		
8636   			9.44   		   		
8642   			8.81   		   		
8648   			8.93   		   		
8653   			9.25   		   		
8659   			10.00   		   		
8665   			9.83   		   		
8671   			9.19   		   		
8676   			8.56   		   		
8682   			9.56   		   		
8688   			8.07   		   		
8693   			9.39   		   		
8699   			8.24   		   		
8705   			9.90   		   		
8711   			8.87   		   		
8716   			9.10   		   		
8722   			9.50   		   		
8728   			9.67   		   		
8734   			9.85   		   		
8739   			9.35   		   		
8745   			8.84   		   		
8751   			8.89   		   		
8756   			9.70   		   		
8762   			9.18   		   		
8768   			9.04   		   		
8774   			9.27   		   		
8779   			9.22   		   		
8785   			8.30   		   		
8791   			8.93   		   		
8797   			9.25   		   		
8802   			9.65   		   		
8808   			9.65   		   		
8814   			9.31   		   		
8819   			9.02   		   		
8825   			9.14   		   		
8831   			8.91   		   		
8837   			8.97   		   		
8842   			9.08   		   		
8848   			8.91   		   		
8854   			9.73   		   		
8860   			10.08   		   		
8865   			9.27   		   		
8871   			9.44   		   		
8877   			9.22   		   		
8882   			9.77   		   		
8888   			9.25   		   		
8894   			9.54   		   		
8900   			9.48   		   		
8905   			9.94   		   		
8911   			9.64   		   		
8917   			8.89   		   		
8923   			9.18   		   		
8928   			8.84   		   		
8934   			9.01   		   		
8940   			9.37   		   		
8945   			9.83   		   		
8951   			9.88   		   		
8957   			10.05   		   		
8963   			10.00   		   		
8968   			10.19   		   		
8974   			9.56   		   		
8980   			9.56   		   		
8986   			9.50   		   		
8991   			9.79   		   		
8997   			9.67   		   		
9003   			9.85   		   		
9008   			10.30   		   		
9014   			10.02   		   		
9020   			10.19   		   		
9026   			10.08   		   		
9031   			10.02   		   		
9037   			10.13   		   		
9043   			9.79   		   		
9049   			9.50   		   		
9054   			11.11   		   		
9060   			9.90   		   		
9066   			10.19   		   		
9071   			10.36   		   		
9077   			9.10   		   		
9083   			9.79   		   		
9089   			9.50   		   		
9094   			9.85   		   		
9100   			9.85   		   		
9106   			9.79   		   		
9112   			10.30   		   		
9117   			9.10   		   		
9123   			9.39   		   		
9129   			9.62   		   		
9134   			10.30   		   		
9140   			9.98   		   		
9146   			9.47   		   		
9152   			9.58   		   		
9157   			9.29   		   		
9163   			9.18   		   		
9169   			9.77   		   		
9175   			9.48   		   		
9180   			8.68   		   		
9186   			9.31   		   		
9192   			9.42   		   		
9197   			9.62   		   		
9203   			9.16   		   		
9209   			8.58   		   		
9215   			9.96   		   		
9220   			9.50   		   		
9226   			10.36   		   		
9232   			10.42   		   		
9238   			10.08   		   		
9243   			8.99   		   		
9249   			8.47   		   		
9255   			9.22   		   		
9260   			9.22   		   		
9266   			8.81   		   		
9272   			8.87   		   		
9278   			10.13   		   		
9283   			10.70   		   		
9289   			9.56   		   		
9295   			9.79   		   		
9301   			8.76   		   		
9306   			9.73   		   		
9312   			10.10   		   		
9318   			10.10   		   		
9323   			9.35   		   		
9329   			9.75   		   		
9335   			10.61   		   		
9341   			10.21   		   		
9346   			10.04   		   		
9352   			10.67   		   		
9358   			8.66   		   		
9363   			11.07   		   		
9369   			9.44   		   		
9375   			9.90   		   		
9381   			8.99   		   		
9386   			9.67   		   		
9392   			8.93   		   		
9398   			9.02   		   		
9404   			9.31   		   		
9409   			8.74   		   		
9415   			8.62   		   		
9421   			7.93   		   		
9426   			9.60   		   		
9432   			10.11   		   		
9438   			9.48   		   		
9444   			9.14   		   		
9449   			10.00   		   		
9455   			9.50   		   		
9461   			9.85   		   		
9467   			9.27   		   		
9472   			8.53   		   		
9478   			9.10   		   		
9484   			7.19   		   		
9489   			9.48   		   		
9495   			10.34   		   		
9501   			10.11   		   		
9507   			8.79   		   		
9512   			10.13   		   		
9518   			9.44   		   		
9524   			10.36   		   		
9530   			9.50   		   		
9535   			9.10   		   		
9541   			10.36   		   		
9547   			9.10   		   		
9552   			9.39   		   		
9558   			9.67   		   		
9564   			9.62   		   		
9570   			9.54   		   		
9575   			9.71   		   		
9581   			9.37   		   		
9587   			9.14   		   		
9593   			9.71   		   		
9598   			9.41   		   		
9604   			9.24   		   		
9610   			8.78   		   		
9615   			9.24   		   		
9621   			9.52   		   		
9627   			10.49   		   		
9633   			10.43   		   		
9638   			10.61   		   		
9644   			10.55   		   		
9650   			9.86   		   		
9656   			9.64   		   		
9661   			9.81   		   		
9667   			9.98   		   		
9673   			9.92   		   		
9678   			9.18   		   		
9684   			9.54   		   		
9690   			10.05   		   		
9696   			9.83   		   		
9701   			9.42   		   		
9707   			9.37   		   		
9713   			9.62   		   		
9719   			10.02   		   		
9724   			9.67   		   		
9730   			9.39   		   		
9736   			9.67   		   		
9741   			9.00   		   		
9747   			8.89   		   		
9753   			9.57   		   		
9759   			10.03   		   		
9764   			9.57   		   		
9770   			9.62   		   		
9776   			9.67   		   		
9782   			9.90   		   		
9787   			9.44   		   		
9793   			9.22   		   		
9799   			10.23   		   		
9804   			9.94   		   		
9810   			8.97   		   		
9816   			9.88   		   		
9822   			9.65   		   		
9827   			10.34   		   		
9833   			10.34   		   		
9839   			9.31   		   		
9845   			9.14   		   		
9850   			9.54   		   		
9856   			8.99   		   		
9862   			9.79   		   		
9867   			9.67   		   		
9873   			8.93   		   		
9879   			9.27   		   		
9885   			9.10   		   		
9890   			10.36   		   		
9896   			9.22   		   		
9902   			9.33   		   		
9908   			9.73   		   		
9913   			9.67   		   		
9919   			10.02   		   		
9925   			10.08   		   		
9930   			10.65   		   		
9936   			10.25   		   		
9942   			10.53   		   		
9948   			10.25   		   		
9953   			10.02   		   		
9959   			9.50   		   		
9965   			10.25   		   		
9971   			10.19   		   		
9976   			9.90   		   		
9982   			10.02   		   		
9988   			9.96   		   		
9993   			10.02   		   		
9999   			9.65   		   		
10005   			10.28   		   		
10011   			9.77   		   		
10016   			10.86   		   		
10022   			10.05   		   		
10028   			9.90   		   		
10034   			9.67   		   		
10039   			9.10   		   		
10045   			9.39   		   		
10051   			10.13   		   		
10056   			9.56   		   		
10062   			10.13   		   		
10068   			8.87   		   		
10074   			8.36   		   		
10079   			8.81   		   		
10085   			9.08   		   		
10091   			8.51   		   		
10097   			9.31   		   		
10102   			8.05   		   		
10108   			8.62   		   		
10114   			8.64   		   		
10119   			9.56   		   		
10125   			9.27   		   		
10131   			9.27   		   		
10137   			8.30   		   		
10142   			8.41   		   		
10148   			8.58   		   		
10154   			8.13   		   		
10160   			8.87   		   		
10165   			8.93   		   		
10171   			8.76   		   		
10177   			9.44   		   		
10182   			9.16   		   		
10188   			9.33   		   		
10194   			9.90   		   		
10200   			9.94   		   		
10205   			9.77   		   		
10211   			9.60   		   		
10217   			9.08   		   		
10223   			9.08   		   		
10228   			8.60   		   		
10234   			8.83   		   		
10240   			9.23   		   		
10245   			9.06   		   		
10251   			9.23   		   		
10257   			8.51   		   		
10263   			9.60   		   		
10268   			9.08   		   		
10274   			7.65   		   		
10280   			7.88   		   		
10286   			8.10   		   		
10291   			8.39   		   		
10297   			8.68   		   		
10303   			8.51   		   		
10308   			8.45   		   		
10314   			8.61   		   		
10320   			8.72   		   		
10326   			8.55   		   		
10331   			9.18   		   		
10337   			9.75   		   		
10343   			9.04   		   		
10349   			9.62   		   		
10354   			8.24   		   		
10360   			9.27   		   		
10366   			8.93   		   		
10371   			7.72   		   		
10377   			8.64   		   		
10383   			7.67   		   		
10389   			7.38   		   		
10394   			7.95   		   		
10400   			8.36   		   		
10406   			7.44   		   		
10412   			8.24   		   		
10417   			7.95   		   		
10423   			8.64   		   		
10429   			8.99   		   		
10434   			8.47   		   		
10440   			8.07   		   		
10446   			8.01   		   		
10452   			8.70   		   		
10457   			8.58   		   		
10463   			9.22   		   		
10469   			7.26   		   		
10474   			8.87   		   		
10480   			8.93   		   		
10486   			8.97   		   		
10492   			8.33   		   		
10497   			7.76   		   		
10503   			8.51   		   		
10509   			8.51   		   		
10515   			9.27   		   		
10520   			8.76   		   		
10526   			9.79   		   		
10532   			9.27   		   		
10538   			8.99   		   		
10543   			8.33   		   		
10549   			8.56   		   		
10555   			8.74   		   		
10560   			8.85   		   		
10566   			9.48   		   		
10572   			9.37   		   		
10578   			9.71   		   		
10583   			9.08   		   		
10589   			9.60   		   		
10595   			9.54   		   		
10601   			9.48   		   		
10606   			9.54   		   		
10612   			8.91   		   		
10618   			8.74   		   		
10623   			7.65   		   		
10629   			8.30   		   		
10635   			8.70   		   		
10641   			9.22   		   		
10646   			8.58   		   		
10652   			10.02   		   		
10658   			9.22   		   		
10663   			9.27   		   		
10669   			9.56   		   		
10675   			8.13   		   		
10681   			8.64   		   		
10686   			8.64   		   		
10692   			8.53   		   		
10698   			9.16   		   		
10704   			7.38   		   		
10709   			8.18   		   		
10715   			8.39   		   		
10721   			7.07   		   		
10726   			8.45   		   		
10732   			8.68   		   		
10738   			8.45   		   		
10744   			8.18   		   		
10749   			8.30   		   		
10755   			8.81   		   		
10761   			8.07   		   		
10767   			8.01   		   		
10772   			7.78   		   		
10778   			8.13   		   		
10784   			6.69   		   		
10789   			8.58   		   		
10795   			8.30   		   		
10801   			9.04   		   		
10807   			8.76   		   		
10812   			8.41   		   		
10818   			7.61   		   		
10824   			8.07   		   		
10830   			7.78   		   		
10835   			8.87   		   		
10841   			8.64   		   		
10847   			7.32   		   		
10852   			8.58   		   		
10858   			9.47   		   		
10864   			9.18   		   		
10870   			8.49   		   		
10875   			7.40   		   		
10881   			7.57   		   		
10887   			8.28   		   		
10893   			8.74   		   		
10898   			8.57   		   		
10904   			8.74   		   		
10910   			8.74   		   		
10915   			9.71   		   		
10921   			8.68   		   		
10927   			8.97   		   		
10933   			7.30   		   		
10938   			7.42   		   		
10944   			8.01   		   		
10950   			8.53   		   		
10956   			8.93   		   		
10961   			8.76   		   		
10967   			9.44   		   		
10973   			8.89   		   		
10978   			8.49   		   		
10984   			8.61   		   		
10990   			9.41   		   		
10996   			9.24   		   		
11001   			9.42   		   		
11007   			8.85   		   		
11013   			9.42   		   		
11019   			10.00   		   		
11024   			8.97   		   		
11030   			8.78   		   		
11036   			9.35   		   		
11041   			9.18   		   		
11047   			8.89   		   		
11053   			9.29   		   		
11059   			9.04   		   		
11064   			8.18   		   		
11070   			8.47   		   		
11076   			8.76   		   		
11082   			8.30   		   		
11087   			8.15   		   		
11093   			8.78   		   		
11099   			8.49   		   		
11104   			8.49   		   		
11110   			8.15   		   		
11116   			8.61   		   		
11122   			8.95   		   		
11127   			8.89   		   		
11133   			8.95   		   		
11139   			8.72   		   		
11145   			8.10   		   		
11150   			8.39   		   		
11156   			8.79   		   		
11162   			9.19   		   		
11167   			8.74   		   		
11173   			8.41   		   		
11179   			9.16   		   		
11185   			9.22   		   		
11190   			9.33   		   		
11196   			8.24   		   		
11202   			9.14   		   		
11208   			8.62   		   		
11213   			8.79   		   		
11219   			8.33   		   		
11225   			8.39   		   		
11230   			9.33   		   		
11236   			9.56   		   		
11242   			9.10   		   		
11248   			8.93   		   		
11253   			8.64   		   		
11259   			8.49   		   		
11265   			8.95   		   		
11271   			7.97   		   		
11276   			7.92   		   		
11282   			8.26   		   		
11288   			8.93   		   		
11293   			8.53   		   		
11299   			9.33   		   		
11305   			8.07   		   		
11311   			9.16   		   		
11316   			9.16   		   		
11322   			8.93   		   		
11328   			8.30   		   		
11334   			8.99   		   		
11339   			8.81   		   		
11345   			8.81   		   		
11351   			8.18   		   		
11356   			7.72   		   		
11362   			7.95   		   		
11368   			8.18   		   		
11374   			7.44   		   		
11379   			8.81   		   		
11385   			8.18   		   		
11391   			6.52   		   		
11396   			8.01   		   		
11402   			7.74   		   		
11408   			7.63   		   		
11414   			8.78   		   		
11419   			8.72   		   		
11425   			9.41   		   		
11431   			8.41   		   		
11437   			8.53   		   		
11442   			8.24   		   		
11448   			9.04   		   		
11454   			7.21   		   		
11459   			9.31   		   		
11465   			8.91   		   		
11471   			9.19   		   		
11477   			8.56   		   		
11482   			8.68   		   		
11488   			9.19   		   		
11494   			8.85   		   		
11500   			9.25   		   		
11505   			9.02   		   		
11511   			9.48   		   		
11517   			9.08   		   		
11522   			9.42   		   		
11528   			9.14   		   		
11534   			9.19   		   		
11540   			8.74   		   		
11545   			9.52   		   		
11551   			9.35   		   		
11557   			8.55   		   		
11563   			9.47   		   		
11568   			8.89   		   		
11574   			9.96   		   		
11580   			8.87   		   		
11585   			9.04   		   		
11591   			9.62   		   		
11597   			9.33   		   		
11603   			9.39   		   		
11608   			8.70   		   		
11614   			9.50   		   		
11620   			9.22   		   		
11626   			8.81   		   		
11631   			9.33   		   		
11637   			8.41   		   		
11643   			8.58   		   		
11648   			9.10   		   		
11654   			8.53   		   		
11660   			8.57   		   		
11666   			8.17   		   		
11671   			8.86   		   		
11677   			9.95   		   		
11683   			9.77   		   		
11689   			9.73   		   		
11694   			9.90   		   		
11700   			9.73   		   		
11706   			9.73   		   		
11711   			10.30   		   		
11717   			9.60   		   		
11723   			9.42   		   		
11729   			8.97   		   		
11734   			8.68   		   		
11740   			9.14   		   		
11746   			8.07   		   		
11752   			8.47   		   		
11757   			8.87   		   		
11763   			8.93   		   		
11769   			9.27   		   		
11774   			8.72   		   		
11780   			9.35   		   		
11786   			9.01   		   		
11792   			9.75   		   		
11797   			9.98   		   		
11803   			8.99   		   		
11809   			8.36   		   		
11815   			9.10   		   		
11820   			8.76   		   		
11826   			9.67   		   		
11832   			9.14   		   		
11837   			8.39   		   		
11843   			8.79   		   		
11849   			9.02   		   		
11855   			8.85   		   		
11860   			8.70   		   		
11866   			9.56   		   		
11872   			8.30   		   		
11878   			8.41   		   		
11883   			8.41   		   		
11889   			9.22   		   		
11895   			9.04   		   		
11900   			9.62   		   		
11906   			9.27   		   		
11912   			9.44   		   		
11918   			8.61   		   		
11923   			8.61   		   		
11929   			8.95   		   		
11935   			9.01   		   		
11941   			9.12   		   		
11946   			9.39   		   		
11952   			8.99   		   		
11958   			8.53   		   		
11963   			9.27   		   		
11969   			8.18   		   		
11975   			8.93   		   		
11981   			9.67   		   		
11986   			9.16   		   		
11992   			9.62   		   		
11998   			9.04   		   		
12004   			9.66   		   		
12009   			9.43   		   		
12015   			8.23   		   		
12021   			9.49   		   		
12026   			9.95   		   		
12032   			9.42   		   		
12038   			9.48   		   		
12044   			8.51   		   		
12049   			9.42   		   		
12055   			8.62   		   		
12061   			9.04   		   		
12067   			9.56   		   		
12072   			8.70   		   		
12078   			8.70   		   		
12084   			9.16   		   		
12089   			8.53   		   		
12095   			9.33   		   		
12101   			7.90   		   		
12107   			8.70   		   		
12112   			8.87   		   		
12118   			8.58   		   		
12124   			8.18   		   		
12130   			8.58   		   		
12135   			7.55   		   		
12141   			7.55   		   		
12147   			7.78   		   		
12152   			7.32   		   		
12158   			8.07   		   		
12164   			7.95   		   		
12170   			8.24   		   		
12175   			8.41   		   		
12181   			7.84   		   		
12187   			8.64   		   		
12193   			7.78   		   		
12198   			7.72   		   		
12204   			7.03   		   		
12210   			7.15   		   		
12215   			8.36   		   		
12221   			8.24   		   		
12227   			8.41   		   		
12233   			7.90   		   		
12238   			8.07   		   		
12244   			7.78   		   		
12250   			8.81   		   		
12256   			9.33   		   		
12261   			8.81   		   		
12267   			8.01   		   		
12273   			8.30   		   		
12278   			8.30   		   		
12284   			7.90   		   		
12290   			8.07   		   		
12296   			8.30   		   		
12301   			8.76   		   		
12307   			8.24   		   		
12313   			8.41   		   		
12319   			8.56   		   		
12324   			8.28   		   		
12330   			8.62   		   		
12336   			9.08   		   		
12341   			8.10   		   		
12347   			7.67   		   		
12353   			8.30   		   		
12359   			8.87   		   		
12364   			8.13   		   		
12370   			8.41   		   		
12376   			6.21   		   		
12381   			8.05   		   		
12387   			7.88   		   		
12393   			8.97   		   		
12399   			7.99   		   		
12404   			9.35   		   		
12410   			8.49   		   		
12416   			7.97   		   		
12422   			8.26   		   		
12427   			8.09   		   		
12433   			8.32   		   		
12439   			6.94   		   		
12444   			8.32   		   		
12450   			7.80   		   		
12456   			8.49   		   		
12462   			8.07   		   		
12467   			8.87   		   		
12473   			8.87   		   		
12479   			8.76   		   		
12485   			7.95   		   		
12490   			8.87   		   		
12496   			8.36   		   		
12502   			5.31   		   		
12507   			7.44   		   		
12513   			7.84   		   		
12519   			8.01   		   		
12525   			8.24   		   		
12530   			8.87   		   		
12536   			8.81   		   		
12542   			8.30   		   		
12548   			8.39   		   		
12553   			9.08   		   		
12559   			8.62   		   		
12565   			6.90   		   		
12570   			8.22   		   		
12576   			8.78   		   		
12582   			7.97   		   		
12588   			7.69   		   		
12593   			7.80   		   		
12599   			7.86   		   		
12605   			8.43   		   		
12611   			9.81   		   		
12616   			8.20   		   		
12622   			8.84   		   		
12628   			8.66   		   		
12633   			7.99   		   		
12639   			7.99   		   		
12645   			8.22   		   		
12651   			8.62   		   		
12656   			8.33   		   		
12662   			8.28   		   		
12668   			8.68   		   		
12674   			8.62   		   		
12679   			8.28   		   		
12685   			8.56   		   		
12691   			8.72   		   		
12696   			8.89   		   		
12702   			9.24   		   		
12708   			9.12   		   		
12714   			9.52   		   		
12719   			8.09   		   		
12725   			9.29   		   		
12731   			8.09   		   		
12737   			8.55   		   		
12742   			8.03   		   		
12748   			8.24   		   		
12754   			9.10   		   		
12759   			8.36   		   		
12765   			8.47   		   		
12771   			9.56   		   		
12777   			9.33   		   		
12782   			9.04   		   		
12788   			8.64   		   		
12794   			9.39   		   		
12800   			8.64   		   		
12805   			9.37   		   		
12811   			8.74   		   		
12817   			8.10   		   		
12822   			8.28   		   		
12828   			9.02   		   		
12834   			8.53   		   		
12840   			8.47   		   		
12845   			8.76   		   		
12851   			8.64   		   		
12857   			8.76   		   		
12863   			7.90   		   		
12868   			9.16   		   		
12874   			9.56   		   		
12880   			9.39   		   		
12885   			9.16   		   		
12891   			8.87   		   		
12897   			7.55   		   		
12903   			8.70   		   		
12908   			8.24   		   		
12914   			8.70   		   		
12920   			9.44   		   		
12926   			8.76   		   		
12931   			8.58   		   		
12937   			8.36   		   		
12943   			8.47   		   		
12948   			8.70   		   		
12954   			9.73   		   		
12960   			9.10   		   		
12966   			8.87   		   		
12971   			9.39   		   		
12977   			9.67   		   		
12983   			8.47   		   		
12989   			7.95   		   		
12994   			8.99   		   		
13000   			8.99   		   		
13006   			9.12   		   		
13011   			7.52   		   		
13017   			8.43   		   		
13023   			8.66   		   		
13029   			8.55   		   		
13034   			8.47   		   		
13040   			9.33   		   		
13046   			8.58   		   		
13052   			9.22   		   		
13057   			9.44   		   		
13063   			9.16   		   		
13069   			8.18   		   		
13074   			8.58   		   		
13080   			8.47   		   		
13086   			8.47   		   		
13092   			8.93   		   		
13097   			8.93   		   		
13103   			8.58   		   		
13109   			8.24   		   		
13115   			8.13   		   		
13120   			7.38   		   		
13126   			8.07   		   		
13132   			7.90   		   		
13137   			8.07   		   		
13143   			7.61   		   		
13149   			8.13   		   		
13155   			7.90   		   		
13160   			7.90   		   		
13166   			7.38   		   		
13172   			8.07   		   		
13178   			7.42   		   		
13183   			7.88   		   		
13189   			7.19   		   		
13195   			7.82   		   		
13200   			8.05   		   		
13206   			7.65   		   		
13212   			8.68   		   		
13218   			8.10   		   		
13223   			8.51   		   		
13229   			8.45   		   		
13235   			8.81   		   		
13241   			8.36   		   		
13246   			8.41   		   		
13252   			8.58   		   		
13258   			8.36   		   		
13263   			8.58   		   		
13269   			7.61   		   		
13275   			8.53   		   		
13281   			8.24   		   		
13286   			7.78   		   		
13292   			7.67   		   		
13298   			8.47   		   		
13304   			8.07   		   		
13309   			8.64   		   		
13315   			8.01   		   		
13321   			7.86   		   		
13326   			8.72   		   		
13332   			8.09   		   		
13338   			8.09   		   		
13344   			8.03   		   		
13349   			7.80   		   		
13355   			7.80   		   		
13361   			6.77   		   		
13366   			7.92   		   		
13372   			7.86   		   		
13378   			7.22   		   		
13384   			6.94   		   		
13389   			7.91   		   		
13395   			7.97   		   		
13401   			8.03   		   		
13407   			7.26   		   		
13412   			8.53   		   		
13418   			8.01   		   		
13424   			7.84   		   		
13429   			7.38   		   		
13435   			7.06   		   		
13441   			7.23   		   		
13447   			7.34   		   		
13452   			7.34   		   		
13458   			7.52   		   		
13464   			8.24   		   		
13470   			8.01   		   		
13475   			8.93   		   		
13481   			8.24   		   		
13487   			7.95   		   		
13492   			8.28   		   		
13498   			8.22   		   		
13504   			7.76   		   		
13510   			7.53   		   		
13515   			8.62   		   		
13521   			8.18   		   		
13527   			7.95   		   		
13533   			8.24   		   		
13538   			7.84   		   		
13544   			8.76   		   		
13550   			7.93   		   		
13555   			8.10   		   		
13561   			7.65   		   		
13567   			7.36   		   		
13573   			8.10   		   		
13578   			8.68   		   		
13584   			8.23   		   		
13590   			9.09   		   		
13596   			9.26   		   		
13601   			9.14   		   		
13607   			8.81   		   		
13613   			8.87   		   		
13618   			8.93   		   		
13624   			7.78   		   		
13630   			7.78   		   		
13636   			8.03   		   		
13641   			8.55   		   		
13647   			8.84   		   		
13653   			9.12   		   		
13659   			9.01   		   		
13664   			8.99   		   		
13670   			8.87   		   		
13676   			8.36   		   		
13681   			8.30   		   		
13687   			8.41   		   		
13693   			8.70   		   		
13699   			8.87   		   		
13704   			9.04   		   		
13710   			9.44   		   		
13716   			8.47   		   		
13722   			8.49   		   		
13727   			7.97   		   		
13733   			8.55   		   		
13739   			8.43   		   		
13744   			8.32   		   		
13750   			8.24   		   		
13756   			6.92   		   		
13762   			7.90   		   		
13767   			7.95   		   		
13773   			8.41   		   		
13779   			8.45   		   		
13785   			8.33   		   		
13790   			8.28   		   		
13796   			8.05   		   		
13802   			8.33   		   		
13807   			8.22   		   		
13813   			8.97   		   		
13819   			9.37   		   		
13825   			8.45   		   		
13830   			8.22   		   		
13836   			8.13   		   		
13842   			8.36   		   		
13848   			9.44   		   		
13853   			7.38   		   		
13859   			8.58   		   		
13865   			8.36   		   		
13870   			8.53   		   		
13876   			8.18   		   		
13882   			8.24   		   		
13888   			7.55   		   		
13893   			7.72   		   		
13899   			8.47   		   		
13905   			8.41   		   		
13911   			8.36   		   		
13916   			8.41   		   		
13922   			8.09   		   		
13928   			8.84   		   		
13933   			8.26   		   		
13939   			8.20   		   		
13945   			8.20   		   		
13951   			7.88   		   		
13956   			8.51   		   		
13962   			8.10   		   		
13968   			5.46   		   		
13973   			7.53   		   		
13979   			7.67   		   		
13985   			8.30   		   		
13991   			7.49   		   		
13996   			7.95   		   		
14002   			8.01   		   		
14008   			8.09   		   		
14014   			8.43   		   		
14019   			8.61   		   		
14025   			9.01   		   		
14031   			6.65   		   		
14036   			8.94   		   		
14042   			8.03   		   		
14048   			7.68   		   		
14054   			7.45   		   		
14059   			7.22   		   		
14065   			7.61   		   		
14071   			8.64   		   		
14077   			7.26   		   		
14082   			8.58   		   		
14088   			8.41   		   		
14094   			7.90   		   		
14099   			8.18   		   		
14105   			7.67   		   		
14111   			7.90   		   		
14117   			8.18   		   		
14122   			7.84   		   		
14128   			8.30   		   		
14134   			8.18   		   		
14140   			9.04   		   		
14145   			8.36   		   		
14151   			8.01   		   		
14157   			8.41   		   		
14162   			8.47   		   		
14168   			8.58   		   		
14174   			8.01   		   		
14180   			8.61   		   		
14185   			7.74   		   		
14191   			7.23   		   		
14197   			7.97   		   		
14203   			7.00   		   		
14208   			6.90   		   		
14214   			8.16   		   		
14220   			8.39   		   		
14225   			8.62   		   		
14231   			8.05   		   		
14237   			7.95   		   		
14243   			8.13   		   		
14248   			7.38   		   		
14254   			7.95   		   		
14260   			7.61   		   		
14266   			7.99   		   		
14271   			6.96   		   		
14277   			8.33   		   		
14283   			8.97   		   		
14288   			7.70   		   		
14294   			7.55   		   		
14300   			7.61   		   		
14306   			7.78   		   		
14311   			7.32   		   		
14317   			7.44   		   		
14323   			7.68   		   		
14329   			7.74   		   		
14334   			6.88   		   		
14340   			6.48   		   		
14346   			6.36   		   		
14351   			7.15   		   		
14357   			7.15   		   		
14363   			6.92   		   		
14369   			6.75   		   		
14374   			6.63   		   		
14380   			7.26   		   		
14386   			7.55   		   		
14392   			8.07   		   		
14397   			7.44   		   		
14403   			7.38   		   		
14409   			7.46   		   		
14414   			7.29   		   		
14420   			7.29   		   		
14426   			6.88   		   		
14432   			7.69   		   		
14437   			7.03   		   		
14443   			6.86   		   		
14449   			6.98   		   		
14455   			6.92   		   		
14460   			7.26   		   		
14466   			7.71   		   		
14472   			7.54   		   		
14477   			7.42   		   		
14483   			7.19   		   		
14489   			7.42   		   		
14495   			6.77   		   		
14500   			7.23   		   		
14506   			7.34   		   		
14512   			7.23   		   		
14518   			7.29   		   		
14523   			7.26   		   		
14529   			7.67   		   		
14535   			7.15   		   		
14540   			6.92   		   		
14546   			8.81   		   		
14552   			7.74   		   		
14558   			7.63   		   		
14563   			8.09   		   		
14569   			8.09   		   		
14575   			8.38   		   		
14581   			7.53   		   		
14586   			7.65   		   		
14592   			8.22   		   		
14598   			7.99   		   		
14603   			8.05   		   		
14609   			7.97   		   		
14615   			8.49   		   		
14621   			8.32   		   		
14626   			7.86   		   		
14632   			9.12   		   		
14638   			8.93   		   		
14643   			9.33   		   		
14649   			9.56   		   		
14655   			8.64   		   		
14661   			8.13   		   		
14666   			7.95   		   		
14672   			7.90   		   		
14678   			8.58   		   		
14684   			8.24   		   		
14689   			8.36   		   		
14695   			7.84   		   		
14701   			8.18   		   		
14707   			8.53   		   		
14712   			8.53   		   		
14718   			8.47   		   		
14724   			7.90   		   		
14729   			6.92   		   		
14735   			7.09   		   		
14741   			7.38   		   		
14747   			7.44   		   		
14752   			7.63   		   		
14758   			7.06   		   		
14764   			7.74   		   		
14770   			8.09   		   		
14775   			6.42   		   		
14781   			6.75   		   		
14787   			7.09   		   		
14792   			7.61   		   		
14798   			6.06   		   		
14804   			6.34   		   		
14810   			7.09   		   		
14815   			6.40   		   		
14821   			7.21   		   		
14827   			5.42   		   		
14832   			6.57   		   		
14838   			7.09   		   		
14844   			7.72   		   		
14850   			7.61   		   		
14855   			6.34   		   		
14861   			7.09   		   		
14867   			7.01   		   		
14873   			7.01   		   		
14878   			7.53   		   		
14884   			7.88   		   		
14890   			5.86   		   		
14895   			7.70   		   		
14901   			7.88   		   		
14907   			7.65   		   		
14913   			7.65   		   		
14918   			7.65   		   		
14924   			7.88   		   		
14930   			7.42   		   		
14936   			9.25   		   		
14941   			8.62   		   		
14947   			8.68   		   		
14953   			6.48   		   		
14958   			8.95   		   		
14964   			8.66   		   		
14970   			7.80   		   		
14976   			8.43   		   		
14981   			7.72   		   		
14987   			7.90   		   		
14993   			7.61   		   		
14999   			7.55   		   		
15004   			7.78   		   		
15010   			7.82   		   		
15016   			5.69   		   		
15021   			7.99   		   		
15027   			8.05   		   		
15033   			9.48   		   		
15039   			8.39   		   		
15044   			8.85   		   		
15050   			8.68   		   		
15056   			8.74   		   		
15062   			9.48   		   		
15067   			8.51   		   		
15073   			9.02   		   		
15079   			6.61   		   		
15084   			8.68   		   		
15090   			8.45   		   		
15096   			8.18   		   		
15102   			8.30   		   		
15107   			7.84   		   		
15113   			7.90   		   		
15119   			8.99   		   		
15125   			8.16   		   		
15130   			8.45   		   		
15136   			8.97   		   		
15142   			6.73   		   		
15147   			8.51   		   		
15153   			8.53   		   		
15159   			9.33   		   		
15165   			10.30   		   		
15170   			9.27   		   		
15176   			9.33   		   		
15182   			9.06   		   		
15188   			9.01   		   		
15193   			9.35   		   		
15199   			9.52   		   		
15205   			8.43   		   		
15210   			8.79   		   		
15216   			9.02   		   		
15222   			8.62   		   		
15228   			8.62   		   		
15233   			8.10   		   		
15239   			8.87   		   		
15245   			8.13   		   		
15251   			8.64   		   		
15256   			8.64   		   		
15262   			8.53   		   		
15268   			8.47   		   		
15273   			7.78   		   		
15279   			7.90   		   		
15285   			7.44   		   		
15291   			8.99   		   		
15296   			8.22   		   		
15302   			8.22   		   		
15308   			8.45   		   		
15314   			8.79   		   		
15319   			8.45   		   		
15325   			8.39   		   		
15331   			7.93   		   		
15336   			8.28   		   		
15342   			8.45   		   		
15348   			7.65   		   		
15354   			8.61   		   		
15359   			7.86   		   		
15365   			9.12   		   		
15371   			8.32   		   		
15377   			8.09   		   		
15382   			8.41   		   		
15388   			8.76   		   		
15394   			8.76   		   		
15399   			9.04   		   		
15405   			8.13   		   		
15411   			8.41   		   		
15417   			8.99   		   		
15422   			8.36   		   		
15428   			7.95   		   		
15434   			8.30   		   		
15440   			8.36   		   		
15445   			8.64   		   		
15451   			8.47   		   		
15457   			8.58   		   		
15462   			8.64   		   		
15468   			8.78   		   		
15474   			9.75   		   		
15480   			9.70   		   		
15485   			9.52   		   		
15491   			8.61   		   		
15497   			7.99   		   		
15503   			8.22   		   		
15508   			8.51   		   		
15514   			8.51   		   		
15520   			8.68   		   		
15525   			7.57   		   		
15531   			7.92   		   		
15537   			7.97   		   		
15543   			8.49   		   		
15548   			7.80   		   		
15554   			8.36   		   		
15560   			8.64   		   		
15566   			7.67   		   		
15571   			8.18   		   		
15577   			8.58   		   		
15583   			8.43   		   		
15588   			8.61   		   		
15594   			9.01   		   		
15600   			8.38   		   		
15606   			8.84   		   		
15611   			8.13   		   		
15617   			8.36   		   		
15623   			7.72   		   		
15629   			7.67   		   		
15634   			7.78   		   		
15640   			7.36   		   		
15646   			6.67   		   		
15651   			6.84   		   		
15657   			7.65   		   		
15663   			7.30   		   		
15669   			7.78   		   		
15674   			7.67   		   		
15680   			7.95   		   		
15686   			7.49   		   		
15692   			7.95   		   		
15697   			7.70   		   		
15703   			8.22   		   		
15709   			7.24   		   		
15714   			8.22   		   		
15720   			8.33   		   		
15726   			8.05   		   		
15732   			8.45   		   		
15737   			8.34   		   		
15743   			7.54   		   		
15749   			7.88   		   		
15755   			8.53   		   		
15760   			8.47   		   		
15766   			8.47   		   		
15772   			8.41   		   		
15777   			8.24   		   		
15783   			8.16   		   		
15789   			8.10   		   		
15795   			7.36   		   		
15800   			8.05   		   		
15806   			8.56   		   		
15812   			8.07   		   		
15818   			8.41   		   		
15823   			8.81   		   		
15829   			8.13   		   		
15835   			8.36   		   		
15840   			7.88   		   		
15846   			7.65   		   		
15852   			8.05   		   		
15858   			7.59   		   		
15863   			8.22   		   		
15869   			8.38   		   		
15875   			9.18   		   		
15881   			7.23   		   		
15886   			7.69   		   		
15892   			8.09   		   		
15898   			7.38   		   		
15903   			8.13   		   		
15909   			8.36   		   		
15915   			8.24   		   		
15921   			8.53   		   		
15926   			8.97   		   		
15932   			7.88   		   		
15938   			7.82   		   		
15944   			6.78   		   		
15949   			7.07   		   		
15955   			7.54   		   		
15961   			7.59   		   		
15966   			8.57   		   		
15972   			8.11   		   		
15978   			8.51   		   		
15984   			7.95   		   		
15989   			8.13   		   		
15995   			8.18   		   		
16001   			9.04   		   		
16007   			7.95   		   		
16012   			8.56   		   		
16018   			8.16   		   		
16024   			7.24   		   		
16029   			8.10   		   		
16035   			7.76   		   		
16041   			8.24   		   		
16047   			7.38   		   		
16052   			6.92   		   		
16058   			7.90   		   		
16064   			7.15   		   		
16070   			7.26   		   		
16075   			7.32   		   		
16081   			7.32   		   		
16087   			7.90   		   		
16092   			7.84   		   		
16098   			8.26   		   		
16104   			9.01   		   		
16110   			9.12   		   		
16115   			7.97   		   		
16121   			7.86   		   		
16127   			8.36   		   		
16133   			7.49   		   		
16138   			7.90   		   		
16144   			7.15   		   		
16150   			6.80   		   		
16155   			6.37   		   		
16161   			6.19   		   		
16167   			7.40   		   		
16173   			6.77   		   		
16178   			8.20   		   		
16184   			7.40   		   		
16190   			7.23   		   		
16196   			7.23   		   		
16201   			7.29   		   		
16207   			7.46   		   		
16213   			7.00   		   		
16218   			6.65   		   		
16224   			6.31   		   		
16230   			5.91   		   		
16236   			5.62   		   		
16241   			5.81   		   		
16247   			5.81   		   		
16253   			6.38   		   		
16259   			5.75   		   		
16264   			5.40   		   		
16270   			6.19   		   		
16276   			6.02   		   		
16281   			5.73   		   		
16287   			5.27   		   		
16293   			4.98   		   		
16299   			4.96   		   		
16304   			4.68   		   		
16310   			4.62   		   		
16316   			4.85   		   		
16322   			4.62   		   		
16327   			4.62   		   		
16333   			5.19   		   		
16339   			4.21   		   		
16344   			3.93   		   		
16350   			4.27   		   		
16356   			4.10   		   		
16362   			4.39   		   		
16367   			4.62   		   		
16373   			4.04   		   		
16379   			4.10   		   		
16385   			4.50   		   		
16390   			4.73   		   		
16396   			4.68   		   		
16402   			4.68   		   		
16407   			4.16   		   		
16413   			3.96   		   		
16419   			3.85   		   		
16425   			3.85   		   		
16430   			4.65   		   		
16436   			4.71   		   		
16442   			3.75   		   		
16447   			3.58   		   		
16453   			3.35   		   		
16459   			3.93   		   		
16465   			3.81   		   		
16470   			2.81   		   		
16476   			2.69   		   		
16482   			3.04   		   		
16488   			2.35   		   		
16493   			2.98   		   		
16499   			2.45   		   		
16505   			0.60   		   		
16510   			1.87   		   		
16516   			1.46   		   		
16522   			1.46   		   		
16528   			2.39   		   		
16533   			1.87   		   		
16539   			1.52   		   		
16545   			2.33   		   		
16551   			1.98   		   		
16556   			2.14   		   		
16562   			2.66   		   		
16568   			0.75   		   		
16573   			1.96   		   		
16579   			1.96   		   		
16585   			1.48   		   		
16591   			1.54   		   		
16596   			1.60   		   		
16602   			1.65   		   		
16608   			1.71   		   		
16614   			1.34   		   		
16619   			0.71   		   		
16625   			0.88   		   		
16631   			1.00   		   		
16636   			1.57   		   		
16642   			1.27   		   		
16648   			0.86   		   		
16654   			1.04   		   		
16659   			0.52   		   		
16665   			0.52   		   		
16671   			1.39   		   		
16677   			1.62   		   		
16682   			1.96   		   		
16688   			1.15   		   		
16694   			1.50   		   		
16699   			1.73   		   		
16705   			1.10   		   		
16711   			1.56   		   		
16717   			1.39   		   		
16722   			1.56   		   		
16728   			1.44   		   		
16734   			1.21   		   		
16740   			0.63   		   		
16745   			1.56   		   		
16751   			1.04   		   		
16757   			0.69   		   		
16762   			1.10   		   		
16768   			1.10   		   		
16774   			1.21   		   		
16780   			0.63   		   		
16785   			0.86   		   		
16791   			0.58   		   		
16797   			0.58   		   		
16803   			0.34   		   		
16808   			0.58   		   		
16814   			0.67   		   		
16820   			0.90   		   		
16825   			0.44   		   		
16831   			1.13   		   		
16837   			1.13   		   		
16843   			0.25   		   		
16848   			0.31   		   		
16854   			0.42   		   		
16860   			0.25   		   		
16866   			1.23   		   		
16871   			-0.18   		   		
16877   			0.00   		   		
16883   			0.63   		   		
16888   			0.46   		   		
16894   			1.15   		   		
16900   			0.75   		   		
16906   			0.29   		   		
16911   			0.00   		   		
16917   			0.23   		   		
16923   			0.17   		   		
16929   			-0.47   		   		
16934   			0.00   		   		
16940   			0.11   		   		
16946   			-0.58   		   		
16951   			-0.41   		   		
16957   			-0.35   		   		
16963   			0.29   		   		
16969   			-0.29   		   		
16974   			0.23   		   		
16980   			0.34   		   		
16986   			-0.18   		   		
16992   			-0.29   		   		
16997   			0.05   		   		
17003   			0.05   		   		
17009   			0.00   		   		
17014   			-0.24   		   		
17020   			0.86   		   		
17026   			0.00   		   		
17032   			0.46   		   		
17037   			0.00   		   		
17043   			1.00   		   		
17049   			-0.16   		   		
17055   			0.08   		   		
17060   			-0.56   		   		
17066   			-0.85   		   		
17072   			-1.68   		   		
17077   			-0.93   		   		
17083   			-1.28   		   		
17089   			-0.87   		   		
17095   			-0.64   		   		
17100   			-0.87   		   		
17106   			-0.29   		   		
17112   			-1.45   		   		
17118   			-0.76   		   		
17123   			-1.45   		   		
17129   			-0.81   		   		
17135   			-1.39   		   		
17140   			-1.39   		   		
17146   			-1.05   		   		
17152   			-0.18   		   		
17158   			-0.10   		   		
17163   			0.08   		   		
17169   			-0.56   		   		
17175   			-0.10   		   		
17181   			-0.27   		   		
17186   			-0.21   		   		
17192   			-0.45   		   		
17198   			-0.04   		   		
17203   			-0.68   		   		
17209   			-0.74   		   		
17215   			-0.78   		   		
17221   			-0.72   		   		
17226   			-0.55   		   		
17232   			-0.31   		   		
17238   			-2.17   		   		
17243   			0.05   		   		
17249   			-1.05   		   		
17255   			-0.47   		   		
17261   			-0.64   		   		
17266   			-1.05   		   		
17272   			-0.35   		   		
17278   			-0.35   		   		
17284   			-0.58   		   		
17289   			0.29   		   		
17295   			-0.47   		   		
17301   			-2.56   		   		
17306   			-0.87   		   		
17312   			-0.93   		   		
17318   			-0.70   		   		
17324   			-0.87   		   		
17329   			-0.31   		   		
17335   			-0.55   		   		
17341   			-1.42   		   		
17347   			-1.42   		   		
17352   			-1.53   		   		
17358   			-1.32   		   		
17364   			-1.78   		   		
17369   			-1.20   		   		
17375   			-2.01   		   		
17381   			-1.84   		   		
17387   			-1.22   		   		
17392   			-1.39   		   		
17398   			-2.32   		   		
17404   			-2.96   		   		
17410   			-1.57   		   		
17415   			-1.45   		   		
17421   			-2.03   		   		
17427   			-1.74   		   		
17432   			-1.80   		   		
17438   			-0.76   		   		
17444   			-0.27   		   		
17450   			-1.72   		   		
17455   			-1.20   		   		
17461   			-1.03   		   		
17467   			-1.20   		   		
17473   			-1.22   		   		
17478   			-0.53   		   		
17484   			-1.45   		   		
17490   			-1.05   		   		
17495   			-1.28   		   		
17501   			-1.39   		   		
17507   			-1.92   		   		
17513   			-1.63   		   		
17518   			-1.86   		   		
17524   			-1.97   		   		
17530   			-1.28   		   		
17536   			-2.09   		   		
17541   			-1.22   		   		
17547   			-1.68   		   		
17553   			-1.28   		   		
17558   			-1.03   		   		
17564   			-0.85   		   		
17570   			-1.14   		   		
17576   			-0.91   		   		
17581   			-1.61   		   		
17587   			-1.24   		   		
17593   			-0.20   		   		
17599   			-1.01   		   		
17604   			-0.89   		   		
17610   			-1.13   		   		
17616   			-0.74   		   		
17621   			-0.45   		   		
17627   			-0.91   		   		
17633   			-0.68   		   		
17639   			-1.49   		   		
17644   			-1.74   		   		
17650   			-2.21   		   		
17656   			-1.45   		   		
17662   			-2.32   		   		
17667   			-1.86   		   		
17673   			-2.48   		   		
17679   			-1.84   		   		
17684   			-1.66   		   		
17690   			-1.32   		   		
17696   			-1.66   		   		
17702   			-1.80   		   		
17707   			-1.28   		   		
17713   			-1.57   		   		
17719   			-1.63   		   		
17725   			-2.15   		   		
17730   			-1.53   		   		
17736   			-1.94   		   		
17742   			-2.00   		   		
17747   			-1.47   		   		
17753   			-0.78   		   		
17759   			-0.64   		   		
17765   			-1.63   		   		
17770   			-1.22   		   		
17776   			-0.18   		   		
17782   			-1.97   		   		
17788   			-1.57   		   		
17793   			-2.44   		   		
17799   			-1.16   		   		
17805   			-1.63   		   		
17810   			-1.86   		   		
17816   			-0.81   		   		
17822   			-1.39   		   		
17828   			-0.81   		   		
17833   			-1.34   		   		
17839   			-1.16   		   		
17845   			-0.66   		   		
17851   			-1.24   		   		
17856   			-1.01   		   		
17862   			-1.36   		   		
17868   			-0.37   		   		
17873   			-1.22   		   		
17879   			-0.76   		   		
17885   			0.00   		   		
17891   			-0.35   		   		
17896   			-0.64   		   		
17902   			-1.22   		   		
17908   			0.17   		   		
17914   			-0.93   		   		
17919   			0.40   		   		
17925   			-0.58   		   		
17931   			-0.53   		   		
17936   			-0.58   		   		
17942   			-0.58   		   		
17948   			-0.64   		   		
17954   			-0.76   		   		
17959   			-0.72   		   		
17965   			-0.55   		   		
17971   			-1.42   		   		
17977   			-1.24   		   		
17982   			-1.47   		   		
17988   			-1.74   		   		
17994   			-1.28   		   		
17999   			-1.34   		   		
18005   			-2.27   		   		
18011   			-1.86   		   		
18017   			-1.59   		   		
18022   			-1.13   		   		
18028   			-0.31   		   		
18034   			-0.02   		   		
18039   			-0.20   		   		
18045   			-1.78   		   		
18051   			-0.68   		   		
18057   			-1.09   		   		
18062   			-1.38   		   		
18068   			-0.86   		   		
18074   			-0.68   		   		
18080   			-1.37   		   		
18085   			-0.91   		   		
18091   			-0.62   		   		
18097   			-2.13   		   		
18102   			-0.84   		   		
18108   			-1.30   		   		
18114   			-1.07   		   		
18120   			-0.95   		   		
18125   			-1.59   		   		
18131   			-0.99   		   		
18137   			-1.05   		   		
18143   			-0.58   		   		
18148   			-0.81   		   		
18154   			-0.99   		   		
18160   			-2.46   		   		
18165   			-1.36   		   		
18171   			-0.84   		   		
18177   			-0.55   		   		
18183   			-0.37   		   		
18188   			-0.79   		   		
18194   			0.08   		   		
18200   			-0.45   		   		
18206   			-1.03   		   		
18211   			-0.97   		   		
18217   			-0.99   		   		
18223   			-1.63   		   		
18228   			-1.63   		   		
18234   			-0.12   		   		
18240   			-1.51   		   		
18246   			-1.61   		   		
18251   			-1.90   		   		
18257   			-1.55   		   		
18263   			-1.32   		   		
18269   			-0.62   		   		
18274   			-0.31   		   		
18280   			-0.60   		   		
18286   			-0.60   		   		
18291   			-0.20   		   		
18297   			-0.49   		   		
18303   			-0.56   		   		
18309   			-0.79   		   		
18314   			-0.97   		   		
18320   			-1.26   		   		
18326   			0.31   		   		
18332   			-0.06   		   		
18337   			-0.99   		   		
18343   			-0.93   		   		
18349   			-1.10   		   		
18354   			-1.10   		   		
18360   			-1.28   		   		
18366   			-1.34   		   		
18372   			-0.81   		   		
18377   			-0.18   		   		
18383   			-0.87   		   		
18389   			-0.68   		   		
18395   			-0.21   		   		
18400   			-0.21   		   		
18406   			-0.45   		   		
18412   			-0.79   		   		
18417   			-0.89   		   		
18423   			-0.60   		   		
18429   			-0.89   		   		
18435   			-0.78   		   		
18440   			-1.47   		   		
18446   			-0.99   		   		
18452   			-1.16   		   		
18458   			-1.34   		   		
18463   			-1.45   		   		
18469   			-0.53   		   		
18475   			-1.76   		   		
18480   			-1.76   		   		
18486   			-0.49   		   		
18492   			-0.84   		   		
18498   			-1.13   		   		
18503   			-0.99   		   		
18509   			-1.45   		   		
18515   			-0.47   		   		
18521   			-0.41   		   		
18526   			0.05   		   		
18532   			-0.79   		   		
18538   			-0.27   		   		
18543   			-0.85   		   		
18549   			-0.79   		   		
18555   			-0.62   		   		
18561   			-0.06   		   		
18566   			-0.53   		   		
18572   			-0.29   		   		
18578   			-0.47   		   		
18584   			-1.10   		   		
18589   			-0.41   		   		
18595   			-0.18   		   		
18601   			-1.57   		   		
18606   			-0.87   		   		
18612   			-1.45   		   		
18618   			-0.76   		   		
18624   			-0.64   		   		
18629   			-0.81   		   		
18635   			-1.16   		   		
18641   			-2.32   		   		
18646   			-0.08   		   		
18652   			-0.31   		   		
18658   			-0.95   		   		
18664   			-2.00   		   		
18669   			-1.42   		   		
18675   			-1.07   		   		
18681   			-1.53   		   		
18687   			-1.24   		   		
18692   			-0.95   		   		
18698   			-1.07   		   		
18704   			-2.83   		   		
18709   			-1.43   		   		
18715   			-1.03   		   		
18721   			-1.20   		   		
18727   			-0.50   		   		
18732   			-1.18   		   		
18738   			-1.76   		   		
18744   			-2.05   		   		
18750   			-1.76   		   		
18755   			-1.30   		   		
18761   			-1.61   		   		
18767   			-2.94   		   		
18772   			-1.14   		   		
18778   			-1.14   		   		
18784   			-0.91   		   		
18790   			-1.30   		   		
18795   			-1.59   		   		
18801   			-1.82   		   		
18807   			-0.43   		   		
18813   			-0.49   		   		
18818   			-0.99   		   		
18824   			-1.68   		   		
18830   			-0.99   		   		
18835   			-0.81   		   		
18841   			-1.10   		   		
18847   			-0.93   		   		
18853   			-0.06   		   		
18858   			-1.34   		   		
18864   			-0.87   		   		
18870   			-1.63   		   		
18876   			-1.42   		   		
18881   			-1.65   		   		
18887   			-1.24   		   		
18893   			-1.71   		   		
18898   			-1.76   		   		
18904   			-1.92   		   		
18910   			-1.22   		   		
18916   			-1.57   		   		
18921   			-2.09   		   		
18927   			-1.22   		   		
18933   			-1.59   		   		
18939   			-1.30   		   		
18944   			-1.65   		   		
18950   			-2.17   		   		
18956   			-1.76   		   		
18961   			-1.86   		   		
18967   			-1.68   		   		
18973   			-1.39   		   		
18979   			-1.80   		   		
18984   			-2.21   		   		
18990   			-2.57   		   		
18996   			-1.82   		   		
19002   			-1.70   		   		
19007   			-1.87   		   		
19013   			-2.05   		   		
19019   			-2.34   		   		
19024   			-1.42   		   		
19030   			-1.88   		   		
19036   			-1.24   		   		
19042   			-1.24   		   		
19047   			-1.74   		   		
19053   			-1.22   		   		
19059   			-1.45   		   		
19065   			-1.28   		   		
19070   			-1.45   		   		
19076   			-0.72   		   		
19082   			-1.18   		   		
19087   			-2.46   		   		
19093   			-2.52   		   		
19099   			-2.63   		   		
19105   			-2.73   		   		
19110   			-2.44   		   		
19116   			-1.97   		   		
19122   			-1.80   		   		
19128   			-1.34   		   		
19133   			-0.93   		   		
19139   			-1.74   		   		
19145   			-1.10   		   		
19150   			-1.80   		   		
19156   			-2.15   		   		
19162   			-1.63   		   		
19168   			-1.57   		   		
19173   			-1.57   		   		
19179   			-2.03   		   		
19185   			-1.51   		   		
19191   			-1.16   		   		
19196   			-1.51   		   		
19202   			-1.51   		   		
19208   			-1.63   		   		
19213   			-2.03   		   		
19219   			-1.55   		   		
19225   			-1.49   		   		
19231   			-1.03   		   		
19236   			-1.66   		   		
19242   			-1.78   		   		
19248   			-2.81   		   		
19254   			-2.81   		   		
19259   			-2.75   		   		
19265   			-2.63   		   		
19271   			-1.53   		   		
19276   			-2.30   		   		
19282   			-2.19   		   		
19288   			-1.49   		   		
19294   			-1.55   		   		
19299   			-1.72   		   		
19305   			-1.34   		   		
19311   			-1.45   		   		
19317   			-2.32   		   		
19322   			-2.21   		   		
19328   			-2.32   		   		
19334   			-1.80   		   		
19339   			-1.92   		   		
19345   			-1.22   		   		
19351   			-1.45   		   		
19357   			-1.05   		   		
19362   			-1.34   		   		
19368   			-2.09   		   		
19374   			-1.05   		   		
19380   			-1.39   		   		
19385   			-1.22   		   		
19391   			-1.45   		   		
19397   			-0.87   		   		
19402   			-1.57   		   		
19408   			-1.39   		   		
19414   			-1.68   		   		
19420   			-1.57   		   		
19425   			-2.15   		   		
19431   			-1.63   		   		
19437   			-2.85   		   		
19442   			-1.05   		   		
19448   			-1.30   		   		
19454   			-1.18   		   		
19460   			-1.36   		   		
19465   			-1.01   		   		
19471   			-1.71   		   		
19477   			-1.30   		   		
19483   			-2.00   		   		
19488   			-2.00   		   		
19494   			-1.76   		   		
19500   			-2.34   		   		
19505   			-1.74   		   		
19511   			-1.16   		   		
19517   			-1.57   		   		
19523   			-0.93   		   		
19528   			-0.29   		   		
19534   			-1.18   		   		
19540   			-1.88   		   		
19546   			-1.30   		   		
19551   			-2.11   		   		
19557   			-0.49   		   		
19563   			-2.21   		   		
19568   			-0.76   		   		
19574   			-0.18   		   		
19580   			-0.76   		   		
19586   			-0.47   		   		
19591   			-1.51   		   		
19597   			-1.28   		   		
19603   			-1.22   		   		
19609   			-1.28   		   		
19614   			-1.05   		   		
19620   			-0.76   		   		
19626   			-0.18   		   		
19631   			-0.93   		   		
19637   			-1.05   		   		
19643   			-1.22   		   		
19649   			-1.20   		   		
19654   			-1.26   		   		
19660   			-1.55   		   		
19666   			-1.61   		   		
19672   			-2.02   		   		
19677   			-0.93   		   		
19683   			-0.87   		   		
19689   			-1.28   		   		
19694   			-2.03   		   		
19700   			-1.92   		   		
19706   			-0.89   		   		
19712   			-1.82   		   		
19717   			-1.53   		   		
19723   			-1.36   		   		
19729   			-1.65   		   		
19735   			-0.84   		   		
19740   			-1.88   		   		
19746   			-1.76   		   		
19752   			-2.40   		   		
19757   			-1.88   		   		
19763   			-1.86   		   		
19769   			-1.45   		   		
19775   			-1.16   		   		
19780   			-1.92   		   		
19786   			-0.35   		   		
19792   			-1.32   		   		
19798   			-1.20   		   		
19803   			-0.86   		   		
19809   			-1.49   		   		
19815   			-0.97   		   		
19820   			-0.39   		   		
19826   			-0.62   		   		
19832   			-0.27   		   		
19838   			0.13   		   		
19843   			-0.50   		   		
19849   			-0.66   		   		
19855   			-1.24   		   		
19861   			-0.60   		   		
19866   			-0.95   		   		
19872   			-0.89   		   		
19878   			-0.10   		   		
19883   			-0.91   		   		
19889   			-0.56   		   		
19895   			-0.50   		   		
19901   			-1.08   		   		
19906   			-1.10   		   		
19912   			-0.53   		   		
19918   			-0.12   		   		
19924   			-0.06   		   		
19929   			-1.57   		   		
19935   			-1.53   		   		
19941   			-0.66   		   		
19946   			-0.89   		   		
19952   			-0.37   		   		
19958   			-1.13   		   		
19964   			-1.97   		   		
19969   			-1.68   		   		
19975   			-2.27   		   		
19981   			-2.21   		   		
19987   			-1.92   		   		
19992   			-2.17   		   		
19998   			-2.23   		   		
20004   			-2.75   		   		
20009   			-1.82   		   		
20015   			-2.23   		   		
20021   			-1.97   		   		
20027   			-1.51   		   		
20032   			-1.57   		   		
20038   			-1.86   		   		
20044   			-1.45   		   		
20050   			-1.61   		   		
20055   			-1.90   		   		
20061   			-1.32   		   		
20067   			-2.01   		   		
20072   			-1.14   		   		
20078   			-1.13   		   		
20084   			-2.11   		   		
20090   			-1.36   		   		
20095   			-1.30   		   		
20101   			-0.31   		   		
20107   			-0.70   		   		
20113   			-0.58   		   		
20118   			-0.99   		   		
20124   			-1.45   		   		
20130   			-2.15   		   		
20135   			-1.68   		   		
20141   			-1.28   		   		
20147   			-1.28   		   		
20153   			-1.92   		   		
20158   			-2.03   		   		
20164   			-1.74   		   		
20170   			-2.09   		   		
20176   			-2.61   		   		
20181   			-1.34   		   		
20187   			-1.34   		   		
20193   			-1.74   		   		
20198   			-1.10   		   		
20204   			-0.99   		   		
20210   			-1.63   		   		
20216   			-1.97   		   		
20221   			-1.29   		   		
20227   			-1.29   		   		
20233   			-3.85   		   		
20238   			-2.40   		   		
20244   			-2.63   		   		
20250   			-1.57   		   		
20256   			-1.74   		   		
20261   			-1.39   		   		
20267   			-1.39   		   		
20273   			-1.63   		   		
20279   			-1.47   		   		
20284   			-1.13   		   		
20290   			-1.01   		   		
20296   			-2.81   		   		
20301   			-1.76   		   		
20307   			-1.68   		   		
20313   			-0.99   		   		
20319   			-0.47   		   		
20324   			-0.81   		   		
20330   			-0.87   		   		
20336   			-1.57   		   		
20342   			-1.22   		   		
20347   			-1.57   		   		
20353   			-0.35   		   		
20359   			-1.45   		   		
20364   			-1.63   		   		
20370   			-1.97   		   		
20376   			-1.16   		   		
20382   			-2.09   		   		
20387   			-1.92   		   		
20393   			-1.22   		   		
20399   			-2.15   		   		
20405   			-1.28   		   		
20410   			-1.39   		   		
20416   			-1.68   		   		
20422   			-0.35   		   		
20427   			-1.63   		   		
20433   			-2.21   		   		
20439   			-1.45   		   		
20445   			-2.61   		   		
20450   			-1.13   		   		
20456   			-1.13   		   		
20462   			-1.18   		   		
20468   			-1.65   		   		
20473   			-1.47   		   		
20479   			-1.39   		   		
20485   			-0.76   		   		
20490   			-1.63   		   		
20496   			-1.16   		   		
20502   			-2.15   		   		
20508   			-1.45   		   		
20513   			-1.63   		   		
20519   			-1.51   		   		
20525   			-2.32   		   		
20531   			-1.39   		   		
20536   			-2.38   		   		
20542   			-1.28   		   		
20548   			-1.28   		   		
20553   			-1.16   		   		
20559   			-1.57   		   		
20565   			-0.93   		   		
20571   			-1.74   		   		
20576   			-1.80   		   		
20582   			-1.63   		   		
20588   			-1.51   		   		
20594   			-0.63   		   		
20599   			-0.91   		   		
20605   			-1.55   		   		
20611   			-1.44   		   		
20616   			-1.78   		   		
20622   			-2.23   		   		
20628   			-1.30   		   		
20634   			-1.76   		   		
20639   			-2.00   		   		
20645   			-1.53   		   		
20651   			-1.57   		   		
20657   			-0.87   		   		
20662   			-0.70   		   		
20668   			-0.93   		   		
20674   			-1.45   		   		
20679   			-0.99   		   		
20685   			-1.05   		   		
20691   			-1.28   		   		
20697   			-1.57   		   		
20702   			-1.57   		   		
20708   			-1.68   		   		
20714   			-1.68   		   		
20720   			-0.76   		   		
20725   			-1.10   		   		
20731   			-1.16   		   		
20737   			-0.39   		   		
20742   			-0.56   		   		
20748   			-1.84   		   		
20754   			-1.43   		   		
20760   			-1.20   		   		
20765   			-0.70   		   		
20771   			-0.64   		   		
20777   			-0.81   		   		
20783   			-1.16   		   		
20788   			-0.64   		   		
20794   			-1.34   		   		
20800   			-1.68   		   		
20805   			-2.21   		   		
20811   			-1.92   		   		
20817   			-0.70   		   		
20823   			-0.68   		   		
20828   			-0.10   		   		
20834   			-0.27   		   		
20840   			-0.10   		   		
20846   			-0.45   		   		
20851   			-0.53   		   		
20857   			-0.81   		   		
20863   			0.00   		   		
20868   			-0.58   		   		
20874   			-0.06   		   		
20880   			-0.43   		   		
20886   			-0.08   		   		
20891   			-1.47   		   		
20897   			-0.26   		   		
20903   			-2.69   		   		
20908   			-0.68   		   		
20914   			-1.26   		   		
20920   			-0.91   		   		
20926   			-1.55   		   		
20931   			-0.85   		   		
20937   			-2.02   		   		
20943   			-1.38   		   		
20949   			-0.97   		   		
20954   			-0.22   		   		
20960   			0.07   		   		
20966   			-1.05   		   		
20971   			-0.24   		   		
20977   			-0.81   		   		
20983   			-0.76   		   		
20989   			-0.87   		   		
20994   			-1.13   		   		
21000   			-0.89   		   		
21006   			-0.89   		   		
21012   			-0.26   		   		
21017   			0.03   		   		
21023   			-0.47   		   		
21029   			-0.81   		   		
21034   			-0.24   		   		
21040   			-0.64   		   		
21046   			-0.06   		   		
21052   			0.34   		   		
21057   			-0.81   		   		
21063   			-0.12   		   		
21069   			-0.47   		   		
21075   			-0.53   		   		
21080   			-1.66   		   		
21086   			-0.45   		   		
21092   			-0.33   		   		
21097   			-0.68   		   		
21103   			-0.85   		   		
21109   			-0.35   		   		
21115   			0.05   		   		
21120   			0.52   		   		
21126   			-0.06   		   		
21132   			-0.87   		   		
21138   			-1.03   		   		
21143   			0.54   		   		
21149   			-0.56   		   		
21155   			-0.97   		   		
21160   			-0.21   		   		
21166   			-0.81   		   		
21172   			-1.63   		   		
21178   			-0.70   		   		
21183   			-1.16   		   		
21189   			-0.87   		   		
21195   			-0.79   		   		
21201   			0.02   		   		
21206   			-1.14   		   		
21212   			-1.32   		   		
21218   			-0.97   		   		
21223   			-0.45   		   		
21229   			-0.68   		   		
21235   			-0.34   		   		
21241   			-0.45   		   		
