Timestamp		Force Z		Comments
0   			-0.39   		   		
6   			-0.05   		   		
12   			0.76   		   		
18   			-0.28   		   		
23   			-0.57   		   		
29   			-0.63   		   		
35   			0.65   		   		
41   			0.30   		   		
46   			-0.57   		   		
52   			-0.80   		   		
58   			-1.49   		   		
63   			-0.21   		   		
69   			-0.27   		   		
75   			0.36   		   		
81   			-0.45   		   		
86   			-0.39   		   		
92   			0.55   		   		
98   			0.84   		   		
104   			0.67   		   		
109   			0.44   		   		
115   			0.15   		   		
121   			0.89   		   		
126   			0.71   		   		
132   			0.60   		   		
138   			0.31   		   		
144   			0.25   		   		
149   			0.36   		   		
155   			-0.39   		   		
161   			-0.85   		   		
167   			0.48   		   		
172   			0.19   		   		
178   			-0.41   		   		
184   			0.69   		   		
189   			-0.29   		   		
195   			0.46   		   		
201   			0.17   		   		
207   			0.05   		   		
212   			-0.53   		   		
218   			-0.53   		   		
224   			-0.18   		   		
230   			0.00   		   		
235   			0.50   		   		
241   			0.50   		   		
247   			-0.20   		   		
252   			-0.43   		   		
258   			-0.37   		   		
264   			-0.31   		   		
270   			-0.49   		   		
275   			-0.66   		   		
281   			-1.18   		   		
287   			-0.31   		   		
293   			-0.08   		   		
298   			-0.31   		   		
304   			0.03   		   		
310   			-0.08   		   		
315   			-0.26   		   		
321   			-0.26   		   		
327   			0.09   		   		
333   			-0.20   		   		
338   			-0.37   		   		
344   			-0.78   		   		
350   			-0.86   		   		
356   			-0.34   		   		
361   			-0.16   		   		
367   			-0.39   		   		
373   			-0.45   		   		
378   			-0.02   		   		
384   			1.13   		   		
390   			0.15   		   		
396   			0.44   		   		
401   			0.32   		   		
407   			0.55   		   		
413   			0.21   		   		
419   			-0.02   		   		
424   			-0.20   		   		
430   			-0.20   		   		
436   			-0.37   		   		
441   			-0.49   		   		
447   			0.09   		   		
453   			-0.37   		   		
459   			-0.14   		   		
464   			0.00   		   		
470   			0.98   		   		
476   			-1.10   		   		
481   			1.67   		   		
487   			0.69   		   		
493   			0.30   		   		
499   			0.19   		   		
504   			0.82   		   		
510   			-0.57   		   		
516   			0.36   		   		
522   			1.19   		   		
527   			0.79   		   		
533   			-0.95   		   		
539   			-1.18   		   		
544   			-0.14   		   		
550   			-0.31   		   		
556   			-0.84   		   		
562   			0.50   		   		
567   			-0.31   		   		
573   			-0.31   		   		
579   			-0.08   		   		
585   			-1.30   		   		
590   			-1.30   		   		
596   			-0.84   		   		
602   			-1.30   		   		
607   			-0.84   		   		
613   			-0.66   		   		
619   			-0.78   		   		
625   			-0.43   		   		
630   			0.32   		   		
636   			-0.58   		   		
642   			-0.93   		   		
648   			-0.76   		   		
653   			-1.39   		   		
659   			-2.44   		   		
665   			-1.16   		   		
670   			-1.05   		   		
676   			-1.63   		   		
682   			-0.93   		   		
688   			-0.35   		   		
693   			-1.24   		   		
699   			-0.89   		   		
705   			-1.94   		   		
711   			-2.29   		   		
716   			-1.36   		   		
722   			-0.66   		   		
728   			-0.89   		   		
733   			-1.24   		   		
739   			-0.31   		   		
745   			-1.01   		   		
751   			-0.95   		   		
756   			-0.78   		   		
762   			-0.95   		   		
768   			-0.84   		   		
774   			-1.59   		   		
779   			-1.42   		   		
785   			-1.07   		   		
791   			-1.01   		   		
796   			-0.78   		   		
802   			-0.55   		   		
808   			-1.18   		   		
814   			-0.89   		   		
819   			-0.95   		   		
825   			-0.60   		   		
831   			-2.81   		   		
836   			-0.70   		   		
842   			-0.81   		   		
848   			-0.35   		   		
854   			-0.81   		   		
859   			-1.39   		   		
865   			-0.39   		   		
871   			-0.97   		   		
877   			-0.97   		   		
882   			-1.32   		   		
888   			-1.61   		   		
894   			-2.66   		   		
899   			-0.10   		   		
905   			-1.09   		   		
911   			-0.39   		   		
917   			-0.16   		   		
922   			-0.29   		   		
928   			-0.41   		   		
934   			0.05   		   		
940   			-0.53   		   		
945   			-0.53   		   		
951   			0.15   		   		
957   			-0.66   		   		
962   			-0.60   		   		
968   			0.21   		   		
974   			-0.72   		   		
980   			-1.55   		   		
985   			-1.15   		   		
991   			-0.97   		   		
997   			-1.09   		   		
1003   			-1.03   		   		
1008   			-0.81   		   		
1014   			-0.87   		   		
1020   			-0.24   		   		
1025   			-0.87   		   		
1031   			-0.35   		   		
1037   			-0.41   		   		
1043   			-0.87   		   		
1048   			-0.99   		   		
1054   			-0.58   		   		
1060   			-1.39   		   		
1066   			-0.72   		   		
1071   			-0.84   		   		
1077   			-0.55   		   		
1083   			-1.13   		   		
1088   			-0.95   		   		
1094   			-0.95   		   		
1100   			-0.89   		   		
1106   			-1.07   		   		
1111   			-0.72   		   		
1117   			-0.60   		   		
1123   			-1.42   		   		
1129   			-0.89   		   		
1134   			-1.18   		   		
1140   			-0.66   		   		
1146   			-0.78   		   		
1151   			-0.58   		   		
1157   			-0.81   		   		
1163   			-0.93   		   		
1169   			-0.76   		   		
1174   			-0.53   		   		
1180   			-0.70   		   		
1186   			-0.93   		   		
1192   			-0.64   		   		
1197   			-0.93   		   		
1203   			-0.41   		   		
1209   			-1.36   		   		
1214   			-0.66   		   		
1220   			-0.49   		   		
1226   			-1.24   		   		
1232   			-0.84   		   		
1237   			-0.47   		   		
1243   			-1.92   		   		
1249   			-1.80   		   		
1255   			-0.99   		   		
1260   			0.11   		   		
1266   			-0.70   		   		
1272   			-0.35   		   		
1277   			-1.92   		   		
1283   			-1.86   		   		
1289   			-1.39   		   		
1295   			-1.53   		   		
1300   			-1.65   		   		
1306   			-1.88   		   		
1312   			-1.36   		   		
1318   			-1.36   		   		
1323   			-1.36   		   		
1329   			-0.95   		   		
1335   			-0.89   		   		
1340   			-1.76   		   		
1346   			-2.46   		   		
1352   			-2.00   		   		
1358   			-1.30   		   		
1363   			-1.30   		   		
1369   			-1.94   		   		
1375   			-1.82   		   		
1381   			-1.47   		   		
1386   			-1.47   		   		
1392   			-2.05   		   		
1398   			-1.65   		   		
1403   			-1.30   		   		
1409   			-1.65   		   		
1415   			-1.59   		   		
1421   			-1.47   		   		
1426   			-1.13   		   		
1432   			-0.43   		   		
1438   			-0.72   		   		
1444   			-0.78   		   		
1449   			-1.59   		   		
1455   			-1.42   		   		
1461   			-1.42   		   		
1466   			-0.63   		   		
1472   			-1.09   		   		
1478   			-1.55   		   		
1484   			-0.80   		   		
1489   			-1.78   		   		
1495   			-2.17   		   		
1501   			-1.18   		   		
1507   			-2.11   		   		
1512   			-1.30   		   		
1518   			-0.60   		   		
1524   			-1.51   		   		
1529   			-0.76   		   		
1535   			-0.24   		   		
1541   			-0.87   		   		
1547   			-0.76   		   		
1552   			-1.13   		   		
1558   			-0.20   		   		
1564   			-2.58   		   		
1569   			-0.78   		   		
1575   			-0.84   		   		
1581   			-1.53   		   		
1587   			0.26   		   		
1592   			-1.24   		   		
1598   			-1.76   		   		
1604   			-0.95   		   		
1610   			-0.93   		   		
1615   			-0.64   		   		
1621   			-0.70   		   		
1627   			-2.61   		   		
1632   			-0.81   		   		
1638   			-0.39   		   		
1644   			-0.22   		   		
1650   			-0.51   		   		
1655   			-1.15   		   		
1661   			-0.57   		   		
1667   			-1.38   		   		
1673   			-0.86   		   		
1678   			-0.97   		   		
1684   			-0.51   		   		
1690   			-2.83   		   		
1695   			-1.47   		   		
1701   			-1.18   		   		
1707   			-0.26   		   		
1713   			-0.72   		   		
1718   			-0.02   		   		
1724   			-0.81   		   		
1730   			-0.41   		   		
1736   			-0.53   		   		
1741   			-0.06   		   		
1747   			-0.58   		   		
1753   			-1.51   		   		
1758   			-0.29   		   		
1764   			-0.64   		   		
1770   			0.05   		   		
1776   			0.34   		   		
1781   			-0.20   		   		
1787   			-0.49   		   		
1793   			-0.84   		   		
1799   			-0.66   		   		
1804   			-0.43   		   		
1810   			-0.57   		   		
1816   			-3.06   		   		
1821   			-0.68   		   		
1827   			-0.91   		   		
1833   			-0.97   		   		
1839   			-1.24   		   		
1844   			-1.01   		   		
1850   			-1.24   		   		
1856   			-1.36   		   		
1862   			-0.84   		   		
1867   			-0.70   		   		
1873   			-1.34   		   		
1879   			-1.28   		   		
1884   			-1.45   		   		
1890   			-1.51   		   		
1896   			-1.01   		   		
1902   			-0.14   		   		
1907   			-0.37   		   		
1913   			-0.95   		   		
1919   			0.21   		   		
1925   			-0.49   		   		
1930   			-0.60   		   		
1936   			-0.89   		   		
1942   			-0.78   		   		
1947   			-0.89   		   		
1953   			-1.30   		   		
1959   			-1.53   		   		
1965   			-1.53   		   		
1970   			-0.14   		   		
1976   			-0.95   		   		
1982   			-0.55   		   		
1988   			-1.18   		   		
1993   			-1.30   		   		
1999   			-1.53   		   		
2005   			-1.18   		   		
2010   			-1.01   		   		
2016   			-1.36   		   		
2022   			-1.53   		   		
2028   			-2.11   		   		
2033   			-1.18   		   		
2039   			-1.18   		   		
2045   			-0.72   		   		
2051   			-1.30   		   		
2056   			-1.30   		   		
2062   			-1.71   		   		
2068   			-0.78   		   		
2073   			-1.30   		   		
2079   			-0.72   		   		
2085   			-1.18   		   		
2091   			-1.01   		   		
2096   			-1.24   		   		
2102   			-0.89   		   		
2108   			-1.13   		   		
2114   			-0.49   		   		
2119   			-0.31   		   		
2125   			-1.63   		   		
2131   			-1.74   		   		
2136   			-1.22   		   		
2142   			-0.58   		   		
2148   			-0.58   		   		
2154   			-1.01   		   		
2159   			0.44   		   		
2165   			-0.31   		   		
2171   			0.15   		   		
2177   			-0.08   		   		
2182   			-0.53   		   		
2188   			-1.16   		   		
2194   			-1.63   		   		
2199   			-0.87   		   		
2205   			-0.35   		   		
2211   			-0.81   		   		
2217   			-0.93   		   		
2222   			-0.41   		   		
2228   			-1.68   		   		
2234   			-0.53   		   		
2240   			-0.29   		   		
2245   			-0.81   		   		
2251   			-0.35   		   		
2257   			-0.47   		   		
2262   			0.00   		   		
2268   			0.05   		   		
2274   			-1.92   		   		
2280   			-1.80   		   		
2285   			-1.05   		   		
2291   			-0.99   		   		
2297   			-0.79   		   		
2303   			-0.74   		   		
2308   			-0.91   		   		
2314   			-0.56   		   		
2320   			0.19   		   		
2325   			1.04   		   		
2331   			0.11   		   		
2337   			0.58   		   		
2343   			0.11   		   		
2348   			0.92   		   		
2354   			-0.49   		   		
2360   			0.44   		   		
2366   			0.67   		   		
2371   			0.84   		   		
2377   			0.03   		   		
2383   			0.61   		   		
2388   			0.84   		   		
2394   			0.55   		   		
2400   			0.61   		   		
2406   			0.32   		   		
2411   			-0.29   		   		
2417   			0.81   		   		
2423   			0.34   		   		
2429   			0.46   		   		
2434   			0.00   		   		
2440   			0.42   		   		
2446   			0.36   		   		
2451   			0.13   		   		
2457   			0.71   		   		
2463   			-0.21   		   		
2469   			0.03   		   		
2474   			0.09   		   		
2480   			0.21   		   		
2486   			0.21   		   		
2492   			0.38   		   		
2497   			0.00   		   		
2503   			-0.47   		   		
2509   			-0.24   		   		
2514   			0.23   		   		
2520   			-0.58   		   		
2526   			-0.24   		   		
2532   			-0.35   		   		
2537   			0.52   		   		
2543   			0.23   		   		
2549   			-0.06   		   		
2555   			-1.18   		   		
2560   			-0.37   		   		
2566   			-0.31   		   		
2572   			-0.26   		   		
2577   			1.02   		   		
2583   			0.73   		   		
2589   			-0.49   		   		
2595   			0.03   		   		
2600   			-0.89   		   		
2606   			-0.43   		   		
2612   			-0.29   		   		
2618   			-0.76   		   		
2623   			0.17   		   		
2629   			-0.06   		   		
2635   			-0.06   		   		
2640   			0.31   		   		
2646   			-0.27   		   		
2652   			-0.97   		   		
2658   			-0.68   		   		
2663   			-0.45   		   		
2669   			-1.07   		   		
2675   			-1.59   		   		
2680   			-1.24   		   		
2686   			-0.72   		   		
2692   			-0.95   		   		
2698   			-0.81   		   		
2703   			0.17   		   		
2709   			-0.81   		   		
2715   			-1.05   		   		
2721   			-0.58   		   		
2726   			-0.70   		   		
2732   			-0.18   		   		
2738   			-2.32   		   		
2743   			-1.05   		   		
2749   			-0.53   		   		
2755   			-0.80   		   		
2761   			-0.80   		   		
2766   			-1.03   		   		
2772   			-1.67   		   		
2778   			-0.74   		   		
2784   			-1.28   		   		
2789   			-0.87   		   		
2795   			-1.34   		   		
2801   			-3.08   		   		
2806   			-0.12   		   		
2812   			-0.12   		   		
2818   			0.58   		   		
2824   			-0.99   		   		
2829   			-0.47   		   		
2835   			0.29   		   		
2841   			0.21   		   		
2847   			-0.43   		   		
2852   			-0.26   		   		
2858   			-1.24   		   		
2864   			-2.58   		   		
2869   			0.31   		   		
2875   			-0.56   		   		
2881   			-0.68   		   		
2887   			-1.20   		   		
2892   			-0.39   		   		
2898   			0.17   		   		
2904   			0.17   		   		
2910   			0.17   		   		
2915   			-0.47   		   		
2921   			0.34   		   		
2927   			-1.71   		   		
2932   			0.38   		   		
2938   			0.15   		   		
2944   			0.03   		   		
2950   			0.09   		   		
2955   			0.09   		   		
2961   			0.84   		   		
2967   			-0.84   		   		
2973   			0.79   		   		
2978   			-1.01   		   		
2984   			-0.05   		   		
2990   			-1.90   		   		
2995   			-0.74   		   		
3001   			0.01   		   		
3007   			-0.91   		   		
3013   			-0.58   		   		
3018   			-0.81   		   		
3024   			-0.47   		   		
3030   			-0.12   		   		
3036   			-0.53   		   		
3041   			-0.95   		   		
3047   			-1.07   		   		
3053   			-1.65   		   		
3058   			-0.37   		   		
3064   			-0.37   		   		
3070   			-0.97   		   		
3076   			-0.51   		   		
3081   			-0.51   		   		
3087   			-0.68   		   		
3093   			-0.74   		   		
3099   			-0.86   		   		
3104   			-0.68   		   		
3110   			-0.97   		   		
3116   			-0.34   		   		
3121   			-1.15   		   		
3127   			-1.16   		   		
3133   			-0.18   		   		
3139   			0.52   		   		
3144   			-0.70   		   		
3150   			-0.58   		   		
3156   			-1.13   		   		
3162   			-0.60   		   		
3167   			-0.31   		   		
3173   			-1.07   		   		
3179   			-1.01   		   		
3184   			-1.26   		   		
3190   			-1.78   		   		
3196   			-1.03   		   		
3202   			-1.61   		   		
3207   			-0.85   		   		
3213   			-0.12   		   		
3219   			-0.41   		   		
3225   			-0.93   		   		
3230   			-1.05   		   		
3236   			-1.34   		   		
3242   			-1.13   		   		
3247   			-1.13   		   		
3253   			-0.43   		   		
3259   			-1.18   		   		
3265   			-1.53   		   		
3270   			-2.02   		   		
3276   			-2.08   		   		
3282   			-1.67   		   		
3288   			-0.51   		   		
3293   			-0.80   		   		
3299   			0.19   		   		
3305   			0.19   		   		
3310   			-0.97   		   		
3316   			-1.03   		   		
3322   			-0.62   		   		
3328   			-1.42   		   		
3333   			-1.47   		   		
3339   			-1.94   		   		
3345   			-1.59   		   		
3351   			-0.78   		   		
3356   			-1.39   		   		
3362   			-0.93   		   		
3368   			-1.45   		   		
3373   			-1.92   		   		
3379   			-1.86   		   		
3385   			-1.65   		   		
3391   			-0.43   		   		
3396   			-1.01   		   		
3402   			-1.59   		   		
3408   			-0.89   		   		
3414   			-1.22   		   		
3419   			-1.05   		   		
3425   			-1.51   		   		
3431   			-1.10   		   		
3436   			-0.99   		   		
3442   			-1.44   		   		
3448   			-1.67   		   		
3454   			-0.97   		   		
3459   			-0.63   		   		
3465   			-1.15   		   		
3471   			-0.47   		   		
3477   			-0.64   		   		
3482   			-0.76   		   		
3488   			-0.35   		   		
3494   			-0.93   		   		
3499   			-1.76   		   		
3505   			-0.60   		   		
3511   			-1.42   		   		
3517   			-1.30   		   		
3522   			-1.76   		   		
3528   			-1.57   		   		
3534   			-2.56   		   		
3540   			-2.32   		   		
3545   			-1.86   		   		
3551   			-1.68   		   		
3557   			-2.31   		   		
3562   			-1.49   		   		
3568   			-1.15   		   		
3574   			-0.74   		   		
3580   			-1.38   		   		
3585   			-1.57   		   		
3591   			-0.47   		   		
3597   			-0.53   		   		
3603   			-1.22   		   		
3608   			-1.68   		   		
3614   			-1.16   		   		
3620   			-0.93   		   		
3625   			-1.05   		   		
3631   			-1.22   		   		
3637   			-0.87   		   		
3643   			-0.58   		   		
3648   			-0.87   		   		
3654   			-0.99   		   		
3660   			-1.05   		   		
3666   			-0.24   		   		
3671   			-0.55   		   		
3677   			-0.26   		   		
3683   			-1.18   		   		
3688   			-0.89   		   		
3694   			-1.18   		   		
3700   			-1.01   		   		
3706   			-0.55   		   		
3711   			-1.18   		   		
3717   			-1.53   		   		
3723   			-1.18   		   		
3728   			-1.38   		   		
3734   			-1.32   		   		
3740   			-1.67   		   		
3746   			-0.86   		   		
3751   			-1.26   		   		
3757   			-1.28   		   		
3763   			-1.80   		   		
3769   			-1.28   		   		
3774   			-0.93   		   		
3780   			-0.87   		   		
3786   			-2.48   		   		
3791   			-1.61   		   		
3797   			-1.09   		   		
3803   			-2.37   		   		
3809   			-1.20   		   		
3814   			-0.89   		   		
3820   			-0.95   		   		
3826   			-0.95   		   		
3832   			-1.13   		   		
3837   			-0.89   		   		
3843   			-1.28   		   		
3849   			-3.49   		   		
3854   			-2.44   		   		
3860   			-1.92   		   		
3866   			-1.92   		   		
3872   			-1.67   		   		
3877   			-2.25   		   		
3883   			-1.44   		   		
3889   			-1.09   		   		
3895   			-1.44   		   		
3900   			-1.05   		   		
3906   			-1.34   		   		
3912   			-2.09   		   		
3917   			-1.92   		   		
3923   			-1.74   		   		
3929   			-1.61   		   		
3935   			-1.26   		   		
3940   			-1.26   		   		
3946   			-0.85   		   		
3952   			-0.56   		   		
3958   			-0.95   		   		
3963   			-1.65   		   		
3969   			-0.60   		   		
3975   			-0.49   		   		
3980   			-1.30   		   		
3986   			-0.60   		   		
3992   			-1.30   		   		
3998   			-1.42   		   		
4003   			-1.59   		   		
4009   			-0.95   		   		
4015   			-0.37   		   		
4021   			-0.20   		   		
4026   			0.09   		   		
4032   			-0.89   		   		
4038   			-0.49   		   		
4043   			-1.05   		   		
4049   			-0.12   		   		
4055   			-1.05   		   		
4061   			-1.28   		   		
4066   			-0.06   		   		
4072   			-0.37   		   		
4078   			-1.42   		   		
4084   			-1.59   		   		
4089   			-0.60   		   		
4095   			-0.89   		   		
4101   			-0.53   		   		
4106   			0.40   		   		
4112   			-0.06   		   		
4118   			0.05   		   		
4124   			0.00   		   		
4129   			0.53   		   		
4135   			-0.45   		   		
4141   			-0.28   		   		
4147   			-0.28   		   		
4152   			0.13   		   		
4158   			-0.81   		   		
4164   			-0.18   		   		
4169   			-0.87   		   		
4175   			-0.64   		   		
4181   			0.05   		   		
4187   			-0.72   		   		
4192   			-1.13   		   		
4198   			-1.36   		   		
4204   			-0.49   		   		
4209   			-0.84   		   		
4215   			-1.18   		   		
4221   			-0.55   		   		
4227   			-0.60   		   		
4232   			0.44   		   		
4238   			0.03   		   		
4244   			0.36   		   		
4250   			-0.63   		   		
4255   			-1.03   		   		
4261   			-0.28   		   		
4267   			0.01   		   		
4272   			-0.84   		   		
4278   			-0.60   		   		
4284   			0.03   		   		
4290   			-0.20   		   		
4295   			-0.84   		   		
4301   			-0.99   		   		
4307   			-1.10   		   		
4313   			-1.10   		   		
4318   			-0.47   		   		
4324   			-0.41   		   		
4330   			-2.83   		   		
4335   			-1.61   		   		
4341   			-0.51   		   		
4347   			-1.49   		   		
4353   			-1.38   		   		
4358   			-1.36   		   		
4364   			-0.89   		   		
4370   			-0.66   		   		
4376   			-1.36   		   		
4381   			-1.36   		   		
4387   			-1.82   		   		
4393   			-2.05   		   		
4398   			-1.18   		   		
4404   			-1.53   		   		
4410   			-1.01   		   		
4416   			-1.82   		   		
4421   			-1.42   		   		
4427   			-1.24   		   		
4433   			-0.72   		   		
4439   			-0.89   		   		
4444   			-1.09   		   		
4450   			-0.86   		   		
4456   			-2.89   		   		
4461   			-1.49   		   		
4467   			-1.15   		   		
4473   			-1.01   		   		
4479   			-0.49   		   		
4484   			0.26   		   		
4490   			-0.89   		   		
4496   			-0.60   		   		
4502   			-0.74   		   		
4507   			-1.26   		   		
4513   			-0.86   		   		
4519   			0.24   		   		
4524   			-0.91   		   		
4530   			-0.95   		   		
4536   			-0.95   		   		
4542   			-0.60   		   		
4547   			-0.60   		   		
4553   			-0.43   		   		
4559   			-0.20   		   		
4565   			-0.02   		   		
4570   			0.44   		   		
4576   			0.15   		   		
4582   			0.03   		   		
4587   			-0.08   		   		
4593   			-0.43   		   		
4599   			0.38   		   		
4605   			-0.20   		   		
4610   			-0.60   		   		
4616   			-0.24   		   		
4622   			-0.47   		   		
4628   			-0.35   		   		
4633   			-1.16   		   		
4639   			-1.22   		   		
4645   			-0.64   		   		
4650   			0.17   		   		
4656   			0.05   		   		
4662   			-0.81   		   		
4668   			-1.39   		   		
4673   			-0.99   		   		
4679   			-0.76   		   		
4685   			0.00   		   		
4691   			0.11   		   		
4696   			-0.64   		   		
4702   			-1.01   		   		
4708   			-0.26   		   		
4713   			-0.60   		   		
4719   			-0.37   		   		
4725   			-1.47   		   		
4731   			-0.81   		   		
4736   			-0.64   		   		
4742   			-0.87   		   		
4748   			-1.92   		   		
4754   			-0.29   		   		
4759   			-1.01   		   		
4765   			-0.84   		   		
4771   			-0.95   		   		
4776   			-0.84   		   		
4782   			-1.36   		   		
4788   			-1.71   		   		
4794   			-0.49   		   		
4799   			-1.82   		   		
4805   			-1.42   		   		
4811   			-0.78   		   		
4817   			-1.34   		   		
4822   			-0.70   		   		
4828   			-1.05   		   		
4834   			-1.05   		   		
4839   			-1.39   		   		
4845   			-0.78   		   		
4851   			-1.13   		   		
4857   			-1.24   		   		
4862   			-0.95   		   		
4868   			-1.01   		   		
4874   			-1.65   		   		
4880   			-1.13   		   		
4885   			-2.00   		   		
4891   			-1.76   		   		
4897   			-1.76   		   		
4902   			-2.17   		   		
4908   			-2.11   		   		
4914   			-1.82   		   		
4920   			-2.34   		   		
4925   			-1.53   		   		
4931   			-1.78   		   		
4937   			-2.07   		   		
4943   			-1.84   		   		
4948   			-1.66   		   		
4954   			-0.50   		   		
4960   			-0.29   		   		
4965   			-0.29   		   		
4971   			0.17   		   		
4977   			-0.76   		   		
4983   			0.05   		   		
4988   			-0.80   		   		
4994   			-0.63   		   		
5000   			-1.03   		   		
5006   			-0.80   		   		
5011   			-1.32   		   		
5017   			-2.03   		   		
5023   			-1.05   		   		
5028   			-1.63   		   		
5034   			-0.58   		   		
5040   			-0.70   		   		
5046   			-1.16   		   		
5051   			-0.24   		   		
5057   			-0.47   		   		
5063   			-1.39   		   		
5068   			-0.47   		   		
5074   			-0.06   		   		
5080   			-0.18   		   		
5086   			-0.70   		   		
5091   			-0.58   		   		
5097   			0.11   		   		
5103   			-0.51   		   		
5109   			-0.91   		   		
5114   			-1.09   		   		
5120   			-1.32   		   		
5126   			-2.42   		   		
5131   			0.05   		   		
5137   			0.00   		   		
5143   			-0.53   		   		
5149   			-0.47   		   		
5154   			-0.47   		   		
5160   			-0.31   		   		
5166   			-0.20   		   		
5172   			-1.18   		   		
5177   			-1.01   		   		
5183   			-0.20   		   		
5189   			-2.23   		   		
5194   			-0.26   		   		
5200   			-0.60   		   		
5206   			-0.37   		   		
5212   			-0.31   		   		
5217   			-0.06   		   		
5223   			0.46   		   		
5229   			-0.18   		   		
5235   			-0.24   		   		
5240   			-0.53   		   		
5246   			-0.60   		   		
5252   			-2.05   		   		
5257   			0.03   		   		
5263   			0.09   		   		
5269   			0.73   		   		
5275   			1.60   		   		
5280   			1.31   		   		
5286   			1.48   		   		
5292   			1.08   		   		
5298   			0.96   		   		
5303   			0.46   		   		
5309   			0.40   		   		
5315   			-0.93   		   		
5320   			0.69   		   		
5326   			1.79   		   		
5332   			0.67   		   		
5338   			0.44   		   		
5343   			0.44   		   		
5349   			0.09   		   		
5355   			0.61   		   		
5361   			1.04   		   		
5366   			1.10   		   		
5372   			0.92   		   		
5378   			-0.81   		   		
5383   			1.44   		   		
5389   			0.55   		   		
5395   			1.65   		   		
5401   			0.90   		   		
5406   			1.25   		   		
5412   			1.31   		   		
5418   			1.40   		   		
5424   			1.11   		   		
5429   			1.05   		   		
5435   			1.46   		   		
5441   			-0.51   		   		
5446   			2.14   		   		
5452   			1.85   		   		
5458   			2.60   		   		
5464   			2.19   		   		
5469   			1.27   		   		
5475   			1.39   		   		
5481   			1.44   		   		
5487   			1.39   		   		
5492   			1.79   		   		
5498   			1.27   		   		
5504   			0.52   		   		
5509   			1.79   		   		
5515   			1.85   		   		
5521   			2.54   		   		
5527   			2.77   		   		
5532   			2.67   		   		
5538   			2.73   		   		
5544   			3.42   		   		
5550   			2.61   		   		
5555   			2.73   		   		
5561   			2.40   		   		
5567   			3.16   		   		
5572   			3.27   		   		
5578   			2.00   		   		
5584   			2.87   		   		
5590   			2.95   		   		
5595   			3.06   		   		
5601   			3.35   		   		
5607   			3.87   		   		
5613   			3.00   		   		
5618   			3.33   		   		
5624   			3.21   		   		
5630   			3.85   		   		
5635   			3.39   		   		
5641   			4.02   		   		
5647   			3.44   		   		
5653   			3.62   		   		
5658   			3.96   		   		
5664   			2.92   		   		
5670   			3.16   		   		
5676   			3.29   		   		
5681   			3.75   		   		
5687   			4.56   		   		
5693   			3.93   		   		
5698   			4.33   		   		
5704   			3.96   		   		
5710   			4.77   		   		
5716   			4.14   		   		
5721   			4.19   		   		
5727   			4.25   		   		
5733   			3.56   		   		
5739   			3.27   		   		
5744   			3.62   		   		
5750   			4.02   		   		
5756   			4.54   		   		
5761   			4.60   		   		
5767   			3.67   		   		
5773   			3.62   		   		
5779   			4.08   		   		
5784   			4.14   		   		
5790   			3.95   		   		
5796   			5.27   		   		
5802   			4.29   		   		
5807   			4.24   		   		
5813   			4.64   		   		
5819   			4.88   		   		
5824   			4.94   		   		
5830   			5.29   		   		
5836   			4.48   		   		
5842   			4.71   		   		
5847   			4.19   		   		
5853   			5.23   		   		
5859   			4.88   		   		
5865   			4.71   		   		
5870   			4.71   		   		
5876   			4.85   		   		
5882   			5.83   		   		
5887   			5.19   		   		
5893   			5.48   		   		
5899   			4.56   		   		
5905   			4.96   		   		
5910   			5.48   		   		
5916   			5.37   		   		
5922   			5.77   		   		
5928   			5.65   		   		
5933   			5.27   		   		
5939   			5.84   		   		
5945   			5.09   		   		
5950   			5.21   		   		
5956   			5.73   		   		
5962   			6.04   		   		
5968   			6.50   		   		
5973   			5.86   		   		
5979   			5.81   		   		
5985   			5.63   		   		
5991   			5.78   		   		
5996   			5.09   		   		
6002   			6.19   		   		
6008   			5.44   		   		
6013   			6.36   		   		
6019   			5.48   		   		
6025   			6.98   		   		
6031   			6.23   		   		
6036   			5.94   		   		
6042   			5.83   		   		
6048   			5.63   		   		
6054   			5.29   		   		
6059   			5.40   		   		
6065   			6.96   		   		
6071   			5.81   		   		
6076   			6.84   		   		
6082   			6.44   		   		
6088   			7.42   		   		
6094   			6.96   		   		
6099   			6.67   		   		
6105   			6.90   		   		
6111   			6.55   		   		
6117   			6.15   		   		
6122   			6.27   		   		
6128   			6.32   		   		
6134   			7.19   		   		
6139   			6.55   		   		
6145   			7.30   		   		
6151   			6.78   		   		
6157   			7.24   		   		
6162   			7.38   		   		
6168   			7.03   		   		
6174   			7.15   		   		
6179   			7.67   		   		
6185   			8.01   		   		
6191   			8.05   		   		
6197   			7.82   		   		
6202   			8.10   		   		
6208   			7.76   		   		
6214   			7.93   		   		
6220   			7.76   		   		
6225   			8.85   		   		
6231   			9.14   		   		
6237   			5.98   		   		
6242   			7.88   		   		
6248   			8.56   		   		
6254   			8.22   		   		
6260   			8.10   		   		
6265   			7.70   		   		
6271   			7.59   		   		
6277   			6.96   		   		
6283   			7.01   		   		
6288   			8.16   		   		
6294   			7.13   		   		
6300   			5.69   		   		
6305   			7.70   		   		
6311   			6.84   		   		
6317   			7.70   		   		
6323   			7.70   		   		
6328   			7.59   		   		
6334   			7.70   		   		
6340   			7.82   		   		
6346   			8.28   		   		
6351   			8.33   		   		
6357   			7.24   		   		
6363   			6.31   		   		
6368   			7.97   		   		
6374   			8.38   		   		
6380   			8.38   		   		
6386   			8.61   		   		
6391   			8.47   		   		
6397   			7.78   		   		
6403   			7.44   		   		
6409   			8.99   		   		
6414   			8.81   		   		
6420   			8.33   		   		
6426   			6.38   		   		
6431   			7.93   		   		
6437   			8.56   		   		
6443   			8.45   		   		
6449   			8.47   		   		
6454   			8.58   		   		
6460   			9.22   		   		
6466   			8.87   		   		
6472   			8.30   		   		
6477   			8.41   		   		
6483   			8.58   		   		
6489   			6.80   		   		
6494   			8.36   		   		
6500   			8.81   		   		
6506   			9.27   		   		
6512   			9.10   		   		
6517   			9.39   		   		
6523   			8.93   		   		
6529   			8.70   		   		
6535   			8.99   		   		
6540   			9.56   		   		
6546   			8.58   		   		
6552   			8.93   		   		
6557   			9.67   		   		
6563   			9.25   		   		
6569   			9.25   		   		
6575   			9.25   		   		
6580   			9.48   		   		
6586   			8.91   		   		
6592   			9.25   		   		
6598   			9.65   		   		
6603   			9.48   		   		
6609   			9.25   		   		
6615   			8.74   		   		
6620   			8.87   		   		
6626   			9.27   		   		
6632   			9.27   		   		
6638   			9.10   		   		
6643   			9.04   		   		
6649   			9.17   		   		
6655   			9.52   		   		
6661   			9.23   		   		
6666   			8.83   		   		
6672   			9.35   		   		
6678   			8.85   		   		
6683   			8.56   		   		
6689   			9.25   		   		
6695   			9.31   		   		
6701   			9.37   		   		
6706   			8.70   		   		
6712   			9.67   		   		
6718   			9.62   		   		
6724   			9.44   		   		
6729   			9.62   		   		
6735   			9.40   		   		
6741   			9.35   		   		
6746   			8.20   		   		
6752   			8.94   		   		
6758   			8.83   		   		
6764   			9.29   		   		
6769   			9.40   		   		
6775   			9.17   		   		
6781   			9.06   		   		
6787   			9.69   		   		
6792   			9.48   		   		
6798   			9.02   		   		
6804   			9.14   		   		
6809   			8.74   		   		
6815   			8.74   		   		
6821   			8.49   		   		
6827   			9.12   		   		
6832   			9.00   		   		
6838   			9.12   		   		
6844   			9.63   		   		
6850   			9.52   		   		
6855   			9.29   		   		
6861   			10.21   		   		
6867   			9.81   		   		
6872   			9.92   		   		
6878   			9.16   		   		
6884   			9.67   		   		
6890   			9.73   		   		
6895   			10.30   		   		
6901   			10.30   		   		
6907   			9.77   		   		
6913   			9.94   		   		
6918   			9.08   		   		
6924   			9.65   		   		
6930   			9.94   		   		
6935   			10.08   		   		
6941   			9.22   		   		
6947   			9.62   		   		
6953   			8.70   		   		
6958   			9.90   		   		
6964   			9.73   		   		
6970   			10.08   		   		
6976   			9.44   		   		
6981   			9.10   		   		
6987   			10.08   		   		
6993   			10.25   		   		
6998   			9.62   		   		
7004   			9.50   		   		
7010   			9.10   		   		
7016   			9.33   		   		
7021   			9.71   		   		
7027   			9.37   		   		
7033   			9.14   		   		
7039   			9.14   		   		
7044   			9.02   		   		
7050   			8.39   		   		
7056   			8.39   		   		
7061   			8.10   		   		
7067   			8.33   		   		
7073   			8.45   		   		
7079   			8.70   		   		
7084   			9.10   		   		
7090   			9.62   		   		
7096   			9.27   		   		
7102   			8.81   		   		
7107   			8.97   		   		
7113   			9.48   		   		
7119   			9.42   		   		
7124   			9.94   		   		
7130   			9.94   		   		
7136   			9.83   		   		
7142   			9.94   		   		
7147   			10.28   		   		
7153   			10.05   		   		
7159   			9.83   		   		
7165   			8.77   		   		
7170   			9.23   		   		
7176   			8.83   		   		
7182   			8.66   		   		
7187   			8.89   		   		
7193   			9.71   		   		
7199   			9.42   		   		
7205   			9.25   		   		
7210   			8.62   		   		
7216   			9.31   		   		
7222   			8.93   		   		
7228   			8.87   		   		
7233   			8.81   		   		
7239   			7.95   		   		
7245   			8.13   		   		
7250   			8.70   		   		
7256   			8.01   		   		
7262   			8.81   		   		
7268   			8.24   		   		
7273   			8.47   		   		
7279   			8.41   		   		
7285   			8.53   		   		
7291   			8.76   		   		
7296   			7.95   		   		
7302   			7.95   		   		
7308   			8.62   		   		
7313   			8.10   		   		
7319   			9.08   		   		
7325   			8.85   		   		
7331   			8.33   		   		
7336   			7.99   		   		
7342   			8.10   		   		
7348   			8.39   		   		
7354   			8.28   		   		
7359   			7.99   		   		
7365   			8.66   		   		
7371   			9.01   		   		
7376   			8.38   		   		
7382   			8.61   		   		
7388   			8.38   		   		
7394   			8.45   		   		
7399   			8.85   		   		
7405   			8.39   		   		
7411   			8.45   		   		
7417   			8.05   		   		
7422   			8.22   		   		
7428   			7.65   		   		
7434   			8.16   		   		
7439   			8.39   		   		
7445   			8.10   		   		
7451   			8.10   		   		
7457   			8.62   		   		
7462   			7.65   		   		
7468   			8.22   		   		
7474   			8.16   		   		
7479   			7.47   		   		
7485   			8.16   		   		
7491   			7.13   		   		
7497   			7.88   		   		
7502   			8.45   		   		
7508   			8.41   		   		
7514   			9.27   		   		
7520   			7.67   		   		
7525   			8.30   		   		
7531   			9.22   		   		
7537   			8.72   		   		
7542   			8.15   		   		
7548   			8.49   		   		
7554   			8.32   		   		
7560   			8.95   		   		
7565   			8.97   		   		
7571   			9.19   		   		
7577   			8.45   		   		
7583   			8.33   		   		
7588   			7.65   		   		
7594   			8.16   		   		
7600   			7.99   		   		
7605   			7.99   		   		
7611   			8.62   		   		
7617   			7.93   		   		
7623   			8.07   		   		
7628   			8.58   		   		
7634   			8.47   		   		
7640   			9.04   		   		
7646   			7.95   		   		
7651   			8.31   		   		
7657   			8.49   		   		
7663   			8.94   		   		
7668   			9.12   		   		
7674   			8.20   		   		
7680   			8.28   		   		
7686   			8.91   		   		
7691   			9.31   		   		
7697   			8.22   		   		
7703   			8.05   		   		
7709   			8.70   		   		
7714   			8.07   		   		
7720   			8.47   		   		
7726   			6.80   		   		
7731   			9.10   		   		
7737   			9.19   		   		
7743   			8.62   		   		
7749   			9.14   		   		
7754   			8.97   		   		
7760   			9.37   		   		
7766   			8.58   		   		
7772   			8.99   		   		
7777   			8.93   		   		
7783   			9.79   		   		
7789   			7.32   		   		
7794   			9.39   		   		
7800   			8.36   		   		
7806   			9.39   		   		
7812   			8.07   		   		
7817   			8.87   		   		
7823   			8.22   		   		
7829   			8.39   		   		
7835   			9.42   		   		
7840   			8.22   		   		
7846   			9.08   		   		
7852   			7.84   		   		
7857   			9.85   		   		
7863   			9.50   		   		
7869   			8.58   		   		
7875   			8.36   		   		
7880   			8.33   		   		
7886   			8.51   		   		
7892   			8.16   		   		
7898   			8.05   		   		
7903   			8.51   		   		
7909   			9.10   		   		
7915   			6.57   		   		
7920   			8.53   		   		
7926   			8.30   		   		
7932   			7.38   		   		
7938   			8.30   		   		
7943   			9.10   		   		
7949   			8.13   		   		
7955   			8.58   		   		
7961   			7.61   		   		
7966   			7.62   		   		
7972   			8.03   		   		
7978   			7.11   		   		
7983   			8.49   		   		
7989   			8.66   		   		
7995   			8.79   		   		
8001   			8.68   		   		
8006   			8.33   		   		
8012   			8.28   		   		
8018   			7.88   		   		
8024   			8.62   		   		
8029   			9.02   		   		
8035   			9.71   		   		
8041   			8.62   		   		
8046   			8.62   		   		
8052   			9.02   		   		
8058   			9.71   		   		
8064   			9.88   		   		
8069   			8.91   		   		
8075   			8.56   		   		
8081   			8.37   		   		
8087   			8.49   		   		
8092   			8.43   		   		
8098   			9.40   		   		
8104   			9.00   		   		
8109   			7.59   		   		
8115   			8.16   		   		
8121   			8.51   		   		
8127   			8.79   		   		
8132   			8.39   		   		
8138   			8.64   		   		
8144   			8.76   		   		
8150   			8.24   		   		
8155   			8.53   		   		
8161   			9.04   		   		
8167   			8.24   		   		
8172   			9.39   		   		
8178   			7.55   		   		
8184   			7.49   		   		
8190   			8.41   		   		
8195   			9.37   		   		
8201   			9.14   		   		
8207   			9.02   		   		
8213   			7.93   		   		
8218   			9.08   		   		
8224   			8.47   		   		
8230   			8.36   		   		
8235   			8.41   		   		
8241   			9.04   		   		
8247   			8.07   		   		
8253   			9.12   		   		
8258   			7.57   		   		
8264   			8.37   		   		
8270   			8.89   		   		
8276   			8.49   		   		
8281   			8.60   		   		
8287   			9.17   		   		
8293   			8.31   		   		
8298   			8.26   		   		
8304   			8.37   		   		
8310   			8.05   		   		
8316   			7.99   		   		
8321   			8.68   		   		
8327   			7.53   		   		
8333   			8.16   		   		
8339   			8.05   		   		
8344   			8.56   		   		
8350   			8.97   		   		
8356   			8.74   		   		
8361   			8.22   		   		
8367   			8.56   		   		
8373   			9.02   		   		
8379   			7.70   		   		
8384   			8.85   		   		
8390   			8.22   		   		
8396   			8.47   		   		
8402   			8.81   		   		
8407   			8.58   		   		
8413   			9.22   		   		
8419   			8.58   		   		
8424   			8.31   		   		
8430   			8.54   		   		
8436   			7.85   		   		
8442   			7.39   		   		
8447   			8.60   		   		
8453   			8.68   		   		
8459   			8.10   		   		
8465   			8.28   		   		
8470   			8.28   		   		
8476   			8.28   		   		
8482   			8.45   		   		
8487   			8.79   		   		
8493   			8.79   		   		
8499   			8.51   		   		
8505   			7.82   		   		
8510   			7.53   		   		
8516   			7.76   		   		
8522   			8.28   		   		
8528   			8.51   		   		
8533   			9.14   		   		
8539   			8.97   		   		
8545   			8.68   		   		
8550   			8.16   		   		
8556   			7.93   		   		
8562   			8.39   		   		
8568   			8.07   		   		
8573   			8.13   		   		
8579   			8.70   		   		
8585   			8.07   		   		
8591   			8.47   		   		
8596   			8.22   		   		
8602   			7.93   		   		
8608   			8.74   		   		
8613   			8.97   		   		
8619   			8.62   		   		
8625   			9.01   		   		
8631   			9.06   		   		
8636   			8.55   		   		
8642   			7.17   		   		
8648   			8.49   		   		
8654   			7.38   		   		
8659   			7.09   		   		
8665   			7.90   		   		
8671   			7.84   		   		
8676   			8.58   		   		
8682   			9.48   		   		
8688   			8.45   		   		
8694   			8.79   		   		
8699   			9.08   		   		
8705   			8.05   		   		
8711   			8.71   		   		
8717   			8.08   		   		
8722   			8.43   		   		
8728   			8.49   		   		
8734   			8.37   		   		
8739   			8.39   		   		
8745   			9.48   		   		
8751   			8.91   		   		
8757   			8.28   		   		
8762   			8.05   		   		
8768   			8.62   		   		
8774   			9.48   		   		
8780   			8.91   		   		
8785   			7.82   		   		
8791   			8.62   		   		
8797   			9.14   		   		
8802   			8.16   		   		
8808   			7.93   		   		
8814   			7.93   		   		
8820   			9.19   		   		
8825   			8.85   		   		
8831   			8.68   		   		
8837   			8.45   		   		
8842   			9.19   		   		
8848   			8.45   		   		
8854   			9.44   		   		
8860   			9.16   		   		
8865   			9.22   		   		
8871   			8.70   		   		
8877   			9.16   		   		
8883   			8.76   		   		
8888   			9.33   		   		
8894   			8.58   		   		
8900   			7.09   		   		
8905   			8.93   		   		
8911   			8.61   		   		
8917   			8.20   		   		
8923   			9.35   		   		
8928   			9.12   		   		
8934   			8.89   		   		
8940   			8.28   		   		
8946   			8.51   		   		
8951   			8.22   		   		
8957   			8.62   		   		
8963   			7.30   		   		
8968   			8.28   		   		
8974   			8.68   		   		
8980   			8.79   		   		
8986   			8.39   		   		
8991   			7.99   		   		
8997   			8.47   		   		
9003   			8.18   		   		
9009   			7.61   		   		
9014   			8.07   		   		
9020   			7.90   		   		
9026   			6.17   		   		
9031   			8.47   		   		
9037   			7.90   		   		
9043   			7.38   		   		
9049   			7.55   		   		
9054   			7.78   		   		
9060   			8.24   		   		
9066   			8.93   		   		
9072   			7.95   		   		
9077   			7.49   		   		
9083   			8.16   		   		
9089   			8.51   		   		
9094   			7.65   		   		
9100   			7.82   		   		
9106   			8.05   		   		
9112   			7.78   		   		
9117   			8.30   		   		
9123   			8.58   		   		
9129   			9.22   		   		
9135   			9.04   		   		
9140   			8.95   		   		
9146   			9.24   		   		
9152   			8.78   		   		
9157   			8.89   		   		
9163   			8.32   		   		
9169   			8.62   		   		
9175   			7.88   		   		
9180   			7.82   		   		
9186   			8.91   		   		
9192   			8.28   		   		
9198   			7.45   		   		
9203   			8.66   		   		
9209   			8.37   		   		
9215   			8.20   		   		
9220   			8.31   		   		
9226   			8.16   		   		
9232   			9.14   		   		
9238   			8.56   		   		
9243   			8.16   		   		
9249   			7.99   		   		
9255   			8.53   		   		
9261   			9.22   		   		
9266   			8.41   		   		
9272   			8.41   		   		
9278   			8.81   		   		
9283   			8.33   		   		
9289   			8.28   		   		
9295   			8.45   		   		
9301   			8.16   		   		
9306   			8.39   		   		
9312   			9.27   		   		
9318   			9.50   		   		
9324   			8.24   		   		
9329   			9.79   		   		
9335   			8.64   		   		
9341   			9.23   		   		
9346   			8.94   		   		
9352   			8.31   		   		
9358   			8.49   		   		
9364   			8.03   		   		
9369   			8.74   		   		
9375   			8.33   		   		
9381   			8.56   		   		
9387   			8.16   		   		
9392   			8.33   		   		
9398   			8.81   		   		
9404   			8.53   		   		
9409   			8.81   		   		
9415   			8.81   		   		
9421   			8.81   		   		
9427   			8.53   		   		
9432   			8.36   		   		
9438   			8.58   		   		
9444   			8.81   		   		
9450   			9.39   		   		
9455   			9.62   		   		
9461   			8.81   		   		
9467   			9.79   		   		
9472   			8.41   		   		
9478   			9.22   		   		
9484   			7.93   		   		
9490   			8.28   		   		
9495   			9.31   		   		
9501   			8.33   		   		
9507   			6.32   		   		
9512   			8.89   		   		
9518   			9.00   		   		
9524   			9.00   		   		
9530   			8.37   		   		
9535   			9.29   		   		
9541   			8.28   		   		
9547   			8.74   		   		
9553   			8.16   		   		
9558   			8.68   		   		
9564   			8.10   		   		
9570   			8.05   		   		
9575   			8.33   		   		
9581   			8.33   		   		
9587   			8.74   		   		
9593   			9.83   		   		
9598   			9.56   		   		
9604   			8.99   		   		
9610   			8.99   		   		
9616   			9.50   		   		
9621   			9.10   		   		
9627   			8.58   		   		
9633   			8.81   		   		
9638   			8.18   		   		
9644   			9.10   		   		
9650   			8.93   		   		
9656   			8.53   		   		
9661   			8.24   		   		
9667   			8.36   		   		
9673   			9.44   		   		
9679   			8.70   		   		
9684   			8.66   		   		
9690   			8.55   		   		
9696   			9.01   		   		
9701   			7.52   		   		
9707   			7.92   		   		
9713   			7.70   		   		
9719   			7.82   		   		
9724   			8.68   		   		
9730   			9.48   		   		
9736   			9.02   		   		
9742   			7.93   		   		
9747   			7.70   		   		
9753   			7.88   		   		
9759   			8.62   		   		
9764   			8.51   		   		
9770   			8.24   		   		
9776   			7.61   		   		
9782   			6.69   		   		
9787   			7.67   		   		
9793   			7.38   		   		
9799   			7.70   		   		
9805   			8.51   		   		
9810   			7.53   		   		
9816   			8.74   		   		
9822   			7.99   		   		
9827   			7.89   		   		
9833   			7.83   		   		
9839   			8.06   		   		
9845   			7.72   		   		
9850   			7.78   		   		
9856   			8.45   		   		
9862   			7.88   		   		
9868   			8.39   		   		
9873   			7.76   		   		
9879   			8.05   		   		
9885   			8.45   		   		
9890   			8.62   		   		
9896   			8.28   		   		
9902   			8.56   		   		
9908   			7.53   		   		
9913   			7.19   		   		
9919   			7.59   		   		
9925   			8.16   		   		
9931   			7.76   		   		
9936   			7.70   		   		
9942   			7.88   		   		
9948   			8.74   		   		
9953   			8.68   		   		
9959   			8.74   		   		
9965   			8.74   		   		
9971   			7.68   		   		
9976   			8.26   		   		
9982   			8.31   		   		
9988   			7.39   		   		
9994   			8.60   		   		
9999   			8.84   		   		
10005   			8.78   		   		
10011   			8.43   		   		
10016   			8.32   		   		
10022   			7.06   		   		
10028   			6.84   		   		
10034   			7.93   		   		
10039   			8.39   		   		
10045   			6.84   		   		
10051   			7.53   		   		
10057   			7.82   		   		
10062   			8.28   		   		
10068   			6.96   		   		
10074   			7.19   		   		
10079   			7.93   		   		
10085   			7.42   		   		
10091   			8.10   		   		
10097   			7.93   		   		
10102   			7.53   		   		
10108   			8.05   		   		
10114   			8.53   		   		
10120   			7.78   		   		
10125   			8.30   		   		
10131   			7.44   		   		
10137   			7.09   		   		
10142   			7.46   		   		
10148   			7.17   		   		
10154   			7.52   		   		
10160   			7.23   		   		
10165   			6.77   		   		
10171   			7.55   		   		
10177   			8.41   		   		
10183   			7.90   		   		
10188   			8.07   		   		
10194   			7.72   		   		
10200   			8.03   		   		
10205   			7.63   		   		
10211   			7.46   		   		
10217   			8.78   		   		
10223   			7.80   		   		
10228   			7.47   		   		
10234   			7.53   		   		
10240   			6.04   		   		
10245   			8.39   		   		
10251   			7.88   		   		
10257   			8.53   		   		
10263   			8.41   		   		
10268   			8.24   		   		
10274   			8.47   		   		
10280   			8.53   		   		
10286   			8.24   		   		
10291   			8.87   		   		
10297   			8.81   		   		
10303   			9.10   		   		
10309   			8.13   		   		
10314   			8.28   		   		
10320   			9.25   		   		
10326   			8.79   		   		
10331   			8.22   		   		
10337   			8.74   		   		
10343   			7.65   		   		
10349   			8.05   		   		
10354   			8.51   		   		
10360   			8.16   		   		
10366   			6.61   		   		
10371   			8.62   		   		
10377   			8.39   		   		
10383   			8.39   		   		
10389   			8.45   		   		
10394   			8.74   		   		
10400   			8.16   		   		
10406   			9.08   		   		
10412   			9.19   		   		
10417   			8.22   		   		
10423   			9.48   		   		
10429   			8.26   		   		
10434   			9.80   		   		
10440   			9.57   		   		
10446   			8.89   		   		
10452   			9.46   		   		
10457   			9.69   		   		
10463   			9.98   		   		
10469   			9.06   		   		
10475   			8.37   		   		
10480   			8.89   		   		
10486   			8.85   		   		
10492   			7.13   		   		
10497   			9.25   		   		
10503   			8.79   		   		
10509   			8.79   		   		
10515   			8.97   		   		
10520   			7.53   		   		
10526   			8.79   		   		
10532   			9.19   		   		
10538   			9.08   		   		
10543   			8.45   		   		
10549   			8.79   		   		
10555   			8.22   		   		
10560   			8.79   		   		
10566   			9.48   		   		
10572   			9.39   		   		
10578   			9.44   		   		
10583   			8.30   		   		
10589   			8.99   		   		
10595   			9.04   		   		
10601   			9.17   		   		
10606   			9.40   		   		
10612   			9.00   		   		
10618   			8.89   		   		
10623   			9.75   		   		
10629   			9.12   		   		
10635   			9.23   		   		
10641   			8.54   		   		
10646   			9.52   		   		
10652   			9.40   		   		
10658   			8.41   		   		
10664   			8.13   		   		
10669   			8.41   		   		
10675   			8.58   		   		
10681   			8.64   		   		
10686   			9.27   		   		
10692   			9.62   		   		
10698   			9.16   		   		
10704   			9.33   		   		
10709   			9.44   		   		
10715   			9.18   		   		
10721   			8.95   		   		
10727   			9.35   		   		
10732   			9.06   		   		
10738   			8.95   		   		
10744   			9.60   		   		
10749   			9.37   		   		
10755   			8.16   		   		
10761   			9.14   		   		
10767   			9.54   		   		
10772   			9.14   		   		
10778   			8.62   		   		
10784   			8.22   		   		
10790   			8.05   		   		
10795   			9.14   		   		
10801   			8.81   		   		
10807   			8.13   		   		
10812   			8.81   		   		
10818   			9.04   		   		
10824   			9.16   		   		
10830   			9.08   		   		
10835   			9.37   		   		
10841   			9.54   		   		
10847   			9.77   		   		
10853   			8.97   		   		
10858   			9.56   		   		
10864   			9.22   		   		
10870   			8.36   		   		
10875   			9.39   		   		
10881   			9.33   		   		
10887   			10.11   		   		
10893   			9.77   		   		
10898   			8.74   		   		
10904   			8.74   		   		
10910   			8.56   		   		
10916   			8.77   		   		
10921   			9.06   		   		
10927   			7.97   		   		
10933   			9.00   		   		
10938   			8.71   		   		
10944   			9.54   		   		
10950   			9.42   		   		
10956   			8.85   		   		
10961   			8.05   		   		
10967   			8.79   		   		
10973   			9.02   		   		
10979   			8.91   		   		
10984   			9.37   		   		
10990   			8.39   		   		
10996   			9.02   		   		
11001   			8.79   		   		
11007   			9.25   		   		
11013   			9.88   		   		
11019   			8.22   		   		
11024   			9.02   		   		
11030   			8.70   		   		
11036   			9.50   		   		
11042   			8.76   		   		
11047   			8.76   		   		
11053   			9.16   		   		
11059   			9.12   		   		
11064   			8.03   		   		
11070   			8.66   		   		
11076   			8.77   		   		
11082   			8.49   		   		
11087   			9.14   		   		
11093   			9.42   		   		
11099   			8.51   		   		
11105   			8.74   		   		
11110   			9.14   		   		
11116   			8.99   		   		
11122   			9.16   		   		
11127   			7.84   		   		
11133   			8.13   		   		
11139   			8.07   		   		
11145   			7.53   		   		
11150   			8.33   		   		
11156   			9.19   		   		
11162   			8.56   		   		
11168   			8.62   		   		
11173   			7.99   		   		
11179   			8.10   		   		
11185   			8.97   		   		
11190   			8.85   		   		
11196   			8.68   		   		
11202   			9.37   		   		
11208   			8.97   		   		
11213   			8.85   		   		
11219   			9.42   		   		
11225   			9.02   		   		
11231   			9.17   		   		
11236   			9.00   		   		
11242   			8.94   		   		
11248   			8.31   		   		
11253   			9.86   		   		
11259   			8.81   		   		
11265   			8.41   		   		
11271   			7.95   		   		
11276   			8.36   		   		
11282   			9.44   		   		
11288   			9.35   		   		
11294   			9.92   		   		
11299   			8.89   		   		
11305   			8.89   		   		
11311   			9.47   		   		
11316   			9.14   		   		
11322   			9.83   		   		
11328   			9.65   		   		
11334   			9.77   		   		
11339   			8.91   		   		
11345   			9.25   		   		
11351   			8.91   		   		
11357   			9.14   		   		
11362   			9.25   		   		
11368   			9.25   		   		
11374   			8.70   		   		
11379   			9.73   		   		
11385   			8.47   		   		
11391   			8.13   		   		
11397   			9.79   		   		
11402   			9.58   		   		
11408   			8.78   		   		
11414   			9.41   		   		
11420   			9.98   		   		
11425   			9.64   		   		
11431   			10.13   		   		
11437   			9.67   		   		
11442   			8.99   		   		
11448   			9.27   		   		
11454   			10.25   		   		
11460   			9.73   		   		
11465   			9.73   		   		
11471   			10.08   		   		
11477   			9.04   		   		
11483   			8.76   		   		
11488   			9.00   		   		
11494   			9.06   		   		
11500   			8.83   		   		
11505   			9.75   		   		
11511   			10.38   		   		
11517   			9.69   		   		
11523   			9.46   		   		
11528   			9.12   		   		
11534   			8.60   		   		
11540   			8.49   		   		
11545   			8.79   		   		
11551   			8.68   		   		
11557   			8.16   		   		
11563   			8.68   		   		
11568   			10.34   		   		
11574   			10.17   		   		
11580   			10.40   		   		
11586   			9.94   		   		
11591   			9.08   		   		
11597   			9.42   		   		
11603   			9.14   		   		
11608   			8.79   		   		
11614   			9.31   		   		
11620   			9.02   		   		
11626   			8.68   		   		
11631   			8.97   		   		
11637   			9.08   		   		
11643   			7.76   		   		
11649   			9.08   		   		
11654   			8.97   		   		
11660   			8.81   		   		
11666   			7.67   		   		
11671   			9.62   		   		
11677   			9.04   		   		
11683   			9.16   		   		
11689   			9.85   		   		
11694   			9.04   		   		
11700   			9.50   		   		
11706   			9.04   		   		
11712   			8.87   		   		
11717   			9.94   		   		
11723   			9.42   		   		
11729   			8.56   		   		
11734   			8.22   		   		
11740   			9.02   		   		
11746   			9.83   		   		
11752   			10.17   		   		
11757   			10.17   		   		
11763   			10.17   		   		
11769   			9.88   		   		
11775   			10.25   		   		
11780   			11.11   		   		
11786   			10.19   		   		
11792   			10.02   		   		
11797   			9.50   		   		
11803   			9.77   		   		
11809   			9.31   		   		
11815   			8.91   		   		
11820   			9.77   		   		
11826   			9.83   		   		
11832   			9.80   		   		
11838   			10.26   		   		
11843   			9.52   		   		
11849   			9.63   		   		
11855   			9.69   		   		
11860   			9.67   		   		
11866   			10.08   		   		
11872   			9.79   		   		
11878   			10.42   		   		
11883   			9.56   		   		
11889   			10.30   		   		
11895   			9.73   		   		
11901   			9.50   		   		
11906   			9.44   		   		
11912   			9.56   		   		
11918   			9.77   		   		
11923   			9.54   		   		
11929   			9.14   		   		
11935   			9.02   		   		
11941   			10.17   		   		
11946   			9.56   		   		
11952   			9.62   		   		
11958   			9.56   		   		
11964   			9.67   		   		
11969   			8.99   		   		
11975   			9.22   		   		
11981   			9.50   		   		
11986   			9.16   		   		
11992   			8.41   		   		
11998   			9.39   		   		
12004   			9.25   		   		
12009   			9.31   		   		
12015   			9.65   		   		
12021   			9.25   		   		
12027   			8.85   		   		
12032   			8.99   		   		
12038   			7.90   		   		
12044   			8.47   		   		
12049   			8.13   		   		
12055   			8.70   		   		
12061   			8.03   		   		
12067   			7.62   		   		
12072   			8.71   		   		
12078   			8.08   		   		
12084   			9.06   		   		
12090   			8.70   		   		
12095   			8.76   		   		
12101   			9.10   		   		
12107   			7.84   		   		
12112   			8.30   		   		
12118   			8.10   		   		
12124   			8.45   		   		
12130   			7.53   		   		
12135   			8.22   		   		
12141   			8.51   		   		
12147   			8.51   		   		
12153   			8.45   		   		
12158   			8.51   		   		
12164   			8.45   		   		
12170   			9.14   		   		
12175   			8.45   		   		
12181   			7.65   		   		
12187   			7.88   		   		
12193   			8.39   		   		
12198   			8.28   		   		
12204   			8.74   		   		
12210   			8.74   		   		
12216   			8.68   		   		
12221   			8.22   		   		
12227   			8.28   		   		
12233   			8.84   		   		
12238   			9.12   		   		
12244   			8.49   		   		
12250   			8.78   		   		
12256   			8.61   		   		
12261   			9.31   		   		
12267   			9.14   		   		
12273   			9.08   		   		
12279   			8.51   		   		
12284   			9.31   		   		
12290   			8.58   		   		
12296   			9.44   		   		
12301   			10.30   		   		
12307   			10.02   		   		
12313   			9.67   		   		
12319   			9.22   		   		
12324   			9.50   		   		
12330   			9.39   		   		
12336   			10.59   		   		
12342   			10.02   		   		
12347   			9.50   		   		
12353   			9.44   		   		
12359   			9.33   		   		
12364   			9.73   		   		
12370   			9.10   		   		
12376   			9.50   		   		
12382   			9.90   		   		
12387   			9.50   		   		
12393   			9.04   		   		
12399   			9.04   		   		
12405   			9.33   		   		
12410   			8.53   		   		
12416   			8.76   		   		
12422   			8.99   		   		
12427   			10.02   		   		
12433   			8.68   		   		
12439   			9.60   		   		
12445   			8.56   		   		
12450   			8.45   		   		
12456   			9.37   		   		
12462   			8.91   		   		
12468   			8.51   		   		
12473   			7.93   		   		
12479   			8.91   		   		
12485   			9.19   		   		
12490   			7.91   		   		
12496   			8.54   		   		
12502   			9.17   		   		
12508   			9.23   		   		
12513   			9.40   		   		
12519   			10.00   		   		
12525   			9.54   		   		
12531   			9.60   		   		
12536   			9.31   		   		
12542   			10.11   		   		
12548   			8.66   		   		
12553   			9.35   		   		
12559   			9.80   		   		
12565   			10.26   		   		
12571   			9.69   		   		
12576   			9.12   		   		
12582   			9.01   		   		
12588   			7.69   		   		
12593   			10.27   		   		
12599   			9.29   		   		
12605   			9.25   		   		
12611   			8.79   		   		
12616   			8.28   		   		
12622   			8.91   		   		
12628   			8.22   		   		
12634   			8.58   		   		
12639   			9.56   		   		
12645   			9.56   		   		
12651   			6.34   		   		
12656   			9.10   		   		
12662   			9.01   		   		
12668   			8.72   		   		
12674   			8.55   		   		
12679   			8.66   		   		
12685   			8.78   		   		
12691   			9.22   		   		
12697   			9.50   		   		
12702   			8.58   		   		
12708   			9.10   		   		
12714   			6.75   		   		
12719   			8.16   		   		
12725   			9.65   		   		
12731   			8.68   		   		
12737   			8.74   		   		
12742   			9.19   		   		
12748   			9.50   		   		
12754   			9.10   		   		
12760   			9.16   		   		
12765   			9.27   		   		
12771   			9.22   		   		
12777   			6.90   		   		
12782   			8.85   		   		
12788   			9.19   		   		
12794   			8.68   		   		
12800   			9.14   		   		
12805   			9.10   		   		
12811   			9.10   		   		
12817   			8.41   		   		
12823   			8.13   		   		
12828   			9.04   		   		
12834   			9.04   		   		
12840   			8.01   		   		
12845   			9.27   		   		
12851   			9.33   		   		
12857   			8.24   		   		
12863   			8.62   		   		
12868   			8.16   		   		
12874   			9.31   		   		
12880   			9.42   		   		
12886   			9.25   		   		
12891   			9.35   		   		
12897   			9.52   		   		
12903   			8.61   		   		
12908   			9.52   		   		
12914   			9.75   		   		
12920   			10.20   		   		
12926   			10.03   		   		
12931   			9.57   		   		
12937   			9.35   		   		
12943   			8.71   		   		
12949   			8.74   		   		
12954   			8.56   		   		
12960   			9.83   		   		
12966   			7.99   		   		
12971   			9.60   		   		
12977   			10.30   		   		
12983   			9.39   		   		
12989   			9.04   		   		
12994   			9.67   		   		
13000   			8.58   		   		
13006   			8.76   		   		
13012   			9.16   		   		
13017   			9.27   		   		
13023   			9.56   		   		
13029   			7.61   		   		
13034   			8.87   		   		
13040   			9.62   		   		
13046   			8.30   		   		
13052   			9.33   		   		
13057   			8.58   		   		
13063   			9.42   		   		
13069   			9.31   		   		
13075   			9.02   		   		
13080   			9.71   		   		
13086   			9.08   		   		
13092   			9.25   		   		
13097   			9.08   		   		
13103   			8.85   		   		
13109   			9.02   		   		
13115   			9.14   		   		
13120   			8.97   		   		
13126   			8.33   		   		
13132   			9.08   		   		
13138   			8.97   		   		
13143   			8.68   		   		
13149   			8.72   		   		
13155   			9.18   		   		
13160   			9.70   		   		
13166   			8.66   		   		
13172   			8.72   		   		
13178   			9.65   		   		
13183   			9.08   		   		
13189   			9.94   		   		
13195   			9.14   		   		
13201   			9.60   		   		
13206   			8.94   		   		
13212   			8.60   		   		
13218   			8.54   		   		
13223   			8.94   		   		
13229   			8.83   		   		
13235   			9.60   		   		
13241   			9.48   		   		
13246   			9.83   		   		
13252   			9.94   		   		
13258   			10.40   		   		
13264   			10.13   		   		
13269   			9.67   		   		
13275   			9.33   		   		
13281   			9.39   		   		
13286   			9.16   		   		
13292   			9.40   		   		
13298   			9.35   		   		
13304   			8.83   		   		
13309   			8.37   		   		
13315   			8.54   		   		
13321   			8.56   		   		
13327   			8.97   		   		
13332   			8.97   		   		
13338   			9.08   		   		
13344   			8.91   		   		
13349   			10.59   		   		
13355   			8.87   		   		
13361   			9.39   		   		
13367   			9.44   		   		
13372   			9.50   		   		
13378   			8.85   		   		
13384   			9.60   		   		
13390   			9.31   		   		
13395   			9.14   		   		
13401   			9.60   		   		
13407   			8.91   		   		
13412   			10.34   		   		
13418   			9.65   		   		
13424   			8.91   		   		
13430   			9.25   		   		
13435   			9.56   		   		
13441   			9.56   		   		
13447   			9.50   		   		
13453   			9.73   		   		
13458   			9.56   		   		
13464   			9.94   		   		
13470   			9.14   		   		
13475   			10.23   		   		
13481   			9.88   		   		
13487   			9.48   		   		
13493   			9.16   		   		
13498   			9.27   		   		
13504   			8.99   		   		
13510   			9.56   		   		
13516   			9.73   		   		
13521   			9.94   		   		
13527   			10.00   		   		
13533   			9.83   		   		
13538   			9.31   		   		
13544   			9.54   		   		
13550   			9.22   		   		
13556   			9.04   		   		
13561   			8.81   		   		
13567   			9.04   		   		
13573   			9.50   		   		
13579   			8.97   		   		
13584   			9.48   		   		
13590   			8.91   		   		
13596   			9.71   		   		
13601   			8.74   		   		
13607   			8.87   		   		
13613   			9.50   		   		
13619   			9.79   		   		
13624   			9.33   		   		
13630   			9.85   		   		
13636   			9.62   		   		
13642   			9.39   		   		
13647   			9.85   		   		
13653   			8.47   		   		
13659   			8.64   		   		
13664   			9.39   		   		
13670   			8.99   		   		
13676   			8.64   		   		
13682   			9.96   		   		
13687   			9.67   		   		
13693   			9.12   		   		
13699   			9.52   		   		
13705   			9.92   		   		
13710   			9.12   		   		
13716   			9.70   		   		
13722   			8.71   		   		
13727   			9.40   		   		
13733   			8.83   		   		
13739   			8.94   		   		
13745   			8.60   		   		
13750   			8.77   		   		
13756   			7.91   		   		
13762   			6.76   		   		
13767   			9.00   		   		
13773   			8.66   		   		
13779   			8.66   		   		
13785   			8.55   		   		
13790   			9.64   		   		
13796   			8.61   		   		
13802   			8.26   		   		
13808   			9.02   		   		
13813   			8.97   		   		
13819   			8.62   		   		
13825   			9.83   		   		
13830   			8.97   		   		
13836   			10.02   		   		
13842   			8.70   		   		
13848   			8.70   		   		
13853   			9.39   		   		
13859   			9.27   		   		
13865   			8.91   		   		
13871   			10.45   		   		
13876   			9.60   		   		
13882   			8.97   		   		
13888   			9.88   		   		
13893   			9.42   		   		
13899   			9.42   		   		
13905   			8.62   		   		
13911   			8.97   		   		
13916   			9.31   		   		
13922   			9.60   		   		
13928   			9.54   		   		
13934   			8.68   		   		
13939   			9.14   		   		
13945   			9.48   		   		
13951   			9.48   		   		
13956   			9.25   		   		
13962   			9.77   		   		
13968   			9.14   		   		
13974   			8.97   		   		
13979   			9.44   		   		
13985   			9.79   		   		
13991   			9.39   		   		
13997   			9.44   		   		
14002   			9.90   		   		
14008   			9.16   		   		
14014   			10.42   		   		
14019   			9.39   		   		
14025   			9.67   		   		
14031   			9.39   		   		
14037   			10.15   		   		
14042   			9.40   		   		
14048   			9.40   		   		
14054   			9.80   		   		
14060   			9.69   		   		
14065   			9.04   		   		
14071   			9.67   		   		
14077   			9.22   		   		
14082   			9.62   		   		
14088   			9.67   		   		
14094   			9.64   		   		
14100   			10.15   		   		
14105   			8.95   		   		
14111   			9.35   		   		
14117   			9.70   		   		
14123   			9.60   		   		
14128   			9.77   		   		
14134   			9.19   		   		
14140   			9.54   		   		
14145   			10.05   		   		
14151   			10.38   		   		
14157   			10.10   		   		
14163   			9.24   		   		
14168   			9.52   		   		
14174   			9.06   		   		
14180   			8.22   		   		
14186   			9.42   		   		
14191   			8.91   		   		
14197   			9.31   		   		
14203   			9.14   		   		
14208   			9.73   		   		
14214   			8.58   		   		
14220   			8.87   		   		
14226   			8.53   		   		
14231   			9.39   		   		
14237   			8.51   		   		
14243   			9.42   		   		
14249   			8.22   		   		
14254   			9.37   		   		
14260   			8.56   		   		
14266   			8.84   		   		
14271   			9.35   		   		
14277   			8.66   		   		
14283   			7.97   		   		
14289   			8.26   		   		
14294   			9.44   		   		
14300   			9.39   		   		
14306   			9.22   		   		
14312   			8.87   		   		
14317   			8.76   		   		
14323   			7.99   		   		
14329   			8.97   		   		
14334   			8.56   		   		
14340   			8.62   		   		
14346   			8.33   		   		
14352   			7.99   		   		
14357   			8.56   		   		
14363   			8.97   		   		
14369   			8.45   		   		
14375   			8.05   		   		
14380   			8.16   		   		
14386   			8.97   		   		
14392   			8.91   		   		
14397   			9.37   		   		
14403   			9.37   		   		
14409   			9.14   		   		
14415   			8.10   		   		
14420   			8.91   		   		
14426   			9.19   		   		
14432   			7.93   		   		
14438   			9.62   		   		
14443   			8.76   		   		
14449   			8.93   		   		
14455   			9.96   		   		
14460   			9.56   		   		
14466   			9.65   		   		
14472   			9.83   		   		
14478   			10.57   		   		
14483   			9.71   		   		
14489   			9.77   		   		
14495   			9.31   		   		
14501   			9.54   		   		
14506   			9.37   		   		
14512   			9.37   		   		
14518   			9.65   		   		
14523   			9.27   		   		
14529   			9.27   		   		
14535   			8.58   		   		
14541   			8.87   		   		
14546   			8.99   		   		
14552   			8.85   		   		
14558   			9.08   		   		
14564   			9.54   		   		
14569   			9.71   		   		
14575   			9.54   		   		
14581   			9.14   		   		
14586   			9.14   		   		
14592   			8.56   		   		
14598   			9.14   		   		
14604   			10.11   		   		
14609   			10.00   		   		
14615   			9.19   		   		
14621   			10.17   		   		
14627   			10.45   		   		
14632   			10.40   		   		
14638   			9.77   		   		
14644   			10.68   		   		
14649   			10.91   		   		
14655   			9.48   		   		
14661   			8.91   		   		
14667   			8.85   		   		
14672   			9.14   		   		
14678   			10.40   		   		
14684   			8.05   		   		
14689   			9.88   		   		
14695   			10.00   		   		
14701   			10.00   		   		
14707   			9.48   		   		
14712   			10.05   		   		
14718   			9.88   		   		
14724   			9.04   		   		
14730   			10.30   		   		
14735   			9.27   		   		
14741   			9.22   		   		
14747   			8.87   		   		
14752   			9.50   		   		
14758   			9.56   		   		
14764   			9.04   		   		
14770   			10.36   		   		
14775   			9.56   		   		
14781   			10.42   		   		
14787   			8.81   		   		
14793   			8.93   		   		
14798   			8.81   		   		
14804   			9.44   		   		
14810   			7.55   		   		
14815   			9.90   		   		
14821   			9.62   		   		
14827   			10.53   		   		
14833   			9.62   		   		
14838   			9.71   		   		
14844   			9.48   		   		
14850   			8.74   		   		
14856   			8.68   		   		
14861   			8.97   		   		
14867   			9.31   		   		
14873   			7.93   		   		
14878   			8.39   		   		
14884   			9.02   		   		
14890   			8.45   		   		
14896   			8.41   		   		
14901   			8.81   		   		
14907   			8.13   		   		
14913   			8.47   		   		
14919   			9.22   		   		
14924   			9.71   		   		
14930   			9.65   		   		
14936   			7.53   		   		
14941   			9.08   		   		
14947   			9.48   		   		
14953   			9.56   		   		
14959   			9.10   		   		
14964   			8.76   		   		
14970   			8.99   		   		
14976   			8.87   		   		
14982   			10.11   		   		
14987   			9.08   		   		
14993   			9.37   		   		
14999   			7.01   		   		
15004   			8.39   		   		
15010   			8.70   		   		
15016   			9.04   		   		
15022   			8.93   		   		
15027   			8.93   		   		
15033   			10.02   		   		
15039   			9.71   		   		
15045   			8.91   		   		
15050   			9.60   		   		
15056   			9.31   		   		
15062   			9.02   		   		
15067   			10.23   		   		
15073   			10.57   		   		
15079   			9.83   		   		
15085   			9.60   		   		
15090   			9.83   		   		
15096   			9.08   		   		
15102   			9.71   		   		
15108   			8.91   		   		
15113   			8.97   		   		
15119   			8.56   		   		
15125   			8.83   		   		
15130   			8.60   		   		
15136   			8.08   		   		
15142   			8.03   		   		
15148   			8.89   		   		
15153   			8.47   		   		
15159   			9.44   		   		
15165   			9.33   		   		
15171   			10.25   		   		
15176   			9.79   		   		
15182   			10.00   		   		
15188   			9.94   		   		
15193   			9.37   		   		
15199   			10.51   		   		
15205   			9.60   		   		
15211   			10.13   		   		
15216   			10.48   		   		
15222   			9.44   		   		
15228   			9.22   		   		
15234   			9.04   		   		
15239   			8.01   		   		
15245   			9.22   		   		
15251   			9.44   		   		
15256   			8.87   		   		
15262   			9.22   		   		
15268   			9.56   		   		
15274   			9.56   		   		
15279   			10.13   		   		
15285   			9.56   		   		
15291   			9.04   		   		
15297   			10.02   		   		
15302   			9.22   		   		
15308   			9.79   		   		
15314   			8.81   		   		
15319   			8.53   		   		
15325   			9.73   		   		
15331   			9.27   		   		
15337   			8.47   		   		
15342   			8.70   		   		
15348   			9.90   		   		
15354   			9.42   		   		
15360   			10.11   		   		
15365   			9.94   		   		
15371   			9.42   		   		
15377   			9.60   		   		
15382   			9.63   		   		
15388   			9.40   		   		
15394   			8.49   		   		
15400   			9.86   		   		
15405   			9.63   		   		
15411   			9.25   		   		
15417   			8.91   		   		
15423   			8.97   		   		
15428   			7.99   		   		
15434   			8.56   		   		
15440   			7.72   		   		
15445   			8.18   		   		
15451   			8.36   		   		
15457   			8.64   		   		
15463   			8.81   		   		
15468   			8.97   		   		
15474   			8.97   		   		
15480   			8.91   		   		
15486   			8.33   		   		
15491   			8.74   		   		
15497   			8.64   		   		
15503   			8.41   		   		
15508   			7.44   		   		
15514   			8.01   		   		
15520   			8.30   		   		
15526   			8.10   		   		
15531   			8.85   		   		
15537   			8.16   		   		
15543   			8.68   		   		
15549   			7.93   		   		
15554   			8.64   		   		
15560   			8.76   		   		
15566   			8.99   		   		
15571   			8.76   		   		
15577   			8.70   		   		
15583   			8.33   		   		
15589   			8.85   		   		
15594   			8.22   		   		
15600   			8.39   		   		
15606   			7.82   		   		
15612   			8.01   		   		
15617   			8.41   		   		
15623   			7.55   		   		
15629   			8.53   		   		
15634   			8.24   		   		
15640   			8.13   		   		
15646   			8.24   		   		
15652   			7.84   		   		
15657   			9.04   		   		
15663   			8.13   		   		
15669   			7.72   		   		
15675   			8.30   		   		
15680   			7.90   		   		
15686   			7.90   		   		
15692   			7.38   		   		
15697   			6.94   		   		
15703   			6.48   		   		
15709   			7.05   		   		
15715   			6.94   		   		
15720   			7.97   		   		
15726   			7.03   		   		
15732   			6.17   		   		
15738   			6.46   		   		
15743   			5.54   		   		
15749   			5.88   		   		
15755   			6.06   		   		
15760   			6.11   		   		
15766   			5.83   		   		
15772   			6.06   		   		
15778   			5.31   		   		
15783   			6.00   		   		
15789   			6.23   		   		
15795   			5.14   		   		
15801   			5.42   		   		
15806   			5.83   		   		
15812   			5.32   		   		
15818   			5.04   		   		
15823   			5.44   		   		
15829   			5.61   		   		
15835   			5.15   		   		
15841   			4.85   		   		
15846   			4.62   		   		
15852   			4.62   		   		
15858   			5.14   		   		
15864   			4.73   		   		
15869   			5.39   		   		
15875   			4.41   		   		
15881   			3.89   		   		
15886   			4.24   		   		
15892   			4.06   		   		
15898   			4.14   		   		
15904   			4.37   		   		
15909   			3.50   		   		
15915   			3.50   		   		
15921   			4.25   		   		
15927   			3.46   		   		
15932   			2.83   		   		
15938   			2.60   		   		
15944   			2.66   		   		
15949   			3.52   		   		
15955   			3.37   		   		
15961   			3.08   		   		
15967   			2.85   		   		
15972   			3.43   		   		
15978   			3.60   		   		
15984   			1.62   		   		
15989   			3.64   		   		
15995   			3.35   		   		
16001   			2.89   		   		
16007   			3.12   		   		
16012   			2.56   		   		
16018   			1.69   		   		
16024   			2.44   		   		
16030   			3.19   		   		
16035   			2.44   		   		
16041   			2.37   		   		
16047   			1.33   		   		
16052   			1.96   		   		
16058   			2.31   		   		
16064   			2.54   		   		
16070   			2.60   		   		
16075   			2.43   		   		
16081   			2.19   		   		
16087   			2.14   		   		
16093   			1.39   		   		
16098   			2.19   		   		
16104   			1.56   		   		
16110   			1.56   		   		
16115   			2.60   		   		
16121   			1.73   		   		
16127   			1.65   		   		
16133   			1.77   		   		
16138   			2.17   		   		
16144   			1.31   		   		
16150   			1.77   		   		
16156   			2.17   		   		
16161   			1.48   		   		
16167   			1.77   		   		
16173   			1.31   		   		
16178   			1.54   		   		
16184   			0.90   		   		
16190   			1.77   		   		
16196   			1.77   		   		
16201   			1.02   		   		
16207   			0.61   		   		
16213   			1.62   		   		
16219   			1.33   		   		
16224   			0.92   		   		
16230   			0.40   		   		
16236   			0.86   		   		
16241   			1.21   		   		
16247   			0.75   		   		
16253   			0.75   		   		
16259   			1.39   		   		
16264   			1.39   		   		
16270   			0.63   		   		
16276   			1.15   		   		
16282   			0.23   		   		
16287   			1.10   		   		
16293   			0.40   		   		
16299   			0.81   		   		
16304   			-0.53   		   		
16310   			-0.35   		   		
16316   			0.29   		   		
16322   			-0.18   		   		
16327   			0.60   		   		
16333   			0.19   		   		
16339   			-0.10   		   		
16344   			-0.50   		   		
16350   			0.02   		   		
16356   			-0.02   		   		
16362   			0.32   		   		
16367   			0.15   		   		
16373   			0.15   		   		
16379   			-0.20   		   		
16385   			0.15   		   		
16390   			-0.14   		   		
16396   			-0.08   		   		
16402   			-2.17   		   		
16407   			-0.20   		   		
16413   			0.63   		   		
16419   			0.00   		   		
16425   			0.34   		   		
16430   			0.11   		   		
16436   			0.46   		   		
16442   			1.04   		   		
16448   			0.23   		   		
16453   			0.23   		   		
16459   			0.46   		   		
16465   			-1.92   		   		
16470   			-0.66   		   		
16476   			0.21   		   		
16482   			-0.20   		   		
16488   			0.55   		   		
16493   			-0.20   		   		
16499   			0.24   		   		
16505   			-0.10   		   		
16511   			-0.74   		   		
16516   			-0.91   		   		
16522   			-0.68   		   		
16528   			-1.94   		   		
16533   			-0.66   		   		
16539   			-0.43   		   		
16545   			-0.02   		   		
16551   			-0.26   		   		
16556   			-0.84   		   		
16562   			-0.84   		   		
16568   			-0.49   		   		
16574   			-1.30   		   		
16579   			-1.82   		   		
16585   			-1.92   		   		
16591   			-1.16   		   		
16596   			-0.47   		   		
16602   			-1.68   		   		
16608   			-1.22   		   		
16614   			-0.76   		   		
16619   			-0.53   		   		
16625   			-0.81   		   		
16631   			-0.76   		   		
16637   			-0.81   		   		
16642   			-0.37   		   		
16648   			0.15   		   		
16654   			-0.08   		   		
16659   			-0.89   		   		
16665   			-0.20   		   		
16671   			-0.43   		   		
16677   			-0.95   		   		
16682   			-0.84   		   		
16688   			-1.36   		   		
16694   			-0.78   		   		
16700   			-0.18   		   		
16705   			-0.58   		   		
16711   			-0.99   		   		
16717   			-0.81   		   		
16722   			-0.29   		   		
16728   			-0.55   		   		
16734   			-0.26   		   		
16740   			-0.37   		   		
16745   			-1.47   		   		
16751   			-0.31   		   		
16757   			0.21   		   		
16763   			0.67   		   		
16768   			-0.08   		   		
16774   			0.09   		   		
16780   			0.26   		   		
16785   			0.61   		   		
16791   			-0.08   		   		
16797   			-0.89   		   		
16803   			-0.31   		   		
16808   			-0.49   		   		
16814   			-0.64   		   		
16820   			-0.35   		   		
16826   			-0.12   		   		
16831   			-0.53   		   		
16837   			-0.29   		   		
16843   			-0.60   		   		
16848   			0.73   		   		
16854   			0.03   		   		
16860   			0.96   		   		
16866   			0.73   		   		
16871   			0.44   		   		
16877   			-0.14   		   		
16883   			0.09   		   		
16889   			0.15   		   		
16894   			0.15   		   		
16900   			-0.35   		   		
16906   			-0.12   		   		
16911   			-0.41   		   		
16917   			0.05   		   		
16923   			-0.18   		   		
16929   			-1.05   		   		
16934   			-0.64   		   		
16940   			-0.29   		   		
16946   			-0.29   		   		
16952   			-0.53   		   		
16957   			-0.08   		   		
16963   			-1.24   		   		
16969   			-0.43   		   		
16974   			0.38   		   		
16980   			0.55   		   		
16986   			-0.37   		   		
16992   			-0.08   		   		
16997   			0.55   		   		
17003   			-0.78   		   		
17009   			-0.08   		   		
17015   			-0.22   		   		
17020   			0.01   		   		
17026   			0.13   		   		
17032   			-1.09   		   		
17037   			-0.57   		   		
17043   			0.44   		   		
17049   			0.79   		   		
17055   			0.03   		   		
17060   			0.03   		   		
17066   			-0.43   		   		
17072   			-1.71   		   		
17077   			-0.26   		   		
17083   			0.79   		   		
17089   			0.09   		   		
17095   			0.09   		   		
17100   			-0.43   		   		
17106   			0.21   		   		
17112   			0.03   		   		
17118   			0.03   		   		
17123   			0.09   		   		
17129   			-0.06   		   		
17135   			-1.74   		   		
17140   			-0.12   		   		
17146   			0.05   		   		
17152   			0.34   		   		
17158   			0.21   		   		
17163   			0.32   		   		
17169   			-0.08   		   		
17175   			-0.14   		   		
17181   			0.26   		   		
17186   			0.38   		   		
17192   			0.90   		   		
17198   			-0.84   		   		
17203   			0.03   		   		
17209   			-0.02   		   		
17215   			0.09   		   		
17221   			0.32   		   		
17226   			-0.20   		   		
17232   			0.32   		   		
17238   			-0.20   		   		
17244   			-0.29   		   		
17249   			0.00   		   		
17255   			0.81   		   		
17261   			-1.74   		   		
17266   			-0.06   		   		
17272   			-0.06   		   		
17278   			0.11   		   		
17284   			1.15   		   		
17289   			0.63   		   		
17295   			0.81   		   		
17301   			1.36   		   		
17307   			0.96   		   		
17312   			0.96   		   		
17318   			-0.14   		   		
17324   			0.79   		   		
17329   			-0.18   		   		
17335   			-0.93   		   		
17341   			-0.06   		   		
17347   			0.23   		   		
17352   			-0.18   		   		
17358   			-0.89   		   		
17364   			0.09   		   		
17370   			0.26   		   		
17375   			0.55   		   		
17381   			0.55   		   		
17387   			0.63   		   		
17392   			0.63   		   		
17398   			0.11   		   		
17404   			0.34   		   		
17410   			0.46   		   		
17415   			0.98   		   		
17421   			0.52   		   		
17427   			0.23   		   		
17433   			0.05   		   		
17438   			0.40   		   		
17444   			1.08   		   		
17450   			0.32   		   		
17455   			0.21   		   		
17461   			0.73   		   		
17467   			-0.14   		   		
17473   			0.83   		   		
17478   			0.25   		   		
17484   			0.02   		   		
17490   			0.02   		   		
17496   			0.60   		   		
17501   			0.03   		   		
17507   			0.26   		   		
17513   			-0.49   		   		
17518   			-0.49   		   		
17524   			0.26   		   		
17530   			-0.39   		   		
17536   			-0.10   		   		
17541   			0.71   		   		
17547   			0.25   		   		
17553   			0.31   		   		
17559   			-0.31   		   		
17564   			-0.78   		   		
17570   			-1.18   		   		
17576   			0.44   		   		
17581   			-0.60   		   		
17587   			0.32   		   		
17593   			-0.49   		   		
17599   			-0.72   		   		
17604   			-0.95   		   		
17610   			-0.66   		   		
17616   			-0.66   		   		
17622   			-0.43   		   		
17627   			-0.84   		   		
17633   			-0.84   		   		
17639   			-0.78   		   		
17644   			-0.35   		   		
17650   			-0.06   		   		
17656   			0.23   		   		
17662   			-0.47   		   		
17667   			-0.18   		   		
17673   			-0.02   		   		
17679   			0.09   		   		
17685   			-0.55   		   		
17690   			-0.78   		   		
17696   			-0.26   		   		
17702   			0.26   		   		
17707   			-0.08   		   		
17713   			-0.37   		   		
17719   			-0.14   		   		
17725   			-0.14   		   		
17730   			-0.55   		   		
17736   			-0.26   		   		
17742   			0.67   		   		
17748   			-0.37   		   		
17753   			0.32   		   		
17759   			0.38   		   		
17765   			0.32   		   		
17770   			-0.37   		   		
17776   			0.55   		   		
17782   			0.03   		   		
17788   			-0.57   		   		
17793   			-0.10   		   		
17799   			0.13   		   		
17805   			-0.34   		   		
17811   			-0.05   		   		
17816   			0.60   		   		
17822   			0.54   		   		
17828   			0.36   		   		
17833   			0.19   		   		
17839   			0.19   		   		
17845   			-0.60   		   		
17851   			-0.37   		   		
17856   			-0.37   		   		
17862   			-0.66   		   		
17868   			-0.78   		   		
17873   			-0.14   		   		
17879   			-0.08   		   		
17885   			-0.14   		   		
17891   			0.09   		   		
17896   			0.09   		   		
17902   			0.00   		   		
17908   			-0.06   		   		
17914   			0.29   		   		
17919   			1.62   		   		
17925   			0.40   		   		
17931   			-1.92   		   		
17936   			0.23   		   		
17942   			-0.18   		   		
17948   			0.34   		   		
17954   			0.17   		   		
17959   			0.21   		   		
17965   			0.55   		   		
17971   			0.55   		   		
17977   			0.32   		   		
17982   			0.26   		   		
17988   			0.65   		   		
17994   			-0.97   		   		
17999   			0.19   		   		
18005   			0.77   		   		
18011   			0.60   		   		
18017   			0.29   		   		
18022   			0.92   		   		
18028   			0.63   		   		
18034   			0.92   		   		
18040   			0.40   		   		
18045   			0.44   		   		
18051   			0.38   		   		
18057   			-1.36   		   		
18062   			0.44   		   		
18068   			0.21   		   		
18074   			0.44   		   		
18080   			0.61   		   		
18085   			1.25   		   		
18091   			1.42   		   		
18097   			0.32   		   		
18103   			0.46   		   		
18108   			-0.12   		   		
18114   			0.29   		   		
18120   			1.44   		   		
18125   			0.86   		   		
18131   			1.02   		   		
18137   			0.79   		   		
18143   			0.26   		   		
18148   			0.84   		   		
18154   			1.42   		   		
18160   			1.02   		   		
18166   			1.54   		   		
18171   			1.54   		   		
18177   			0.96   		   		
18183   			1.02   		   		
18188   			0.90   		   		
18194   			1.36   		   		
18200   			0.50   		   		
18206   			0.55   		   		
18211   			1.19   		   		
18217   			0.15   		   		
18223   			0.44   		   		
18229   			0.15   		   		
18234   			0.38   		   		
18240   			0.03   		   		
18246   			-0.20   		   		
18251   			-0.78   		   		
18257   			0.55   		   		
18263   			0.03   		   		
18269   			0.67   		   		
18274   			0.44   		   		
18280   			1.02   		   		
18286   			0.61   		   		
18292   			0.55   		   		
18297   			0.84   		   		
18303   			0.73   		   		
18309   			-0.37   		   		
18314   			-0.08   		   		
18320   			0.09   		   		
18326   			1.08   		   		
18332   			0.02   		   		
18337   			0.19   		   		
18343   			-0.33   		   		
18349   			0.19   		   		
18355   			0.77   		   		
18360   			-0.63   		   		
18366   			0.59   		   		
18372   			0.07   		   		
18377   			-0.10   		   		
18383   			0.30   		   		
18389   			0.46   		   		
18395   			0.63   		   		
18400   			1.10   		   		
18406   			0.69   		   		
18412   			0.63   		   		
18418   			0.17   		   		
18423   			0.17   		   		
18429   			0.11   		   		
18435   			0.05   		   		
18440   			0.23   		   		
18446   			-0.24   		   		
18452   			0.58   		   		
18458   			-0.29   		   		
18463   			0.11   		   		
18469   			-0.24   		   		
18475   			0.03   		   		
18481   			0.09   		   		
18486   			0.03   		   		
18492   			-0.02   		   		
18498   			0.09   		   		
18503   			0.32   		   		
18509   			0.90   		   		
18515   			0.09   		   		
18521   			0.50   		   		
18526   			0.26   		   		
18532   			-0.14   		   		
18538   			0.84   		   		
18544   			-0.08   		   		
18549   			0.79   		   		
18555   			0.50   		   		
18561   			-0.26   		   		
18566   			0.26   		   		
18572   			1.02   		   		
18578   			0.26   		   		
18584   			-0.20   		   		
18589   			0.81   		   		
18595   			0.81   		   		
18601   			0.23   		   		
18606   			0.23   		   		
18612   			-0.06   		   		
18618   			0.73   		   		
18624   			1.25   		   		
18629   			0.73   		   		
18635   			0.15   		   		
18641   			-0.14   		   		
18647   			0.38   		   		
18652   			0.55   		   		
18658   			0.21   		   		
18664   			-1.47   		   		
18669   			1.13   		   		
18675   			0.09   		   		
18681   			0.15   		   		
18687   			-0.37   		   		
18692   			-0.84   		   		
18698   			-1.07   		   		
18704   			0.26   		   		
18710   			0.96   		   		
18715   			0.55   		   		
18721   			0.96   		   		
18727   			-0.31   		   		
18732   			0.96   		   		
18738   			0.38   		   		
18744   			0.55   		   		
18750   			0.55   		   		
18755   			0.32   		   		
18761   			1.08   		   		
18767   			0.73   		   		
18773   			0.84   		   		
18778   			0.55   		   		
18784   			-0.08   		   		
18790   			0.07   		   		
18795   			0.76   		   		
18801   			0.19   		   		
18807   			-0.28   		   		
18813   			1.17   		   		
18818   			0.58   		   		
18824   			0.98   		   		
18830   			0.11   		   		
18836   			0.23   		   		
18841   			0.98   		   		
18847   			0.36   		   		
18853   			0.60   		   		
18858   			0.83   		   		
18864   			0.19   		   		
18870   			0.77   		   		
18876   			0.86   		   		
18881   			0.92   		   		
18887   			0.29   		   		
18893   			0.52   		   		
18899   			-0.18   		   		
18904   			0.03   		   		
18910   			-0.43   		   		
18916   			-0.20   		   		
18921   			0.67   		   		
18927   			0.44   		   		
18933   			0.59   		   		
18939   			0.01   		   		
18944   			0.13   		   		
18950   			0.71   		   		
18956   			0.48   		   		
18962   			0.98   		   		
18967   			0.40   		   		
18973   			0.23   		   		
18979   			1.10   		   		
18984   			0.05   		   		
18990   			0.44   		   		
18996   			0.21   		   		
19002   			0.73   		   		
19007   			0.90   		   		
19013   			1.42   		   		
19019   			0.84   		   		
19025   			0.61   		   		
19030   			0.90   		   		
19036   			0.03   		   		
19042   			0.79   		   		
19047   			0.42   		   		
19053   			0.48   		   		
19059   			0.02   		   		
19065   			-0.33   		   		
19070   			0.31   		   		
19076   			0.73   		   		
19082   			1.02   		   		
19088   			-0.02   		   		
19093   			-0.26   		   		
19099   			-0.55   		   		
19105   			-0.76   		   		
19110   			0.46   		   		
19116   			0.34   		   		
19122   			0.00   		   		
19128   			-0.12   		   		
19133   			0.38   		   		
19139   			-0.20   		   		
19145   			0.09   		   		
19151   			-0.08   		   		
19156   			-0.60   		   		
19162   			-0.55   		   		
19168   			0.03   		   		
19173   			-0.72   		   		
19179   			0.38   		   		
19185   			-0.43   		   		
19191   			-0.62   		   		
19196   			0.19   		   		
19202   			1.06   		   		
19208   			0.02   		   		
19214   			1.06   		   		
19219   			1.25   		   		
19225   			0.44   		   		
19231   			0.96   		   		
19236   			0.32   		   		
19242   			0.26   		   		
19248   			0.03   		   		
19254   			0.15   		   		
19259   			0.03   		   		
19265   			0.44   		   		
19271   			-2.34   		   		
19276   			0.44   		   		
19282   			0.32   		   		
19288   			-0.02   		   		
19294   			-0.31   		   		
19299   			0.26   		   		
19305   			0.26   		   		
19311   			0.09   		   		
19317   			-0.14   		   		
19322   			-0.43   		   		
19328   			0.09   		   		
19334   			-2.29   		   		
19339   			0.61   		   		
19345   			-0.14   		   		
19351   			0.26   		   		
19357   			0.84   		   		
19362   			0.50   		   		
19368   			1.08   		   		
19374   			1.02   		   		
19380   			0.61   		   		
19385   			0.55   		   		
19391   			0.81   		   		
19397   			0.05   		   		
19402   			0.17   		   		
19408   			0.23   		   		
19414   			0.11   		   		
19420   			0.75   		   		
19425   			0.52   		   		
19431   			0.81   		   		
19437   			0.11   		   		
19443   			-0.12   		   		
19448   			1.25   		   		
19454   			0.73   		   		
19460   			0.79   		   		
19465   			-0.20   		   		
19471   			0.26   		   		
19477   			0.55   		   		
19483   			0.38   		   		
19488   			0.50   		   		
19494   			0.15   		   		
19500   			-0.14   		   		
19506   			-0.70   		   		
19511   			0.29   		   		
19517   			0.05   		   		
19523   			0.17   		   		
19528   			0.63   		   		
19534   			0.67   		   		
19540   			0.50   		   		
19546   			0.61   		   		
19551   			-0.95   		   		
19557   			0.21   		   		
19563   			0.50   		   		
19569   			0.79   		   		
19574   			0.32   		   		
19580   			0.67   		   		
19586   			0.44   		   		
19591   			0.34   		   		
19597   			1.21   		   		
19603   			0.69   		   		
19609   			-0.18   		   		
19614   			0.11   		   		
19620   			-0.08   		   		
19626   			-0.60   		   		
19632   			-0.60   		   		
19637   			-0.37   		   		
19643   			-0.14   		   		
19649   			-0.47   		   		
19654   			0.11   		   		
19660   			-0.12   		   		
19666   			-0.81   		   		
19672   			-0.47   		   		
19677   			-0.02   		   		
19683   			-0.20   		   		
19689   			-0.08   		   		
19695   			-1.24   		   		
19700   			-1.59   		   		
19706   			-0.84   		   		
19712   			-0.43   		   		
19717   			-1.13   		   		
19723   			-1.07   		   		
19729   			-0.89   		   		
19735   			-0.58   		   		
19740   			-1.16   		   		
19746   			-0.87   		   		
19752   			-0.70   		   		
19758   			-0.87   		   		
19763   			-0.49   		   		
19769   			-0.78   		   		
19775   			-1.59   		   		
19780   			-1.07   		   		
19786   			-1.13   		   		
19792   			-0.56   		   		
19798   			-0.04   		   		
19803   			-0.50   		   		
19809   			-0.45   		   		
19815   			-0.56   		   		
19821   			-0.18   		   		
19826   			-0.70   		   		
19832   			-0.47   		   		
19838   			-0.47   		   		
19843   			-0.41   		   		
19849   			-0.72   		   		
19855   			-1.01   		   		
19861   			-0.60   		   		
19866   			-0.66   		   		
19872   			-1.07   		   		
19878   			-2.17   		   		
19883   			-0.49   		   		
19889   			-0.55   		   		
19895   			0.15   		   		
19901   			-0.78   		   		
19906   			0.05   		   		
19912   			0.34   		   		
19918   			-0.64   		   		
19924   			-0.47   		   		
19929   			-1.10   		   		
19935   			-0.81   		   		
19941   			-2.32   		   		
19946   			-0.06   		   		
19952   			0.00   		   		
19958   			-0.29   		   		
19964   			0.63   		   		
19969   			-0.41   		   		
19975   			0.05   		   		
19981   			0.17   		   		
19987   			-0.99   		   		
19992   			-0.20   		   		
19998   			-0.72   		   		
20004   			0.50   		   		
20009   			0.38   		   		
20015   			-0.31   		   		
20021   			0.15   		   		
20027   			-0.37   		   		
20032   			-0.49   		   		
20038   			-0.14   		   		
20044   			0.50   		   		
20050   			-0.57   		   		
20055   			-0.16   		   		
20061   			0.36   		   		
20067   			0.07   		   		
20072   			0.65   		   		
20078   			0.26   		   		
20084   			-0.49   		   		
20090   			-0.84   		   		
20095   			0.21   		   		
20101   			0.26   		   		
20107   			0.15   		   		
20113   			-0.14   		   		
20118   			-0.20   		   		
20124   			0.26   		   		
20130   			0.50   		   		
20135   			0.55   		   		
20141   			-0.20   		   		
20147   			-0.66   		   		
20153   			0.26   		   		
20158   			-0.20   		   		
20164   			-0.76   		   		
20170   			-0.12   		   		
20176   			-0.93   		   		
20181   			-0.12   		   		
20187   			0.05   		   		
20193   			-0.26   		   		
20198   			-0.26   		   		
20204   			0.03   		   		
20210   			-0.66   		   		
20216   			-0.37   		   		
20221   			-0.60   		   		
20227   			-0.02   		   		
20233   			-0.72   		   		
20239   			-0.55   		   		
20244   			-0.02   		   		
20250   			-0.05   		   		
20256   			-0.57   		   		
20261   			-0.10   		   		
20267   			0.48   		   		
20273   			0.53   		   		
20279   			0.50   		   		
20284   			-0.08   		   		
20290   			0.32   		   		
20296   			-1.82   		   		
20301   			-0.02   		   		
20307   			0.63   		   		
20313   			0.40   		   		
20319   			0.40   		   		
