Timestamp		Force Z		Comments
0   			-0.49   		   		
5   			0.50   		   		
11   			-1.94   		   		
17   			-1.76   		   		
23   			-1.65   		   		
28   			-0.72   		   		
34   			-1.84   		   		
40   			-1.20   		   		
45   			-1.26   		   		
51   			-0.62   		   		
57   			-0.39   		   		
63   			-0.76   		   		
68   			-1.10   		   		
74   			-1.92   		   		
80   			-1.34   		   		
85   			-1.51   		   		
91   			-1.80   		   		
97   			-0.70   		   		
103   			-1.28   		   		
108   			-0.64   		   		
114   			-0.64   		   		
120   			-0.99   		   		
126   			-2.03   		   		
131   			-1.10   		   		
137   			-2.32   		   		
143   			-2.73   		   		
148   			-1.01   		   		
154   			-0.55   		   		
160   			-1.24   		   		
166   			-1.76   		   		
171   			-1.07   		   		
177   			-1.10   		   		
183   			-1.45   		   		
189   			-0.99   		   		
194   			-0.70   		   		
200   			-1.22   		   		
206   			-2.17   		   		
211   			-1.13   		   		
217   			-0.60   		   		
223   			-1.30   		   		
229   			-0.55   		   		
234   			-0.84   		   		
240   			0.03   		   		
246   			-0.84   		   		
252   			-1.30   		   		
257   			-0.26   		   		
263   			-0.29   		   		
269   			-1.28   		   		
274   			-0.41   		   		
280   			0.05   		   		
286   			0.05   		   		
292   			-0.31   		   		
297   			-0.14   		   		
303   			-0.08   		   		
309   			-1.36   		   		
315   			-1.18   		   		
320   			-0.68   		   		
326   			-1.14   		   		
332   			-1.32   		   		
337   			-1.43   		   		
343   			-0.62   		   		
349   			-0.35   		   		
355   			-0.81   		   		
360   			-1.51   		   		
366   			-1.22   		   		
372   			-0.93   		   		
378   			-0.84   		   		
383   			-1.59   		   		
389   			-1.18   		   		
395   			-0.66   		   		
400   			-0.60   		   		
406   			-1.47   		   		
412   			-0.60   		   		
418   			-0.66   		   		
423   			-0.66   		   		
429   			-0.55   		   		
435   			-1.39   		   		
441   			0.58   		   		
446   			-0.70   		   		
452   			-0.70   		   		
458   			-1.45   		   		
463   			-1.16   		   		
469   			-0.58   		   		
475   			-1.86   		   		
481   			-1.86   		   		
486   			-1.51   		   		
492   			-0.81   		   		
498   			-1.34   		   		
504   			-1.28   		   		
509   			-0.81   		   		
515   			-1.45   		   		
521   			-0.43   		   		
526   			-1.01   		   		
532   			-1.53   		   		
538   			-1.01   		   		
544   			0.03   		   		
549   			-1.24   		   		
555   			-1.59   		   		
561   			-1.07   		   		
567   			-1.65   		   		
572   			-1.88   		   		
578   			-0.70   		   		
584   			-1.39   		   		
589   			-2.27   		   		
595   			-2.15   		   		
601   			-1.45   		   		
607   			-0.81   		   		
612   			-1.80   		   		
618   			-1.16   		   		
624   			-1.05   		   		
630   			-2.03   		   		
635   			-1.36   		   		
641   			-0.78   		   		
647   			-0.78   		   		
652   			-0.60   		   		
658   			-1.01   		   		
664   			-0.74   		   		
670   			-0.39   		   		
675   			-0.62   		   		
681   			-0.45   		   		
687   			-0.33   		   		
693   			-0.12   		   		
698   			-1.16   		   		
704   			-1.51   		   		
710   			-0.99   		   		
715   			-0.53   		   		
721   			-1.53   		   		
727   			-1.36   		   		
733   			-0.49   		   		
738   			-1.13   		   		
744   			-1.18   		   		
750   			-0.49   		   		
756   			-1.07   		   		
761   			-0.26   		   		
767   			-0.60   		   		
773   			-1.36   		   		
778   			-0.70   		   		
784   			0.40   		   		
790   			-0.18   		   		
796   			-1.10   		   		
801   			0.29   		   		
807   			-0.89   		   		
813   			-0.84   		   		
819   			-1.36   		   		
824   			-1.82   		   		
830   			-1.36   		   		
836   			-0.93   		   		
841   			-0.99   		   		
847   			-1.57   		   		
853   			-0.81   		   		
859   			-0.53   		   		
864   			-0.93   		   		
870   			-1.39   		   		
876   			-0.64   		   		
882   			-1.86   		   		
887   			-0.35   		   		
893   			-0.64   		   		
899   			-0.99   		   		
904   			-0.53   		   		
910   			-0.18   		   		
916   			-0.35   		   		
922   			-0.57   		   		
927   			-0.97   		   		
933   			-0.51   		   		
939   			-0.97   		   		
945   			-1.67   		   		
950   			-1.16   		   		
956   			-1.45   		   		
962   			-0.24   		   		
967   			-0.58   		   		
973   			-0.24   		   		
979   			-0.33   		   		
985   			-0.68   		   		
990   			-0.79   		   		
996   			0.02   		   		
1002   			-0.74   		   		
1008   			-0.89   		   		
1013   			-0.72   		   		
1019   			-0.49   		   		
1025   			-1.42   		   		
1030   			-1.01   		   		
1036   			0.00   		   		
1042   			-0.35   		   		
1048   			-1.10   		   		
1053   			-1.39   		   		
1059   			-1.34   		   		
1065   			-1.13   		   		
1070   			-0.66   		   		
1076   			-0.72   		   		
1082   			-1.01   		   		
1088   			-1.01   		   		
1093   			-0.93   		   		
1099   			-1.22   		   		
1105   			-1.28   		   		
1111   			-1.22   		   		
1116   			-0.29   		   		
1122   			-1.34   		   		
1128   			-3.31   		   		
1133   			-1.22   		   		
1139   			-1.10   		   		
1145   			0.29   		   		
1151   			-0.55   		   		
1156   			-1.24   		   		
1162   			-0.55   		   		
1168   			-0.14   		   		
1174   			-0.72   		   		
1179   			-1.03   		   		
1185   			-0.39   		   		
1191   			-1.67   		   		
1196   			-1.44   		   		
1202   			-0.74   		   		
1208   			-1.74   		   		
1214   			-1.68   		   		
1219   			-1.86   		   		
1225   			-1.05   		   		
1231   			-0.87   		   		
1237   			-1.16   		   		
1242   			-2.03   		   		
1248   			-1.10   		   		
1254   			-1.10   		   		
1259   			-1.86   		   		
1265   			-0.97   		   		
1271   			-1.49   		   		
1277   			-0.62   		   		
1282   			-1.20   		   		
1288   			-0.91   		   		
1294   			-1.57   		   		
1300   			-1.28   		   		
1305   			-1.63   		   		
1311   			-1.16   		   		
1317   			-0.53   		   		
1322   			-0.58   		   		
1328   			-0.12   		   		
1334   			-0.64   		   		
1340   			-1.16   		   		
1345   			-1.57   		   		
1351   			-1.55   		   		
1357   			-0.86   		   		
1363   			-1.15   		   		
1368   			-0.28   		   		
1374   			-0.51   		   		
1380   			-1.18   		   		
1385   			-0.60   		   		
1391   			-0.55   		   		
1397   			-0.26   		   		
1403   			-0.49   		   		
1408   			-1.72   		   		
1414   			-0.79   		   		
1420   			-0.85   		   		
1426   			-1.84   		   		
1431   			-1.20   		   		
1437   			-1.10   		   		
1443   			-1.05   		   		
1448   			-1.63   		   		
1454   			-0.99   		   		
1460   			-1.22   		   		
1466   			-1.05   		   		
1471   			-0.87   		   		
1477   			-1.28   		   		
1483   			-1.51   		   		
1489   			-1.10   		   		
1494   			-1.18   		   		
1500   			-1.42   		   		
1506   			-1.47   		   		
1511   			-1.71   		   		
1517   			-1.65   		   		
1523   			-1.65   		   		
1529   			-1.24   		   		
1534   			-1.76   		   		
1540   			-0.95   		   		
1546   			-0.66   		   		
1552   			-0.93   		   		
1557   			0.23   		   		
1563   			0.17   		   		
1569   			-0.18   		   		
1574   			-0.70   		   		
1580   			-0.78   		   		
1586   			-0.14   		   		
1592   			-0.72   		   		
1597   			-1.01   		   		
1603   			-0.84   		   		
1609   			-2.03   		   		
1615   			-1.74   		   		
1620   			-1.28   		   		
1626   			-1.45   		   		
1632   			-0.93   		   		
1637   			-0.43   		   		
1643   			-1.01   		   		
1649   			-1.65   		   		
1655   			-2.11   		   		
1660   			-1.36   		   		
1666   			-0.60   		   		
1672   			-1.47   		   		
1678   			-1.42   		   		
1683   			-1.13   		   		
1689   			-0.66   		   		
1695   			-0.95   		   		
1700   			-1.07   		   		
1706   			-0.78   		   		
1712   			-0.55   		   		
1718   			-1.07   		   		
1723   			-1.20   		   		
1729   			-0.16   		   		
1735   			-0.91   		   		
1741   			-1.20   		   		
1746   			-0.91   		   		
1752   			-1.90   		   		
1758   			-1.38   		   		
1763   			-1.44   		   		
1769   			-1.38   		   		
1775   			-1.55   		   		
1781   			-0.53   		   		
1786   			-1.39   		   		
1792   			0.05   		   		
1798   			-2.50   		   		
1803   			-0.70   		   		
1809   			-1.65   		   		
1815   			-0.78   		   		
1821   			-1.82   		   		
1826   			-1.65   		   		
1832   			-1.94   		   		
1838   			-1.65   		   		
1844   			-0.95   		   		
1849   			-0.78   		   		
1855   			-0.37   		   		
1861   			-2.29   		   		
1866   			-0.45   		   		
1872   			-0.21   		   		
1878   			-0.45   		   		
1884   			0.02   		   		
1889   			-0.04   		   		
1895   			-0.24   		   		
1901   			0.98   		   		
1907   			0.29   		   		
1912   			-0.58   		   		
1918   			-0.70   		   		
1924   			-0.49   		   		
1929   			-0.55   		   		
1935   			0.21   		   		
1941   			-0.31   		   		
1947   			0.55   		   		
1952   			0.00   		   		
1958   			-0.87   		   		
1964   			-0.06   		   		
1970   			-0.06   		   		
1975   			-0.18   		   		
1981   			0.11   		   		
1987   			-0.41   		   		
1992   			-0.53   		   		
1998   			0.05   		   		
2004   			0.34   		   		
2010   			-0.60   		   		
2015   			0.15   		   		
2021   			0.21   		   		
2027   			-1.13   		   		
2033   			-0.55   		   		
2038   			-0.20   		   		
2044   			-0.55   		   		
2050   			-0.14   		   		
2055   			-0.84   		   		
2061   			-0.89   		   		
2067   			-0.76   		   		
2073   			-0.58   		   		
2078   			-1.05   		   		
2084   			-0.87   		   		
2090   			-0.76   		   		
2096   			-1.34   		   		
2101   			-0.65   		   		
2107   			-1.17   		   		
2113   			-0.70   		   		
2118   			-1.57   		   		
2124   			-0.95   		   		
2130   			-0.84   		   		
2136   			-0.14   		   		
2141   			-0.89   		   		
2147   			-1.36   		   		
2153   			-1.53   		   		
2159   			-0.78   		   		
2164   			-1.01   		   		
2170   			-0.78   		   		
2176   			-1.13   		   		
2181   			-0.99   		   		
2187   			-0.76   		   		
2193   			-2.15   		   		
2199   			-1.28   		   		
2204   			-0.87   		   		
2210   			-0.93   		   		
2216   			-1.39   		   		
2222   			-0.99   		   		
2227   			-0.81   		   		
2233   			-1.16   		   		
2239   			-0.37   		   		
2244   			-1.82   		   		
2250   			-1.24   		   		
2256   			-2.69   		   		
2262   			-1.88   		   		
2267   			-1.43   		   		
2273   			-1.37   		   		
2279   			-1.20   		   		
2285   			-1.32   		   		
2290   			-1.78   		   		
2296   			-1.82   		   		
2302   			-1.76   		   		
2307   			-1.01   		   		
2313   			-0.89   		   		
2319   			-0.66   		   		
2325   			-1.18   		   		
2330   			-1.07   		   		
2336   			-1.47   		   		
2342   			-4.03   		   		
2347   			-1.59   		   		
2353   			-1.74   		   		
2359   			-1.51   		   		
2365   			-1.45   		   		
2370   			-1.80   		   		
2376   			-1.86   		   		
2382   			-1.63   		   		
2388   			-0.53   		   		
2393   			-1.34   		   		
2399   			-1.16   		   		
2405   			-2.73   		   		
2410   			-0.95   		   		
2416   			-0.60   		   		
2422   			-1.18   		   		
2428   			-1.13   		   		
2433   			-0.89   		   		
2439   			-0.62   		   		
2445   			-1.03   		   		
2451   			-1.03   		   		
2456   			-0.97   		   		
2462   			-1.49   		   		
2468   			-2.65   		   		
2473   			-1.49   		   		
2479   			-1.20   		   		
2485   			-0.97   		   		
2491   			-0.21   		   		
2496   			-0.14   		   		
2502   			-1.07   		   		
2508   			-0.89   		   		
2514   			-0.72   		   		
2519   			-1.24   		   		
2525   			-1.13   		   		
2531   			-2.93   		   		
2536   			-0.95   		   		
2542   			-1.65   		   		
2548   			-0.49   		   		
2554   			-0.93   		   		
2559   			0.17   		   		
2565   			-0.35   		   		
2571   			-0.18   		   		
2577   			-1.28   		   		
2582   			-1.76   		   		
2588   			-1.01   		   		
2594   			-1.82   		   		
2599   			-1.36   		   		
2605   			-0.43   		   		
2611   			-0.93   		   		
2617   			-1.45   		   		
2622   			-0.70   		   		
2628   			-0.76   		   		
2634   			-1.28   		   		
2640   			-0.78   		   		
2645   			-0.72   		   		
2651   			-0.43   		   		
2657   			-0.84   		   		
2662   			-0.72   		   		
2668   			-0.93   		   		
2674   			-1.05   		   		
2680   			-0.58   		   		
2685   			0.11   		   		
2691   			0.75   		   		
2697   			0.25   		   		
2703   			0.36   		   		
2708   			-0.79   		   		
2714   			-0.50   		   		
2720   			-0.91   		   		
2725   			-0.26   		   		
2731   			-0.60   		   		
2737   			-1.53   		   		
2743   			-0.78   		   		
2748   			-1.30   		   		
2754   			-2.15   		   		
2760   			-1.80   		   		
2766   			-1.34   		   		
2771   			-0.87   		   		
2777   			-0.53   		   		
2783   			-0.87   		   		
2788   			-1.22   		   		
2794   			-0.87   		   		
2800   			-0.81   		   		
2806   			-0.93   		   		
2811   			-1.13   		   		
2817   			-0.95   		   		
2823   			-1.88   		   		
2829   			-1.24   		   		
2834   			-1.18   		   		
2840   			-1.65   		   		
2846   			-1.59   		   		
2851   			-1.47   		   		
2857   			-0.60   		   		
2863   			-1.30   		   		
2869   			-1.07   		   		
2874   			-2.40   		   		
2880   			-1.47   		   		
2886   			-1.01   		   		
2892   			-1.24   		   		
2897   			-1.13   		   		
2903   			-1.65   		   		
2909   			-1.47   		   		
2914   			-1.59   		   		
2920   			-2.11   		   		
2926   			-1.63   		   		
2932   			-1.28   		   		
2937   			-1.45   		   		
2943   			-2.03   		   		
2949   			-1.97   		   		
2955   			-1.57   		   		
2960   			-0.81   		   		
2966   			-1.92   		   		
2972   			-1.39   		   		
2977   			-1.05   		   		
2983   			-0.93   		   		
2989   			-0.70   		   		
2995   			-1.97   		   		
3000   			-0.87   		   		
3006   			-1.57   		   		
3012   			-0.95   		   		
3018   			-1.82   		   		
3023   			-1.53   		   		
3029   			-2.34   		   		
3035   			-2.34   		   		
3040   			-1.88   		   		
3046   			-2.17   		   		
3052   			-1.65   		   		
3058   			-1.24   		   		
3063   			-1.47   		   		
3069   			-1.74   		   		
3075   			-1.51   		   		
3081   			-0.99   		   		
3086   			-0.64   		   		
3092   			-0.87   		   		
3098   			-0.08   		   		
3103   			-0.26   		   		
3109   			-1.47   		   		
3115   			-0.60   		   		
3121   			-1.24   		   		
3126   			-1.51   		   		
3132   			-1.22   		   		
3138   			-1.39   		   		
3144   			-0.81   		   		
3149   			-0.93   		   		
3155   			-0.24   		   		
3161   			-1.22   		   		
3166   			-0.53   		   		
3172   			-0.18   		   		
3178   			-0.53   		   		
3184   			-0.27   		   		
3189   			-0.50   		   		
3195   			-0.39   		   		
3201   			0.08   		   		
3207   			-0.56   		   		
3212   			-0.55   		   		
3218   			0.03   		   		
3224   			-1.01   		   		
3229   			-0.95   		   		
3235   			-1.24   		   		
3241   			-1.42   		   		
3247   			-1.82   		   		
3252   			-0.78   		   		
3258   			-1.01   		   		
3264   			-1.30   		   		
3270   			-1.80   		   		
3275   			-1.05   		   		
3281   			-1.22   		   		
3287   			-1.80   		   		
3292   			-1.34   		   		
3298   			-1.53   		   		
3304   			-0.95   		   		
3310   			-1.07   		   		
3315   			-1.94   		   		
3321   			-0.84   		   		
3327   			-0.89   		   		
3333   			-1.18   		   		
3338   			-0.49   		   		
3344   			-1.36   		   		
3350   			-0.78   		   		
3355   			-1.45   		   		
3361   			-1.39   		   		
3367   			-0.76   		   		
3373   			-1.10   		   		
3378   			-1.68   		   		
3384   			-1.10   		   		
3390   			-2.27   		   		
3395   			-1.34   		   		
3401   			-0.87   		   		
3407   			-1.16   		   		
3413   			-1.05   		   		
3418   			-0.58   		   		
3424   			-1.57   		   		
3430   			-1.74   		   		
3436   			-0.87   		   		
3441   			-1.24   		   		
3447   			-0.55   		   		
3453   			-3.56   		   		
3458   			-2.17   		   		
3464   			-1.82   		   		
3470   			-1.94   		   		
3476   			-2.00   		   		
3481   			-1.59   		   		
3487   			-1.01   		   		
3493   			-0.95   		   		
3499   			-0.53   		   		
3504   			0.23   		   		
3510   			-0.41   		   		
3516   			-2.32   		   		
3521   			-1.57   		   		
3527   			-0.81   		   		
3533   			-1.16   		   		
3539   			-1.22   		   		
3544   			-0.41   		   		
3550   			-1.86   		   		
3556   			-1.42   		   		
3562   			-0.55   		   		
3567   			0.09   		   		
3573   			0.03   		   		
3579   			-0.95   		   		
3584   			-1.16   		   		
3590   			0.05   		   		
3596   			-0.99   		   		
3602   			-1.68   		   		
3607   			-0.99   		   		
3613   			-2.23   		   		
3619   			-1.53   		   		
3625   			-1.94   		   		
3630   			-1.82   		   		
3636   			-1.82   		   		
3642   			-2.34   		   		
3647   			-0.66   		   		
3653   			-1.71   		   		
3659   			-0.84   		   		
3665   			-1.47   		   		
3670   			-0.76   		   		
3676   			-1.39   		   		
3682   			-1.28   		   		
3688   			-0.81   		   		
3693   			-0.18   		   		
3699   			-1.16   		   		
3705   			-1.86   		   		
3710   			-0.58   		   		
3716   			-1.16   		   		
3722   			-1.28   		   		
3728   			-1.86   		   		
3733   			-1.28   		   		
3739   			0.05   		   		
3745   			-1.05   		   		
3751   			-0.06   		   		
3756   			-1.01   		   		
3762   			-0.95   		   		
3768   			-0.49   		   		
3773   			-0.78   		   		
3779   			-1.13   		   		
3785   			-0.58   		   		
3791   			-0.47   		   		
3796   			-0.29   		   		
3802   			0.00   		   		
3808   			-0.99   		   		
3814   			-1.84   		   		
3819   			-0.80   		   		
3825   			-0.68   		   		
3831   			0.65   		   		
3836   			-1.03   		   		
3842   			-0.93   		   		
3848   			-1.39   		   		
3854   			-1.05   		   		
3859   			-2.03   		   		
3865   			-1.05   		   		
3871   			-1.80   		   		
3877   			-1.57   		   		
3882   			-2.15   		   		
3888   			-1.74   		   		
3894   			-1.28   		   		
3899   			-1.30   		   		
3905   			-1.59   		   		
3911   			-1.24   		   		
3917   			-2.11   		   		
3922   			-1.30   		   		
3928   			-1.13   		   		
3934   			-0.78   		   		
3940   			-1.01   		   		
3945   			-1.07   		   		
3951   			0.03   		   		
3957   			-0.84   		   		
3962   			-0.84   		   		
3968   			-1.13   		   		
3974   			-1.01   		   		
3980   			-0.49   		   		
3985   			-0.58   		   		
3991   			-1.51   		   		
3997   			-1.80   		   		
4003   			0.34   		   		
4008   			-0.76   		   		
4014   			-0.89   		   		
4020   			-1.47   		   		
4025   			-0.95   		   		
4031   			-1.47   		   		
4037   			-1.24   		   		
4043   			-1.10   		   		
4048   			-1.63   		   		
4054   			-0.81   		   		
4060   			-1.16   		   		
4066   			-1.63   		   		
4071   			-1.47   		   		
4077   			-1.36   		   		
4083   			-1.36   		   		
4088   			-1.53   		   		
4094   			-0.89   		   		
4100   			-1.42   		   		
4106   			-1.13   		   		
4111   			-0.66   		   		
4117   			-0.43   		   		
4123   			-1.07   		   		
4129   			-0.41   		   		
4134   			-0.35   		   		
4140   			-0.81   		   		
4146   			-0.81   		   		
4151   			-0.64   		   		
4157   			-1.59   		   		
4163   			-1.36   		   		
4169   			-1.82   		   		
4174   			-1.30   		   		
4180   			-1.30   		   		
4186   			-0.78   		   		
4192   			-1.13   		   		
4197   			-1.13   		   		
4203   			-1.42   		   		
4209   			-0.84   		   		
4214   			-1.01   		   		
4220   			-0.84   		   		
4226   			-0.55   		   		
4232   			-0.37   		   		
4237   			-0.08   		   		
4243   			0.15   		   		
4249   			-0.49   		   		
4255   			-0.72   		   		
4260   			-1.18   		   		
4266   			-0.95   		   		
4272   			-1.18   		   		
4277   			-1.30   		   		
4283   			-0.60   		   		
4289   			-0.78   		   		
4295   			-0.08   		   		
4300   			-0.41   		   		
4306   			-1.22   		   		
4312   			-1.34   		   		
4318   			-0.99   		   		
4323   			-0.41   		   		
4329   			-1.18   		   		
4335   			-0.14   		   		
4340   			-0.43   		   		
4346   			-0.95   		   		
4352   			0.15   		   		
4358   			0.17   		   		
4363   			-0.29   		   		
4369   			-0.58   		   		
4375   			-1.34   		   		
4380   			-0.24   		   		
4386   			0.54   		   		
4392   			0.13   		   		
4398   			0.13   		   		
4403   			-0.85   		   		
4409   			-0.74   		   		
4415   			-0.02   		   		
4421   			-0.08   		   		
4426   			0.15   		   		
4432   			0.26   		   		
4438   			-1.88   		   		
4443   			0.73   		   		
4449   			0.21   		   		
4455   			-0.37   		   		
4461   			-0.31   		   		
4466   			-0.37   		   		
4472   			-0.84   		   		
4478   			0.21   		   		
4484   			-0.08   		   		
4489   			0.84   		   		
4495   			1.13   		   		
4501   			-0.29   		   		
4506   			0.17   		   		
4512   			0.17   		   		
4518   			0.05   		   		
4524   			0.29   		   		
4529   			1.12   		   		
4535   			1.17   		   		
4541   			1.12   		   		
4547   			0.31   		   		
4552   			0.71   		   		
4558   			0.98   		   		
4564   			0.63   		   		
4569   			-0.29   		   		
4575   			0.63   		   		
4581   			0.23   		   		
4587   			0.52   		   		
4592   			0.00   		   		
4598   			-0.41   		   		
4604   			0.52   		   		
4610   			-0.53   		   		
4615   			0.48   		   		
4621   			0.25   		   		
4627   			-0.27   		   		
4632   			0.31   		   		
4638   			0.02   		   		
4644   			-0.21   		   		
4650   			0.25   		   		
4655   			0.36   		   		
4661   			1.17   		   		
4667   			0.19   		   		
4673   			-0.14   		   		
4678   			-0.08   		   		
4684   			0.61   		   		
4690   			0.32   		   		
4695   			0.55   		   		
4701   			1.39   		   		
4707   			0.86   		   		
4713   			0.69   		   		
4718   			0.52   		   		
4724   			0.46   		   		
4730   			0.63   		   		
4736   			0.69   		   		
4741   			0.63   		   		
4747   			0.34   		   		
4753   			0.05   		   		
4758   			0.75   		   		
4764   			-0.35   		   		
4770   			-0.53   		   		
4776   			0.92   		   		
4781   			1.33   		   		
4787   			0.29   		   		
4793   			1.62   		   		
4799   			1.21   		   		
4804   			0.98   		   		
4810   			2.02   		   		
4816   			1.35   		   		
4821   			1.35   		   		
4827   			1.46   		   		
4833   			1.29   		   		
4839   			0.77   		   		
4844   			1.96   		   		
4850   			1.27   		   		
4856   			-0.81   		   		
4861   			2.19   		   		
4867   			2.60   		   		
4873   			2.25   		   		
4879   			2.19   		   		
4884   			2.19   		   		
4890   			2.25   		   		
4896   			1.73   		   		
4902   			1.88   		   		
4907   			2.29   		   		
4913   			2.29   		   		
4919   			0.44   		   		
4924   			2.35   		   		
4930   			2.14   		   		
4936   			2.83   		   		
4942   			2.48   		   		
4947   			2.02   		   		
4953   			1.73   		   		
4959   			2.23   		   		
4965   			3.33   		   		
4970   			2.46   		   		
4976   			2.81   		   		
4982   			0.09   		   		
4987   			2.66   		   		
4993   			3.35   		   		
4999   			2.60   		   		
5005   			3.29   		   		
5010   			2.77   		   		
5016   			2.43   		   		
5022   			3.06   		   		
5028   			1.56   		   		
5033   			2.31   		   		
5039   			1.79   		   		
5045   			2.43   		   		
5050   			2.02   		   		
5056   			2.54   		   		
5062   			2.43   		   		
5068   			2.43   		   		
5073   			3.52   		   		
5079   			3.23   		   		
5085   			2.43   		   		
5091   			3.06   		   		
5096   			3.87   		   		
5102   			3.85   		   		
5108   			3.73   		   		
5113   			3.91   		   		
5119   			3.79   		   		
5125   			3.91   		   		
5131   			3.58   		   		
5136   			4.33   		   		
5142   			2.95   		   		
5148   			4.21   		   		
5154   			3.06   		   		
5159   			3.41   		   		
5165   			2.95   		   		
5171   			2.89   		   		
5176   			3.12   		   		
5182   			2.43   		   		
5188   			3.10   		   		
5194   			3.50   		   		
5199   			3.21   		   		
5205   			2.87   		   		
5211   			4.14   		   		
5217   			4.06   		   		
5222   			4.24   		   		
5228   			3.66   		   		
5234   			3.20   		   		
5239   			3.25   		   		
5245   			4.56   		   		
5251   			3.81   		   		
5257   			4.04   		   		
5262   			3.64   		   		
5268   			4.33   		   		
5274   			4.33   		   		
5280   			4.33   		   		
5285   			4.16   		   		
5291   			3.64   		   		
5297   			3.93   		   		
5302   			3.44   		   		
5308   			4.48   		   		
5314   			4.08   		   		
5320   			4.14   		   		
5325   			4.83   		   		
5331   			5.00   		   		
5337   			4.71   		   		
5343   			5.12   		   		
5348   			5.63   		   		
5354   			5.17   		   		
5360   			4.68   		   		
5365   			5.71   		   		
5371   			5.02   		   		
5377   			5.37   		   		
5383   			4.96   		   		
5388   			4.96   		   		
5394   			5.14   		   		
5400   			4.50   		   		
5406   			4.96   		   		
5411   			4.91   		   		
5417   			5.17   		   		
5423   			5.06   		   		
5428   			4.77   		   		
5434   			3.50   		   		
5440   			4.19   		   		
5446   			5.23   		   		
5451   			4.48   		   		
5457   			4.88   		   		
5463   			5.12   		   		
5469   			4.25   		   		
5474   			5.52   		   		
5480   			4.88   		   		
5486   			5.17   		   		
5491   			4.71   		   		
5497   			5.06   		   		
5503   			5.39   		   		
5509   			5.56   		   		
5514   			6.02   		   		
5520   			6.42   		   		
5526   			6.02   		   		
5532   			5.86   		   		
5537   			5.75   		   		
5543   			6.32   		   		
5549   			5.81   		   		
5554   			5.12   		   		
5560   			5.69   		   		
5566   			5.86   		   		
5572   			5.46   		   		
5577   			6.44   		   		
5583   			6.61   		   		
5589   			7.30   		   		
5595   			7.36   		   		
5600   			5.98   		   		
5606   			6.55   		   		
5612   			6.50   		   		
5617   			7.67   		   		
5623   			7.44   		   		
5629   			7.09   		   		
5635   			6.80   		   		
5640   			6.29   		   		
5646   			7.05   		   		
5652   			2.67   		   		
5657   			6.99   		   		
5663   			7.62   		   		
5669   			7.91   		   		
5675   			7.44   		   		
5680   			8.47   		   		
5686   			7.49   		   		
5692   			7.78   		   		
5698   			8.13   		   		
5703   			7.24   		   		
5709   			7.59   		   		
5715   			2.64   		   		
5721   			7.36   		   		
5726   			6.78   		   		
5732   			7.13   		   		
5738   			7.07   		   		
5743   			7.88   		   		
5749   			7.82   		   		
5755   			7.99   		   		
5761   			8.26   		   		
5766   			8.08   		   		
5772   			8.31   		   		
5778   			8.14   		   		
5784   			8.37   		   		
5789   			8.58   		   		
5795   			8.30   		   		
5801   			8.41   		   		
5806   			8.70   		   		
5812   			8.41   		   		
5818   			7.85   		   		
5824   			8.08   		   		
5829   			8.49   		   		
5835   			7.91   		   		
5841   			8.71   		   		
5847   			8.74   		   		
5852   			8.85   		   		
5858   			8.74   		   		
5864   			9.19   		   		
5869   			8.91   		   		
5875   			9.48   		   		
5881   			9.08   		   		
5887   			9.71   		   		
5892   			9.42   		   		
5898   			9.94   		   		
5904   			9.06   		   		
5910   			9.06   		   		
5915   			9.52   		   		
5921   			9.64   		   		
5927   			9.01   		   		
5932   			9.77   		   		
5938   			9.31   		   		
5944   			9.37   		   		
5950   			8.97   		   		
5955   			8.91   		   		
5961   			9.50   		   		
5967   			9.50   		   		
5973   			9.22   		   		
5978   			9.50   		   		
5984   			9.44   		   		
5990   			9.14   		   		
5995   			9.02   		   		
6001   			7.93   		   		
6007   			9.14   		   		
6013   			9.37   		   		
6018   			9.02   		   		
6024   			9.08   		   		
6030   			8.68   		   		
6036   			8.45   		   		
6041   			8.68   		   		
6047   			8.64   		   		
6053   			9.10   		   		
6058   			8.81   		   		
6064   			8.93   		   		
6070   			8.58   		   		
6076   			9.25   		   		
6081   			9.60   		   		
6087   			9.71   		   		
6093   			8.28   		   		
6098   			10.23   		   		
6104   			10.59   		   		
6110   			9.90   		   		
6116   			9.73   		   		
6121   			8.58   		   		
6127   			9.22   		   		
6133   			9.67   		   		
6139   			9.67   		   		
6144   			10.25   		   		
6150   			9.56   		   		
6156   			4.50   		   		
6161   			9.83   		   		
6167   			9.42   		   		
6173   			9.08   		   		
6179   			10.00   		   		
6184   			9.54   		   		
6190   			9.10   		   		
6196   			10.08   		   		
6202   			9.96   		   		
6207   			9.85   		   		
6213   			9.04   		   		
6219   			3.29   		   		
6224   			9.39   		   		
6230   			9.79   		   		
6236   			9.73   		   		
6242   			9.33   		   		
6247   			9.50   		   		
6253   			9.56   		   		
6259   			9.39   		   		
6265   			10.08   		   		
6270   			10.30   		   		
6276   			9.71   		   		
6282   			4.77   		   		
6287   			9.83   		   		
6293   			9.65   		   		
6299   			9.37   		   		
6305   			9.94   		   		
6310   			8.97   		   		
6316   			9.14   		   		
6322   			8.91   		   		
6328   			9.42   		   		
6333   			9.25   		   		
6339   			9.54   		   		
6345   			4.60   		   		
6350   			9.25   		   		
6356   			9.25   		   		
6362   			8.64   		   		
6368   			9.22   		   		
6373   			9.04   		   		
6379   			9.44   		   		
6385   			8.36   		   		
6391   			8.70   		   		
6396   			9.33   		   		
6402   			8.81   		   		
6408   			9.50   		   		
6413   			9.85   		   		
6419   			9.65   		   		
6425   			9.02   		   		
6431   			9.19   		   		
6436   			9.42   		   		
6442   			8.79   		   		
6448   			9.81   		   		
6454   			8.95   		   		
6459   			9.06   		   		
6465   			9.41   		   		
6471   			10.55   		   		
6476   			10.02   		   		
6482   			9.79   		   		
6488   			9.73   		   		
6494   			9.96   		   		
6499   			9.67   		   		
6505   			9.56   		   		
6511   			9.73   		   		
6517   			9.04   		   		
6522   			9.56   		   		
6528   			8.76   		   		
6534   			9.56   		   		
6539   			9.90   		   		
6545   			9.79   		   		
6551   			9.04   		   		
6557   			9.56   		   		
6562   			9.31   		   		
6568   			8.56   		   		
6574   			8.68   		   		
6580   			9.31   		   		
6585   			8.16   		   		
6591   			8.97   		   		
6597   			7.76   		   		
6602   			8.28   		   		
6608   			9.25   		   		
6614   			8.45   		   		
6620   			8.36   		   		
6625   			8.01   		   		
6631   			8.76   		   		
6637   			8.18   		   		
6643   			8.18   		   		
6648   			7.36   		   		
6654   			8.39   		   		
6660   			7.99   		   		
6665   			8.10   		   		
6671   			9.25   		   		
6677   			8.49   		   		
6683   			9.12   		   		
6688   			8.72   		   		
6694   			9.29   		   		
6700   			8.32   		   		
6706   			8.74   		   		
6711   			8.74   		   		
6717   			8.74   		   		
6723   			8.39   		   		
6728   			7.88   		   		
6734   			7.90   		   		
6740   			8.41   		   		
6746   			8.13   		   		
6751   			8.24   		   		
6757   			8.30   		   		
6763   			8.18   		   		
6769   			8.93   		   		
6774   			8.18   		   		
6780   			8.58   		   		
6786   			8.81   		   		
6791   			8.78   		   		
6797   			9.24   		   		
6803   			8.95   		   		
6809   			8.72   		   		
6814   			7.92   		   		
6820   			8.13   		   		
6826   			9.27   		   		
6832   			8.99   		   		
6837   			8.70   		   		
6843   			8.81   		   		
6849   			8.76   		   		
6854   			8.93   		   		
6860   			8.81   		   		
6866   			8.76   		   		
6872   			8.58   		   		
6877   			8.51   		   		
6883   			8.85   		   		
6889   			8.79   		   		
6895   			8.62   		   		
6900   			8.16   		   		
6906   			8.13   		   		
6912   			7.26   		   		
6917   			7.84   		   		
6923   			8.87   		   		
6929   			7.38   		   		
6935   			8.68   		   		
6940   			8.05   		   		
6946   			7.59   		   		
6952   			7.99   		   		
6958   			7.42   		   		
6963   			8.20   		   		
6969   			8.38   		   		
6975   			8.43   		   		
6980   			8.43   		   		
6986   			8.15   		   		
6992   			7.49   		   		
6998   			7.21   		   		
7003   			8.13   		   		
7009   			7.95   		   		
7015   			8.30   		   		
7021   			7.93   		   		
7026   			7.76   		   		
7032   			8.10   		   		
7038   			8.10   		   		
7043   			7.53   		   		
7049   			8.28   		   		
7055   			8.39   		   		
7061   			8.22   		   		
7066   			8.33   		   		
7072   			8.16   		   		
7078   			8.41   		   		
7084   			8.36   		   		
7089   			8.70   		   		
7095   			8.81   		   		
7101   			8.13   		   		
7106   			8.74   		   		
7112   			8.68   		   		
7118   			7.99   		   		
7124   			7.53   		   		
7129   			8.33   		   		
7135   			7.86   		   		
7141   			8.61   		   		
7147   			8.26   		   		
7152   			8.09   		   		
7158   			7.63   		   		
7164   			7.47   		   		
7169   			9.14   		   		
7175   			8.56   		   		
7181   			7.82   		   		
7187   			7.13   		   		
7192   			7.30   		   		
7198   			7.59   		   		
7204   			6.38   		   		
7210   			6.84   		   		
7215   			8.22   		   		
7221   			7.42   		   		
7227   			7.47   		   		
7232   			8.33   		   		
7238   			8.05   		   		
7244   			8.33   		   		
7250   			8.20   		   		
7255   			9.06   		   		
7261   			8.78   		   		
7267   			8.43   		   		
7273   			7.63   		   		
7278   			8.33   		   		
7284   			9.31   		   		
7290   			7.93   		   		
7295   			8.33   		   		
7301   			8.10   		   		
7307   			8.13   		   		
7313   			7.15   		   		
7318   			8.58   		   		
7324   			7.67   		   		
7330   			7.72   		   		
7336   			8.33   		   		
7341   			7.93   		   		
7347   			7.70   		   		
7353   			7.76   		   		
7358   			7.82   		   		
7364   			7.03   		   		
7370   			8.13   		   		
7376   			8.18   		   		
7381   			8.18   		   		
7387   			7.55   		   		
7393   			6.54   		   		
7398   			7.97   		   		
7404   			7.80   		   		
7410   			8.32   		   		
7416   			8.20   		   		
7421   			7.49   		   		
7427   			7.44   		   		
7433   			9.22   		   		
7439   			8.24   		   		
7444   			7.72   		   		
7450   			7.61   		   		
7456   			7.95   		   		
7461   			7.95   		   		
7467   			8.30   		   		
7473   			8.76   		   		
7479   			7.93   		   		
7484   			8.10   		   		
7490   			8.91   		   		
7496   			8.33   		   		
7502   			8.05   		   		
7507   			8.47   		   		
7513   			8.36   		   		
7519   			5.60   		   		
7524   			8.58   		   		
7530   			7.84   		   		
7536   			9.18   		   		
7542   			8.20   		   		
7547   			7.97   		   		
7553   			7.57   		   		
7559   			8.72   		   		
7565   			8.18   		   		
7570   			8.13   		   		
7576   			7.95   		   		
7582   			6.46   		   		
7587   			8.47   		   		
7593   			7.95   		   		
7599   			8.36   		   		
7605   			8.76   		   		
7610   			8.30   		   		
7616   			9.04   		   		
7622   			8.81   		   		
7628   			8.93   		   		
7633   			8.76   		   		
7639   			8.70   		   		
7645   			9.44   		   		
7650   			8.53   		   		
7656   			7.84   		   		
7662   			8.64   		   		
7668   			7.67   		   		
7673   			8.58   		   		
7679   			8.26   		   		
7685   			8.09   		   		
7691   			8.72   		   		
7696   			8.15   		   		
7702   			7.63   		   		
7708   			6.00   		   		
7713   			7.26   		   		
7719   			7.78   		   		
7725   			8.24   		   		
7731   			8.41   		   		
7736   			9.50   		   		
7742   			7.84   		   		
7748   			8.01   		   		
7754   			7.78   		   		
7759   			8.64   		   		
7765   			8.58   		   		
7771   			6.46   		   		
7776   			7.90   		   		
7782   			7.61   		   		
7788   			7.84   		   		
7794   			9.42   		   		
7799   			8.22   		   		
7805   			8.68   		   		
7811   			8.45   		   		
7817   			8.22   		   		
7822   			7.78   		   		
7828   			7.78   		   		
7834   			5.71   		   		
7839   			6.92   		   		
7845   			7.84   		   		
7851   			8.85   		   		
7857   			8.68   		   		
7862   			9.48   		   		
7868   			8.79   		   		
7874   			8.45   		   		
7880   			9.31   		   		
7885   			8.28   		   		
7891   			7.76   		   		
7897   			6.73   		   		
7902   			8.16   		   		
7908   			7.86   		   		
7914   			8.43   		   		
7920   			7.86   		   		
7925   			7.80   		   		
7931   			8.55   		   		
7937   			8.62   		   		
7943   			8.79   		   		
7948   			7.88   		   		
7954   			8.33   		   		
7960   			6.78   		   		
7965   			8.99   		   		
7971   			9.27   		   		
7977   			8.47   		   		
7983   			8.41   		   		
7988   			8.58   		   		
7994   			8.51   		   		
8000   			8.51   		   		
8006   			8.51   		   		
8011   			8.79   		   		
8017   			8.62   		   		
8023   			8.41   		   		
8028   			8.93   		   		
8034   			8.07   		   		
8040   			8.13   		   		
8046   			8.47   		   		
8051   			8.58   		   		
8057   			8.18   		   		
8063   			8.41   		   		
8069   			9.10   		   		
8074   			8.07   		   		
8080   			8.30   		   		
8086   			8.53   		   		
8091   			8.47   		   		
8097   			8.64   		   		
8103   			8.18   		   		
8109   			8.39   		   		
8114   			7.70   		   		
8120   			8.05   		   		
8126   			7.42   		   		
8132   			7.59   		   		
8137   			7.93   		   		
8143   			8.05   		   		
8149   			7.82   		   		
8154   			8.16   		   		
8160   			8.51   		   		
8166   			7.30   		   		
8172   			7.99   		   		
8177   			8.28   		   		
8183   			8.68   		   		
8189   			8.45   		   		
8195   			8.16   		   		
8200   			8.45   		   		
8206   			8.22   		   		
8212   			7.93   		   		
8217   			8.85   		   		
8223   			7.92   		   		
8229   			8.72   		   		
8235   			8.03   		   		
8240   			8.43   		   		
8246   			7.97   		   		
8252   			7.95   		   		
8258   			8.07   		   		
8263   			8.13   		   		
8269   			7.61   		   		
8275   			7.38   		   		
8280   			7.88   		   		
8286   			7.65   		   		
8292   			7.76   		   		
8298   			7.93   		   		
8303   			8.16   		   		
8309   			7.70   		   		
8315   			8.39   		   		
8321   			7.19   		   		
8326   			7.99   		   		
8332   			7.59   		   		
8338   			9.24   		   		
8343   			8.43   		   		
8349   			7.74   		   		
8355   			8.55   		   		
8361   			7.52   		   		
8366   			6.84   		   		
8372   			8.97   		   		
8378   			8.51   		   		
8384   			7.47   		   		
8389   			8.22   		   		
8395   			8.68   		   		
8401   			8.39   		   		
8406   			7.82   		   		
8412   			7.47   		   		
8418   			7.36   		   		
8424   			7.93   		   		
8429   			7.76   		   		
8435   			7.99   		   		
8441   			7.07   		   		
8447   			7.82   		   		
8452   			7.47   		   		
8458   			8.10   		   		
8464   			7.65   		   		
8469   			7.07   		   		
8475   			8.33   		   		
8481   			7.53   		   		
8487   			8.39   		   		
8492   			8.39   		   		
8498   			8.05   		   		
8504   			7.76   		   		
8509   			7.80   		   		
8515   			8.55   		   		
8521   			7.52   		   		
8527   			8.26   		   		
8532   			8.26   		   		
8538   			9.14   		   		
8544   			8.05   		   		
8550   			7.76   		   		
8555   			7.93   		   		
8561   			8.51   		   		
8567   			6.25   		   		
8572   			8.37   		   		
8578   			7.80   		   		
8584   			8.03   		   		
8590   			8.71   		   		
8595   			7.61   		   		
8601   			8.41   		   		
8607   			8.99   		   		
8613   			8.99   		   		
8618   			8.53   		   		
8624   			8.05   		   		
8630   			6.04   		   		
8635   			7.53   		   		
8641   			8.10   		   		
8647   			7.30   		   		
8653   			7.55   		   		
8658   			7.78   		   		
8664   			7.55   		   		
8670   			7.26   		   		
8676   			7.21   		   		
8681   			7.63   		   		
8687   			7.86   		   		
8693   			7.46   		   		
8698   			7.97   		   		
8704   			7.69   		   		
8710   			7.92   		   		
8716   			8.20   		   		
8721   			7.74   		   		
8727   			7.74   		   		
8733   			7.74   		   		
8739   			7.82   		   		
8744   			8.56   		   		
8750   			8.28   		   		
8756   			6.38   		   		
8761   			7.70   		   		
8767   			8.47   		   		
8773   			8.70   		   		
8779   			8.13   		   		
8784   			8.13   		   		
8790   			7.38   		   		
8796   			7.57   		   		
8802   			7.63   		   		
8807   			6.83   		   		
8813   			7.92   		   		
8819   			7.40   		   		
8824   			7.70   		   		
8830   			7.76   		   		
8836   			7.99   		   		
8842   			7.76   		   		
8847   			7.65   		   		
8853   			8.01   		   		
8859   			8.87   		   		
8865   			8.36   		   		
8870   			9.39   		   		
8876   			7.32   		   		
8882   			8.39   		   		
8887   			7.53   		   		
8893   			7.59   		   		
8899   			8.39   		   		
8905   			7.99   		   		
8910   			7.92   		   		
8916   			8.72   		   		
8922   			8.38   		   		
8928   			9.41   		   		
8933   			7.46   		   		
8939   			7.92   		   		
8945   			7.40   		   		
8950   			7.52   		   		
8956   			7.97   		   		
8962   			8.43   		   		
8968   			8.24   		   		
8973   			8.47   		   		
8979   			7.67   		   		
8985   			7.26   		   		
8991   			7.90   		   		
8996   			7.49   		   		
9002   			7.55   		   		
9008   			7.44   		   		
9013   			8.18   		   		
9019   			8.93   		   		
9025   			7.59   		   		
9031   			6.78   		   		
9036   			8.16   		   		
9042   			7.88   		   		
9048   			7.36   		   		
9054   			7.84   		   		
9059   			8.53   		   		
9065   			8.13   		   		
9071   			8.07   		   		
9076   			8.53   		   		
9082   			8.93   		   		
9088   			7.78   		   		
9094   			8.81   		   		
9099   			8.18   		   		
9105   			8.01   		   		
9111   			8.51   		   		
9117   			7.93   		   		
9122   			8.10   		   		
9128   			7.82   		   		
9134   			8.05   		   		
9139   			8.03   		   		
9145   			8.37   		   		
9151   			7.57   		   		
9157   			8.20   		   		
9162   			8.03   		   		
9168   			8.36   		   		
9174   			8.47   		   		
9180   			9.27   		   		
9185   			7.95   		   		
9191   			8.47   		   		
9197   			8.05   		   		
9202   			8.28   		   		
9208   			8.91   		   		
9214   			9.19   		   		
9220   			8.51   		   		
9225   			7.99   		   		
9231   			8.39   		   		
9237   			8.68   		   		
9243   			7.42   		   		
9248   			7.93   		   		
9254   			7.55   		   		
9260   			7.72   		   		
9265   			7.67   		   		
9271   			8.41   		   		
9277   			8.24   		   		
9283   			7.99   		   		
9288   			7.47   		   		
9294   			7.88   		   		
9300   			7.88   		   		
9306   			8.51   		   		
9311   			9.04   		   		
9317   			8.24   		   		
9323   			7.61   		   		
9328   			7.67   		   		
9334   			8.99   		   		
9340   			7.65   		   		
9346   			7.76   		   		
9351   			8.10   		   		
9357   			8.97   		   		
9363   			7.47   		   		
9369   			7.93   		   		
9374   			8.10   		   		
9380   			8.68   		   		
9386   			9.02   		   		
9391   			7.65   		   		
9397   			8.32   		   		
9403   			7.34   		   		
9409   			7.06   		   		
9414   			7.23   		   		
9420   			7.63   		   		
9426   			6.80   		   		
9432   			7.67   		   		
9437   			7.67   		   		
9443   			7.09   		   		
9449   			8.07   		   		
9454   			8.09   		   		
9460   			8.72   		   		
9466   			8.20   		   		
9472   			8.38   		   		
9477   			8.32   		   		
9483   			8.74   		   		
9489   			8.33   		   		
9495   			8.79   		   		
9500   			8.45   		   		
9506   			7.76   		   		
9512   			9.08   		   		
9517   			8.10   		   		
9523   			8.68   		   		
9529   			8.85   		   		
9535   			8.79   		   		
9540   			8.68   		   		
9546   			8.22   		   		
9552   			8.56   		   		
9558   			8.56   		   		
9563   			8.39   		   		
9569   			8.93   		   		
9575   			8.58   		   		
9580   			7.67   		   		
9586   			7.72   		   		
9592   			7.49   		   		
9598   			7.57   		   		
9603   			8.32   		   		
9609   			7.34   		   		
9615   			7.46   		   		
9621   			8.20   		   		
9626   			8.16   		   		
9632   			7.70   		   		
9638   			7.53   		   		
9643   			7.53   		   		
9649   			8.85   		   		
9655   			8.64   		   		
9661   			8.99   		   		
9666   			8.30   		   		
9672   			7.95   		   		
9678   			8.24   		   		
9684   			8.97   		   		
9689   			8.74   		   		
9695   			8.33   		   		
9701   			8.56   		   		
9706   			8.10   		   		
9712   			8.79   		   		
9718   			8.05   		   		
9724   			7.88   		   		
9729   			8.79   		   		
9735   			8.28   		   		
9741   			8.45   		   		
9747   			8.10   		   		
9752   			8.79   		   		
9758   			8.68   		   		
9764   			8.22   		   		
9769   			8.56   		   		
9775   			8.05   		   		
9781   			7.76   		   		
9787   			7.82   		   		
9792   			7.53   		   		
9798   			6.84   		   		
9804   			8.68   		   		
9810   			7.53   		   		
9815   			7.01   		   		
9821   			8.10   		   		
9827   			8.56   		   		
9832   			8.79   		   		
9838   			7.99   		   		
9844   			8.22   		   		
9850   			7.93   		   		
9855   			8.16   		   		
9861   			8.79   		   		
9867   			8.68   		   		
9873   			7.82   		   		
9878   			7.59   		   		
9884   			7.61   		   		
9890   			7.72   		   		
9895   			8.41   		   		
9901   			8.07   		   		
9907   			8.18   		   		
9913   			8.08   		   		
9918   			8.14   		   		
9924   			7.80   		   		
9930   			8.20   		   		
9936   			8.89   		   		
9941   			8.28   		   		
9947   			8.16   		   		
9953   			8.68   		   		
9958   			8.45   		   		
9964   			7.93   		   		
9970   			7.15   		   		
9976   			8.58   		   		
9981   			8.07   		   		
9987   			7.55   		   		
9993   			5.83   		   		
9998   			7.70   		   		
10004   			8.10   		   		
10010   			7.65   		   		
10016   			7.42   		   		
10021   			8.16   		   		
10027   			8.30   		   		
10033   			7.90   		   		
10039   			7.21   		   		
10044   			7.09   		   		
10050   			7.90   		   		
10056   			5.81   		   		
10061   			7.70   		   		
10067   			8.56   		   		
10073   			8.28   		   		
10079   			8.10   		   		
10084   			7.88   		   		
10090   			8.16   		   		
10096   			8.05   		   		
10102   			8.16   		   		
10107   			7.82   		   		
10113   			7.53   		   		
10119   			7.93   		   		
10124   			8.05   		   		
10130   			8.39   		   		
10136   			8.68   		   		
10142   			7.15   		   		
10147   			8.53   		   		
10153   			7.55   		   		
10159   			6.98   		   		
10165   			7.67   		   		
10170   			7.36   		   		
10176   			7.53   		   		
10182   			8.85   		   		
10187   			7.88   		   		
10193   			7.70   		   		
10199   			8.07   		   		
10205   			8.01   		   		
10210   			7.38   		   		
10216   			7.26   		   		
10222   			8.13   		   		
10228   			8.14   		   		
10233   			7.68   		   		
10239   			7.68   		   		
10245   			7.22   		   		
10250   			7.57   		   		
10256   			7.84   		   		
10262   			8.53   		   		
10268   			8.30   		   		
10273   			8.81   		   		
10279   			8.81   		   		
10285   			7.72   		   		
10291   			7.72   		   		
10296   			7.67   		   		
10302   			8.30   		   		
10308   			7.72   		   		
10313   			6.82   		   		
10319   			6.42   		   		
10325   			6.88   		   		
10331   			6.99   		   		
10336   			7.16   		   		
10342   			6.67   		   		
10348   			7.13   		   		
10354   			7.07   		   		
10359   			6.67   		   		
10365   			6.67   		   		
10371   			6.69   		   		
10376   			8.30   		   		
10382   			7.49   		   		
10388   			8.30   		   		
10394   			7.38   		   		
10399   			7.61   		   		
10405   			8.01   		   		
10411   			7.55   		   		
10417   			7.26   		   		
10422   			7.38   		   		
10428   			7.23   		   		
10434   			7.69   		   		
10439   			7.23   		   		
10445   			8.49   		   		
10451   			8.20   		   		
10457   			7.30   		   		
10462   			7.82   		   		
10468   			7.07   		   		
10474   			7.65   		   		
10480   			7.42   		   		
10485   			7.01   		   		
10491   			7.47   		   		
10497   			7.88   		   		
10502   			7.65   		   		
10508   			7.88   		   		
10514   			7.92   		   		
10520   			8.26   		   		
10525   			7.29   		   		
10531   			7.40   		   		
10537   			7.29   		   		
10543   			6.40   		   		
10548   			7.61   		   		
10554   			7.49   		   		
10560   			7.67   		   		
10565   			7.61   		   		
10571   			8.51   		   		
10577   			7.70   		   		
10583   			7.70   		   		
10588   			7.76   		   		
10594   			6.55   		   		
10600   			7.63   		   		
10606   			8.15   		   		
10611   			7.46   		   		
10617   			7.69   		   		
10623   			7.97   		   		
10628   			7.97   		   		
10634   			7.22   		   		
10640   			8.08   		   		
10646   			7.97   		   		
10651   			8.08   		   		
10657   			7.44   		   		
10663   			7.61   		   		
10669   			7.78   		   		
10674   			7.49   		   		
10680   			7.55   		   		
10686   			7.23   		   		
10691   			8.49   		   		
10697   			7.97   		   		
10703   			7.97   		   		
10709   			7.86   		   		
10714   			8.22   		   		
10720   			8.10   		   		
10726   			7.88   		   		
10732   			7.70   		   		
10737   			6.21   		   		
10743   			6.80   		   		
10749   			6.46   		   		
10754   			6.92   		   		
10760   			7.90   		   		
10766   			8.93   		   		
10772   			8.53   		   		
10777   			7.95   		   		
10783   			7.61   		   		
10789   			8.18   		   		
10795   			6.86   		   		
10800   			7.09   		   		
10806   			6.92   		   		
10812   			6.57   		   		
10817   			7.78   		   		
10823   			7.55   		   		
10829   			7.72   		   		
10835   			8.01   		   		
10840   			6.98   		   		
10846   			6.63   		   		
10852   			6.80   		   		
10858   			8.03   		   		
10863   			7.28   		   		
10869   			7.62   		   		
10875   			7.45   		   		
10880   			6.88   		   		
10886   			7.65   		   		
10892   			7.99   		   		
10898   			7.53   		   		
10903   			7.47   		   		
10909   			8.10   		   		
10915   			7.88   		   		
10921   			7.82   		   		
10926   			7.53   		   		
10932   			7.42   		   		
10938   			7.65   		   		
10943   			8.13   		   		
10949   			7.44   		   		
10955   			7.72   		   		
10961   			7.55   		   		
10966   			7.78   		   		
10972   			6.86   		   		
10978   			7.61   		   		
10984   			7.55   		   		
10989   			7.95   		   		
10995   			7.72   		   		
11001   			8.24   		   		
11006   			7.67   		   		
11012   			7.78   		   		
11018   			7.44   		   		
11024   			7.44   		   		
11029   			7.38   		   		
11035   			7.21   		   		
11041   			5.83   		   		
11046   			7.84   		   		
11052   			8.07   		   		
11058   			8.58   		   		
11064   			8.47   		   		
11069   			7.72   		   		
11075   			7.55   		   		
11081   			7.44   		   		
11087   			7.55   		   		
11092   			6.69   		   		
11098   			6.98   		   		
11104   			6.06   		   		
11109   			7.32   		   		
11115   			8.22   		   		
11121   			8.10   		   		
11127   			8.62   		   		
11132   			7.36   		   		
11138   			7.19   		   		
11144   			8.24   		   		
11150   			7.49   		   		
11155   			7.44   		   		
11161   			7.44   		   		
11167   			5.31   		   		
11172   			7.69   		   		
11178   			8.03   		   		
11184   			8.49   		   		
11190   			8.32   		   		
11195   			8.15   		   		
11201   			7.97   		   		
11207   			7.52   		   		
11213   			8.09   		   		
11218   			7.46   		   		
11224   			8.09   		   		
11230   			5.60   		   		
11235   			8.07   		   		
11241   			7.26   		   		
11247   			7.03   		   		
11253   			7.38   		   		
11258   			6.83   		   		
11264   			7.69   		   		
11270   			7.29   		   		
11276   			8.32   		   		
11281   			7.17   		   		
11287   			7.49   		   		
11293   			7.21   		   		
11298   			7.72   		   		
11304   			7.44   		   		
11310   			7.67   		   		
11316   			7.65   		   		
11321   			7.88   		   		
11327   			6.90   		   		
11333   			7.82   		   		
11339   			7.19   		   		
11344   			8.24   		   		
11350   			8.70   		   		
11356   			8.41   		   		
11361   			8.53   		   		
11367   			7.95   		   		
11373   			7.26   		   		
11379   			7.44   		   		
11384   			7.09   		   		
11390   			7.95   		   		
11396   			8.18   		   		
11402   			8.13   		   		
11407   			7.61   		   		
11413   			7.95   		   		
11419   			8.13   		   		
11424   			7.72   		   		
11430   			8.36   		   		
11436   			7.38   		   		
11442   			6.98   		   		
11447   			8.01   		   		
11453   			7.72   		   		
11459   			7.93   		   		
11465   			8.22   		   		
11470   			8.22   		   		
11476   			7.42   		   		
11482   			7.42   		   		
11487   			7.21   		   		
11493   			7.61   		   		
11499   			7.90   		   		
11505   			7.55   		   		
11510   			7.09   		   		
11516   			7.30   		   		
11522   			7.99   		   		
11528   			7.99   		   		
11533   			8.05   		   		
11539   			8.10   		   		
11545   			7.90   		   		
11550   			7.26   		   		
11556   			7.15   		   		
11562   			6.86   		   		
11568   			7.72   		   		
11573   			8.07   		   		
11579   			7.38   		   		
11585   			8.47   		   		
11591   			7.84   		   		
11596   			7.44   		   		
11602   			7.11   		   		
11608   			7.40   		   		
11613   			7.57   		   		
11619   			8.20   		   		
11625   			7.86   		   		
11631   			7.49   		   		
11636   			8.70   		   		
11642   			8.70   		   		
11648   			8.13   		   		
11654   			8.18   		   		
11659   			7.16   		   		
11665   			7.51   		   		
11671   			6.65   		   		
11676   			7.68   		   		
11682   			7.91   		   		
11688   			7.90   		   		
11694   			7.67   		   		
11699   			7.44   		   		
11705   			8.18   		   		
11711   			8.18   		   		
11717   			7.51   		   		
11722   			8.26   		   		
11728   			8.03   		   		
11734   			7.74   		   		
11739   			8.08   		   		
11745   			7.93   		   		
11751   			8.62   		   		
11757   			7.88   		   		
11762   			8.05   		   		
11768   			9.08   		   		
11774   			8.81   		   		
11780   			8.64   		   		
11785   			8.36   		   		
11791   			8.47   		   		
11797   			8.30   		   		
11802   			7.30   		   		
11808   			8.10   		   		
11814   			8.62   		   		
11820   			8.45   		   		
11825   			7.42   		   		
11831   			7.47   		   		
11837   			6.78   		   		
11843   			7.65   		   		
11848   			7.01   		   		
11854   			7.99   		   		
11860   			7.61   		   		
11865   			8.36   		   		
11871   			7.49   		   		
11877   			7.95   		   		
11883   			8.13   		   		
11888   			8.45   		   		
11894   			7.76   		   		
11900   			6.32   		   		
11905   			8.28   		   		
11911   			7.93   		   		
11917   			8.39   		   		
11923   			8.74   		   		
11928   			8.62   		   		
11934   			8.51   		   		
11940   			8.33   		   		
11946   			8.30   		   		
11951   			8.64   		   		
11957   			8.18   		   		
11963   			5.83   		   		
11968   			7.61   		   		
11974   			8.30   		   		
11980   			7.38   		   		
11986   			8.36   		   		
11991   			7.95   		   		
11997   			8.47   		   		
12003   			9.16   		   		
12009   			9.04   		   		
12014   			8.36   		   		
12020   			8.24   		   		
12026   			6.80   		   		
12031   			8.39   		   		
12037   			8.68   		   		
12043   			8.22   		   		
12049   			7.99   		   		
12054   			8.22   		   		
12060   			8.32   		   		
12066   			8.84   		   		
12072   			8.32   		   		
12077   			8.55   		   		
12083   			8.26   		   		
12089   			6.44   		   		
12094   			7.93   		   		
12100   			7.19   		   		
12106   			7.36   		   		
12112   			8.05   		   		
12117   			7.88   		   		
12123   			8.39   		   		
12129   			7.30   		   		
12135   			7.01   		   		
12140   			6.96   		   		
12146   			7.59   		   		
12152   			7.47   		   		
12157   			7.70   		   		
12163   			8.45   		   		
12169   			9.37   		   		
12175   			7.67   		   		
12180   			7.90   		   		
12186   			8.36   		   		
12192   			7.90   		   		
12198   			7.49   		   		
12203   			7.49   		   		
12209   			8.30   		   		
12215   			9.16   		   		
12220   			7.38   		   		
12226   			7.95   		   		
12232   			7.76   		   		
12238   			7.99   		   		
12243   			7.70   		   		
12249   			7.88   		   		
12255   			8.51   		   		
12261   			8.24   		   		
12266   			8.36   		   		
12272   			8.13   		   		
12278   			7.55   		   		
12283   			7.38   		   		
12289   			8.01   		   		
12295   			7.90   		   		
12301   			8.30   		   		
12306   			8.41   		   		
12312   			6.92   		   		
12318   			6.55   		   		
12324   			8.05   		   		
12329   			7.99   		   		
12335   			7.70   		   		
12341   			6.90   		   		
12346   			7.38   		   		
12352   			7.55   		   		
12358   			8.07   		   		
12364   			7.03   		   		
12369   			6.46   		   		
12375   			6.40   		   		
12381   			8.24   		   		
12387   			8.07   		   		
12392   			7.84   		   		
12398   			8.99   		   		
12404   			8.18   		   		
12409   			8.76   		   		
12415   			7.15   		   		
12421   			7.55   		   		
12427   			7.67   		   		
12432   			8.18   		   		
12438   			8.13   		   		
12444   			8.01   		   		
12450   			7.78   		   		
12455   			8.13   		   		
12461   			8.15   		   		
12467   			9.12   		   		
12472   			7.74   		   		
12478   			7.00   		   		
12484   			7.40   		   		
12490   			7.82   		   		
12495   			7.82   		   		
12501   			7.76   		   		
12507   			8.16   		   		
12513   			7.76   		   		
12518   			8.47   		   		
12524   			8.36   		   		
12530   			8.13   		   		
12535   			7.84   		   		
12541   			7.72   		   		
12547   			7.88   		   		
12553   			7.88   		   		
12558   			8.05   		   		
12564   			7.13   		   		
12570   			7.36   		   		
12576   			7.92   		   		
12581   			7.57   		   		
12587   			7.46   		   		
12593   			7.17   		   		
12598   			7.06   		   		
12604   			6.44   		   		
12610   			7.47   		   		
12616   			6.96   		   		
12621   			6.78   		   		
12627   			6.96   		   		
12633   			7.30   		   		
12639   			7.30   		   		
12644   			7.53   		   		
12650   			7.47   		   		
12656   			7.59   		   		
12661   			7.30   		   		
12667   			6.78   		   		
12673   			7.42   		   		
12679   			7.13   		   		
12684   			7.59   		   		
12690   			7.34   		   		
12696   			8.32   		   		
12702   			6.71   		   		
12707   			6.77   		   		
12713   			7.11   		   		
12719   			6.57   		   		
12724   			6.92   		   		
12730   			6.86   		   		
12736   			6.75   		   		
12742   			6.75   		   		
12747   			6.86   		   		
12753   			7.61   		   		
12759   			7.38   		   		
12765   			6.69   		   		
12770   			7.78   		   		
12776   			7.34   		   		
12782   			7.97   		   		
12787   			7.00   		   		
12793   			6.83   		   		
12799   			7.23   		   		
12805   			6.50   		   		
12810   			7.30   		   		
12816   			7.24   		   		
12822   			7.53   		   		
12828   			7.59   		   		
12833   			7.15   		   		
12839   			7.38   		   		
12845   			7.09   		   		
12850   			7.38   		   		
12856   			7.15   		   		
12862   			7.42   		   		
12868   			7.82   		   		
12873   			8.22   		   		
12879   			8.62   		   		
12885   			5.98   		   		
12890   			7.59   		   		
12896   			8.16   		   		
12902   			7.82   		   		
12908   			7.59   		   		
12913   			8.16   		   		
12919   			8.60   		   		
12925   			7.57   		   		
12931   			8.26   		   		
12936   			8.66   		   		
12942   			7.45   		   		
12948   			6.19   		   		
12953   			7.52   		   		
12959   			7.34   		   		
12965   			7.34   		   		
12971   			8.03   		   		
12976   			7.61   		   		
12982   			6.92   		   		
12988   			7.32   		   		
12994   			7.72   		   		
12999   			7.72   		   		
13005   			7.24   		   		
13011   			6.96   		   		
13016   			7.47   		   		
13022   			7.70   		   		
13028   			7.53   		   		
13034   			8.36   		   		
13039   			7.95   		   		
13045   			6.69   		   		
13051   			7.72   		   		
13057   			7.21   		   		
13062   			6.50   		   		
13068   			6.96   		   		
13074   			7.07   		   		
13079   			6.78   		   		
13085   			6.90   		   		
13091   			7.61   		   		
13097   			7.61   		   		
13102   			7.32   		   		
13108   			6.98   		   		
13114   			8.64   		   		
13120   			8.07   		   		
13125   			7.78   		   		
13131   			8.24   		   		
13137   			7.95   		   		
13142   			8.18   		   		
13148   			8.68   		   		
13154   			8.11   		   		
13160   			8.74   		   		
13165   			8.45   		   		
13171   			8.05   		   		
13177   			8.47   		   		
13183   			7.90   		   		
13188   			7.67   		   		
13194   			7.21   		   		
13200   			8.13   		   		
13205   			7.99   		   		
13211   			8.56   		   		
13217   			8.05   		   		
13223   			8.74   		   		
13228   			7.76   		   		
13234   			7.42   		   		
13240   			8.05   		   		
13246   			7.24   		   		
13251   			7.36   		   		
13257   			8.10   		   		
13263   			7.11   		   		
13268   			7.23   		   		
13274   			8.72   		   		
13280   			8.09   		   		
13286   			7.74   		   		
13291   			7.53   		   		
13297   			8.28   		   		
13303   			7.47   		   		
13309   			7.76   		   		
13314   			7.76   		   		
13320   			8.10   		   		
13326   			9.14   		   		
13331   			7.93   		   		
13337   			7.93   		   		
13343   			7.99   		   		
13349   			8.49   		   		
13354   			8.61   		   		
13360   			7.80   		   		
13366   			7.46   		   		
13372   			7.46   		   		
13377   			7.93   		   		
13383   			7.70   		   		
13389   			7.88   		   		
13394   			8.68   		   		
13400   			8.10   		   		
13406   			7.84   		   		
13412   			8.01   		   		
13417   			7.78   		   		
13423   			7.49   		   		
13429   			6.29   		   		
13434   			8.07   		   		
13440   			7.67   		   		
13446   			8.01   		   		
13452   			8.24   		   		
13457   			8.30   		   		
13463   			8.81   		   		
13469   			8.41   		   		
13475   			8.18   		   		
13480   			7.90   		   		
13486   			9.33   		   		
13492   			6.65   		   		
13497   			8.09   		   		
13503   			8.72   		   		
13509   			8.72   		   		
13515   			7.80   		   		
13520   			7.57   		   		
13526   			7.74   		   		
13532   			8.15   		   		
13538   			7.69   		   		
13543   			7.97   		   		
13549   			7.70   		   		
13555   			5.40   		   		
13560   			7.88   		   		
13566   			8.33   		   		
13572   			7.01   		   		
13578   			7.84   		   		
13583   			7.72   		   		
13589   			8.64   		   		
13595   			7.72   		   		
13601   			7.38   		   		
13606   			7.21   		   		
13612   			7.90   		   		
13618   			8.36   		   		
13623   			7.72   		   		
13629   			7.84   		   		
13635   			8.01   		   		
13641   			8.36   		   		
13646   			8.24   		   		
13652   			8.24   		   		
13658   			7.49   		   		
13664   			7.19   		   		
13669   			7.65   		   		
13675   			8.05   		   		
13681   			8.28   		   		
13686   			7.76   		   		
13692   			8.18   		   		
13698   			8.07   		   		
13704   			8.81   		   		
13709   			8.76   		   		
13715   			8.76   		   		
13721   			9.33   		   		
13727   			9.10   		   		
13732   			8.47   		   		
13738   			9.44   		   		
13744   			8.76   		   		
13749   			9.12   		   		
13755   			8.83   		   		
13761   			8.94   		   		
13767   			9.80   		   		
13772   			9.69   		   		
13778   			9.39   		   		
13784   			8.41   		   		
13790   			9.10   		   		
13795   			9.16   		   		
13801   			8.70   		   		
13807   			8.87   		   		
13812   			8.18   		   		
13818   			8.07   		   		
13824   			8.76   		   		
13830   			8.58   		   		
13835   			9.27   		   		
13841   			9.10   		   		
13847   			8.64   		   		
13853   			8.24   		   		
13858   			8.13   		   		
13864   			7.42   		   		
13870   			7.82   		   		
13875   			8.56   		   		
13881   			8.22   		   		
13887   			8.28   		   		
13893   			7.76   		   		
13898   			8.68   		   		
13904   			8.28   		   		
13910   			8.22   		   		
13916   			8.68   		   		
13921   			8.39   		   		
13927   			8.33   		   		
13933   			8.16   		   		
13938   			8.56   		   		
13944   			8.56   		   		
13950   			8.16   		   		
13956   			8.97   		   		
13961   			8.56   		   		
13967   			8.62   		   		
13973   			8.62   		   		
13979   			8.97   		   		
13984   			9.08   		   		
13990   			8.97   		   		
13996   			7.99   		   		
14001   			7.99   		   		
14007   			8.47   		   		
14013   			7.67   		   		
14019   			9.27   		   		
14024   			7.84   		   		
14030   			8.64   		   		
14036   			8.81   		   		
14042   			8.07   		   		
14047   			8.47   		   		
14053   			7.78   		   		
14059   			7.78   		   		
14064   			7.40   		   		
14070   			7.23   		   		
14076   			7.34   		   		
14082   			7.57   		   		
14087   			7.97   		   		
14093   			7.99   		   		
14099   			8.28   		   		
14105   			7.42   		   		
14110   			7.30   		   		
14116   			7.82   		   		
14122   			8.47   		   		
14127   			8.36   		   		
14133   			8.24   		   		
14139   			8.76   		   		
14145   			8.07   		   		
14150   			8.30   		   		
14156   			8.30   		   		
14162   			7.95   		   		
14167   			7.55   		   		
14173   			8.30   		   		
14179   			8.72   		   		
14185   			8.55   		   		
14190   			8.20   		   		
14196   			8.20   		   		
14202   			8.09   		   		
14208   			8.13   		   		
14213   			7.61   		   		
14219   			8.13   		   		
14225   			6.69   		   		
14230   			7.49   		   		
14236   			7.65   		   		
14242   			7.42   		   		
14248   			7.82   		   		
14253   			6.84   		   		
14259   			7.53   		   		
14265   			6.69   		   		
14271   			6.75   		   		
14276   			8.24   		   		
14282   			7.67   		   		
14288   			5.71   		   		
14293   			8.81   		   		
14299   			7.09   		   		
14305   			7.44   		   		
14311   			7.61   		   		
14316   			8.01   		   		
14322   			7.72   		   		
14328   			8.13   		   		
14334   			8.24   		   		
14339   			9.27   		   		
14345   			8.76   		   		
14351   			5.71   		   		
14356   			8.53   		   		
14362   			7.84   		   		
14368   			8.13   		   		
14374   			8.64   		   		
14379   			8.66   		   		
14385   			7.92   		   		
14391   			7.00   		   		
14397   			7.17   		   		
14402   			8.15   		   		
14408   			9.22   		   		
14414   			5.94   		   		
14419   			7.78   		   		
14425   			7.61   		   		
14431   			7.95   		   		
14437   			7.67   		   		
14442   			7.32   		   		
14448   			8.01   		   		
14454   			7.72   		   		
14460   			7.55   		   		
14465   			7.86   		   		
14471   			7.92   		   		
14477   			5.56   		   		
14482   			7.17   		   		
14488   			7.06   		   		
14494   			8.39   		   		
14500   			7.30   		   		
14505   			7.93   		   		
14511   			7.36   		   		
14517   			7.70   		   		
14523   			7.95   		   		
14528   			8.13   		   		
14534   			8.36   		   		
14540   			8.01   		   		
14545   			8.18   		   		
14551   			7.52   		   		
14557   			8.03   		   		
14563   			7.00   		   		
14568   			7.17   		   		
14574   			7.17   		   		
14580   			7.42   		   		
14586   			7.76   		   		
14591   			8.22   		   		
14597   			7.19   		   		
14603   			7.76   		   		
14608   			6.92   		   		
14614   			7.55   		   		
14620   			7.61   		   		
14626   			7.84   		   		
14631   			7.84   		   		
14637   			7.90   		   		
14643   			8.01   		   		
14649   			7.67   		   		
14654   			6.98   		   		
14660   			7.44   		   		
14666   			7.90   		   		
14671   			7.61   		   		
14677   			7.72   		   		
14683   			8.07   		   		
14689   			7.90   		   		
14694   			7.65   		   		
14700   			8.16   		   		
14706   			7.99   		   		
14712   			7.47   		   		
14717   			8.28   		   		
14723   			8.09   		   		
14729   			7.80   		   		
14734   			8.09   		   		
14740   			6.94   		   		
14746   			7.63   		   		
14752   			8.05   		   		
14757   			8.45   		   		
14763   			7.82   		   		
14769   			7.07   		   		
14775   			7.24   		   		
14780   			7.13   		   		
14786   			7.42   		   		
14792   			7.93   		   		
14797   			7.30   		   		
14803   			7.07   		   		
14809   			7.49   		   		
14815   			7.21   		   		
14820   			8.07   		   		
14826   			7.78   		   		
14832   			6.98   		   		
14838   			7.72   		   		
14843   			7.49   		   		
14849   			6.92   		   		
14855   			7.67   		   		
14860   			7.26   		   		
14866   			7.54   		   		
14872   			7.54   		   		
14878   			7.88   		   		
14883   			7.48   		   		
14889   			7.88   		   		
14895   			6.21   		   		
14900   			7.01   		   		
14906   			6.84   		   		
14912   			7.13   		   		
14918   			7.24   		   		
14923   			6.80   		   		
14929   			7.55   		   		
14935   			7.78   		   		
14941   			6.57   		   		
14946   			7.09   		   		
14952   			7.44   		   		
14958   			7.72   		   		
14963   			7.32   		   		
14969   			7.21   		   		
14975   			7.72   		   		
14981   			7.51   		   		
14986   			8.66   		   		
14992   			8.20   		   		
14998   			7.80   		   		
15004   			8.08   		   		
15009   			8.18   		   		
15015   			8.53   		   		
15021   			7.90   		   		
15026   			8.18   		   		
15032   			8.70   		   		
15038   			7.95   		   		
15044   			7.49   		   		
15049   			7.67   		   		
15055   			8.47   		   		
15061   			8.07   		   		
15067   			7.82   		   		
15072   			7.19   		   		
15078   			7.53   		   		
15084   			8.74   		   		
15089   			8.28   		   		
15095   			8.05   		   		
15101   			7.53   		   		
15107   			7.93   		   		
15112   			7.99   		   		
15118   			8.51   		   		
15124   			8.07   		   		
15130   			7.78   		   		
15135   			7.72   		   		
15141   			7.67   		   		
15147   			7.90   		   		
15152   			7.72   		   		
15158   			8.01   		   		
15164   			6.86   		   		
15170   			7.15   		   		
15175   			7.09   		   		
15181   			7.26   		   		
15187   			5.88   		   		
15192   			7.49   		   		
15198   			7.32   		   		
15204   			7.55   		   		
15210   			7.59   		   		
15215   			7.36   		   		
15221   			8.22   		   		
15227   			7.47   		   		
15233   			7.07   		   		
15238   			7.61   		   		
15244   			6.57   		   		
15250   			8.18   		   		
15255   			7.78   		   		
15261   			7.61   		   		
15267   			7.93   		   		
15273   			8.39   		   		
15278   			7.70   		   		
15284   			7.82   		   		
15290   			7.82   		   		
15296   			7.76   		   		
15301   			8.16   		   		
15307   			7.70   		   		
15313   			7.53   		   		
15318   			7.19   		   		
15324   			7.90   		   		
15330   			6.92   		   		
15336   			7.26   		   		
15341   			8.01   		   		
15347   			7.26   		   		
15353   			7.88   		   		
15359   			7.42   		   		
15364   			7.24   		   		
15370   			6.73   		   		
15376   			6.55   		   		
15381   			6.44   		   		
15387   			6.04   		   		
15393   			6.21   		   		
15399   			5.40   		   		
15404   			5.69   		   		
15410   			6.06   		   		
15416   			5.19   		   		
15422   			5.25   		   		
15427   			4.73   		   		
15433   			5.60   		   		
15439   			4.48   		   		
15444   			5.40   		   		
15450   			4.94   		   		
15456   			5.23   		   		
15462   			4.94   		   		
15467   			5.42   		   		
15473   			5.37   		   		
15479   			3.70   		   		
15485   			3.75   		   		
15490   			3.70   		   		
15496   			4.48   		   		
15502   			4.02   		   		
15507   			4.02   		   		
15513   			4.14   		   		
15519   			4.31   		   		
15525   			4.12   		   		
15530   			3.77   		   		
15536   			4.75   		   		
15542   			3.49   		   		
15548   			3.20   		   		
15553   			3.67   		   		
15559   			3.44   		   		
15565   			2.87   		   		
15570   			3.85   		   		
15576   			3.16   		   		
15582   			2.64   		   		
15588   			2.12   		   		
15593   			2.75   		   		
15599   			2.92   		   		
15605   			2.29   		   		
15611   			2.83   		   		
15616   			2.54   		   		
15622   			2.71   		   		
15628   			2.66   		   		
15633   			2.89   		   		
15639   			2.92   		   		
15645   			2.58   		   		
15651   			2.00   		   		
15656   			2.58   		   		
15662   			3.04   		   		
15668   			0.90   		   		
15673   			3.10   		   		
15679   			2.40   		   		
15685   			2.58   		   		
15691   			2.75   		   		
15696   			2.37   		   		
15702   			2.43   		   		
15708   			1.10   		   		
15714   			0.98   		   		
15719   			0.00   		   		
15725   			0.05   		   		
15731   			0.17   		   		
15736   			0.11   		   		
15742   			0.86   		   		
15748   			0.75   		   		
15754   			0.00   		   		
15759   			0.92   		   		
15765   			1.79   		   		
15771   			0.75   		   		
15777   			0.52   		   		
15782   			1.36   		   		
15788   			0.96   		   		
15794   			0.84   		   		
15799   			0.84   		   		
15805   			0.90   		   		
15811   			0.83   		   		
15817   			0.42   		   		
15822   			0.60   		   		
15828   			0.71   		   		
15834   			0.60   		   		
15840   			0.84   		   		
15845   			0.44   		   		
15851   			0.50   		   		
15857   			0.50   		   		
15862   			0.38   		   		
15868   			0.46   		   		
15874   			0.58   		   		
15880   			0.34   		   		
15885   			0.05   		   		
15891   			-0.18   		   		
15897   			0.31   		   		
15903   			-0.33   		   		
15908   			-0.10   		   		
15914   			0.25   		   		
15920   			-0.74   		   		
15925   			0.61   		   		
15931   			-0.20   		   		
15937   			-0.95   		   		
15943   			-0.37   		   		
15948   			0.90   		   		
15954   			0.71   		   		
15960   			-0.16   		   		
15966   			-0.50   		   		
15971   			-0.45   		   		
15977   			-0.68   		   		
15983   			-0.49   		   		
15988   			-1.13   		   		
15994   			-0.89   		   		
16000   			-0.31   		   		
16006   			-0.49   		   		
16011   			0.00   		   		
16017   			0.00   		   		
16023   			-0.35   		   		
16029   			-0.81   		   		
16034   			0.52   		   		
16040   			1.08   		   		
16046   			1.25   		   		
16051   			-0.26   		   		
16057   			-0.60   		   		
16063   			0.26   		   		
16069   			0.42   		   		
16074   			-0.28   		   		
16080   			0.76   		   		
16086   			0.07   		   		
16092   			-0.74   		   		
16097   			0.44   		   		
16103   			-0.55   		   		
16109   			-0.20   		   		
16114   			-0.43   		   		
16120   			-0.60   		   		
16126   			-0.74   		   		
16132   			-0.80   		   		
16137   			-0.45   		   		
16143   			-0.10   		   		
16149   			-0.51   		   		
16155   			-1.76   		   		
16160   			-1.59   		   		
16166   			-1.47   		   		
16172   			-0.31   		   		
16177   			-0.43   		   		
16183   			-0.76   		   		
16189   			-1.16   		   		
16195   			-0.29   		   		
16200   			-0.47   		   		
16206   			0.11   		   		
16212   			-0.55   		   		
16217   			-1.13   		   		
16223   			-1.88   		   		
16229   			-1.30   		   		
16235   			-1.01   		   		
16240   			-1.07   		   		
16246   			-1.53   		   		
16252   			-1.42   		   		
16258   			-1.13   		   		
16263   			-0.78   		   		
16269   			-0.58   		   		
16275   			-2.50   		   		
16280   			-0.99   		   		
16286   			-0.70   		   		
16292   			-0.47   		   		
16298   			-1.22   		   		
16303   			-1.16   		   		
16309   			-2.21   		   		
16315   			-1.16   		   		
16321   			-1.34   		   		
16326   			-1.16   		   		
16332   			-0.93   		   		
16338   			-2.73   		   		
16343   			-0.93   		   		
16349   			-1.22   		   		
16355   			-1.05   		   		
16361   			-1.16   		   		
16366   			-1.57   		   		
16372   			-0.81   		   		
16378   			-0.12   		   		
16384   			-1.82   		   		
16389   			-0.43   		   		
16395   			-0.72   		   		
16401   			-1.24   		   		
16406   			-0.72   		   		
16412   			-0.66   		   		
16418   			-0.60   		   		
16424   			-0.66   		   		
16429   			-0.49   		   		
16435   			-0.89   		   		
16441   			-0.84   		   		
16447   			-0.55   		   		
16452   			-0.78   		   		
16458   			-0.66   		   		
16464   			-0.84   		   		
16469   			0.11   		   		
16475   			-0.24   		   		
16481   			0.05   		   		
16487   			0.05   		   		
16492   			-0.24   		   		
16498   			-0.53   		   		
16504   			-0.12   		   		
16510   			-0.47   		   		
16515   			-0.81   		   		
16521   			-0.93   		   		
16527   			-0.76   		   		
16532   			-0.93   		   		
16538   			-1.28   		   		
16544   			-0.99   		   		
16550   			-0.93   		   		
16555   			-0.87   		   		
16561   			-0.70   		   		
16567   			-0.93   		   		
16573   			-0.58   		   		
16578   			-0.87   		   		
16584   			-0.74   		   		
16590   			-0.56   		   		
16595   			-0.85   		   		
16601   			-1.14   		   		
16607   			-1.08   		   		
16613   			-1.28   		   		
16618   			-0.99   		   		
16624   			-1.63   		   		
16630   			-1.39   		   		
16636   			-0.87   		   		
16641   			-1.68   		   		
16647   			-1.28   		   		
16653   			-1.34   		   		
16658   			-1.63   		   		
16664   			-1.28   		   		
16670   			-1.82   		   		
16676   			-1.71   		   		
16681   			-1.13   		   		
16687   			-0.14   		   		
16693   			-0.78   		   		
16699   			-1.22   		   		
16704   			-0.76   		   		
16710   			-1.39   		   		
16716   			-1.57   		   		
16721   			-1.97   		   		
16727   			-0.78   		   		
16733   			-2.23   		   		
16739   			-1.01   		   		
16744   			-1.07   		   		
16750   			0.15   		   		
16756   			-0.29   		   		
16762   			-0.12   		   		
16767   			-0.12   		   		
16773   			-0.24   		   		
16779   			-0.87   		   		
16784   			-1.01   		   		
16790   			-0.72   		   		
16796   			0.15   		   		
16802   			0.21   		   		
16807   			-0.37   		   		
16813   			0.29   		   		
16819   			-0.47   		   		
16825   			-0.35   		   		
16830   			-1.10   		   		
16836   			-0.53   		   		
16842   			-0.60   		   		
16847   			-1.18   		   		
16853   			-0.72   		   		
16859   			-0.20   		   		
16865   			-1.13   		   		
16870   			-0.80   		   		
16876   			-1.26   		   		
16882   			-0.63   		   		
16888   			-0.22   		   		
16893   			-0.22   		   		
16899   			-0.24   		   		
16905   			0.52   		   		
16910   			0.11   		   		
16916   			-0.87   		   		
16922   			-0.93   		   		
16928   			-1.55   		   		
16933   			-0.74   		   		
16939   			-0.16   		   		
16945   			-0.16   		   		
16951   			-0.16   		   		
16956   			-0.76   		   		
16962   			-1.34   		   		
16968   			-0.70   		   		
16973   			-0.64   		   		
16979   			-0.47   		   		
16985   			-0.24   		   		
16991   			-0.53   		   		
16996   			-0.35   		   		
17002   			-0.76   		   		
17008   			-0.81   		   		
17014   			-1.05   		   		
17019   			-0.29   		   		
17025   			-0.41   		   		
17031   			-0.70   		   		
17036   			-0.81   		   		
17042   			-1.10   		   		
17048   			-1.57   		   		
17054   			-1.45   		   		
17059   			-0.76   		   		
17065   			-1.63   		   		
17071   			-1.57   		   		
17077   			-1.51   		   		
17082   			-1.63   		   		
17088   			-1.22   		   		
17094   			-0.87   		   		
17099   			-0.35   		   		
17105   			-0.93   		   		
17111   			-0.35   		   		
17117   			-1.05   		   		
17122   			-1.22   		   		
17128   			-1.39   		   		
17134   			-1.68   		   		
17140   			-0.99   		   		
17145   			-0.53   		   		
17151   			-0.87   		   		
17157   			-1.18   		   		
17162   			-0.49   		   		
17168   			-1.30   		   		
17174   			-0.78   		   		
17180   			-0.66   		   		
17185   			-0.18   		   		
17191   			0.23   		   		
17197   			-0.18   		   		
17203   			0.46   		   		
17208   			-0.76   		   		
17214   			0.00   		   		
17220   			-0.35   		   		
17225   			0.17   		   		
17231   			-0.41   		   		
17237   			-0.18   		   		
17243   			-0.47   		   		
17248   			-0.76   		   		
17254   			-0.99   		   		
17260   			-0.87   		   		
17266   			-0.53   		   		
17271   			-0.37   		   		
17277   			0.44   		   		
17283   			-1.13   		   		
17288   			-0.72   		   		
17294   			-1.53   		   		
17300   			-1.36   		   		
17306   			-0.20   		   		
17311   			-0.78   		   		
17317   			-0.95   		   		
17323   			-1.82   		   		
17329   			-1.76   		   		
17334   			-1.24   		   		
17340   			-1.24   		   		
17346   			-1.59   		   		
17351   			-0.78   		   		
17357   			-0.93   		   		
17363   			-0.87   		   		
17369   			-0.81   		   		
17374   			-1.45   		   		
17380   			-1.45   		   		
17386   			-2.59   		   		
17391   			-1.08   		   		
17397   			-0.97   		   		
17403   			-1.26   		   		
17409   			-1.08   		   		
17414   			-0.89   		   		
17420   			-0.60   		   		
17426   			-0.20   		   		
17432   			-0.72   		   		
17437   			-1.07   		   		
17443   			-1.10   		   		
17449   			-2.67   		   		
17454   			-1.05   		   		
17460   			-0.93   		   		
17466   			-0.70   		   		
17472   			-1.53   		   		
17477   			-1.47   		   		
17483   			-2.05   		   		
17489   			-2.40   		   		
17495   			-1.18   		   		
17500   			-1.95   		   		
17506   			-1.78   		   		
17512   			-3.87   		   		
17517   			-1.95   		   		
17523   			-1.49   		   		
17529   			-1.22   		   		
17535   			-1.97   		   		
17540   			-1.34   		   		
17546   			-1.22   		   		
17552   			-1.63   		   		
17558   			-1.10   		   		
17563   			-0.81   		   		
17569   			-1.22   		   		
17575   			-2.61   		   		
17580   			-1.86   		   		
17586   			-2.46   		   		
17592   			-1.88   		   		
17598   			-0.49   		   		
17603   			-0.78   		   		
17609   			-1.42   		   		
17615   			-1.13   		   		
17621   			-1.07   		   		
17626   			-2.17   		   		
17632   			-1.59   		   		
17638   			-2.05   		   		
17643   			-1.10   		   		
17649   			-1.05   		   		
17655   			-0.93   		   		
17661   			-0.53   		   		
17666   			-0.41   		   		
17672   			-0.64   		   		
17678   			-0.81   		   		
17684   			-0.06   		   		
17689   			-0.58   		   		
17695   			0.00   		   		
17701   			-0.37   		   		
17706   			-0.72   		   		
17712   			0.44   		   		
17718   			-0.08   		   		
17724   			-0.66   		   		
17729   			-0.84   		   		
17735   			-0.89   		   		
17741   			-1.53   		   		
17747   			-1.47   		   		
17752   			-1.53   		   		
17758   			-1.53   		   		
17764   			-1.18   		   		
17769   			-2.00   		   		
17775   			-1.13   		   		
17781   			-1.53   		   		
17787   			-1.47   		   		
17792   			-1.36   		   		
17798   			-1.59   		   		
17804   			-2.00   		   		
17810   			-1.36   		   		
17815   			-1.24   		   		
17821   			-1.30   		   		
17827   			-1.88   		   		
17832   			-0.37   		   		
17838   			0.15   		   		
17844   			-1.22   		   		
17850   			-1.68   		   		
17855   			-1.68   		   		
17861   			-1.39   		   		
17867   			-1.57   		   		
17873   			-1.34   		   		
17878   			-0.70   		   		
17884   			-0.29   		   		
17890   			-0.93   		   		
17895   			-0.06   		   		
17901   			-0.47   		   		
17907   			-0.81   		   		
17913   			-0.87   		   		
17918   			-1.28   		   		
17924   			-1.05   		   		
17930   			-1.36   		   		
17936   			-1.07   		   		
17941   			-1.13   		   		
17947   			-1.76   		   		
17953   			-2.05   		   		
17958   			-1.10   		   		
17964   			-0.87   		   		
17970   			-1.92   		   		
17976   			-1.74   		   		
17981   			-0.93   		   		
17987   			-1.71   		   		
17993   			-0.89   		   		
17999   			-1.59   		   		
18004   			-1.47   		   		
18010   			-2.46   		   		
18016   			-1.90   		   		
18021   			-1.09   		   		
18027   			-1.09   		   		
18033   			-0.97   		   		
18039   			-1.15   		   		
18044   			-1.36   		   		
18050   			-1.71   		   		
18056   			-1.30   		   		
18062   			-0.72   		   		
18067   			-1.76   		   		
18073   			-1.28   		   		
18079   			-1.10   		   		
18084   			-1.80   		   		
18090   			-2.21   		   		
18096   			-1.68   		   		
18102   			-1.97   		   		
18107   			-1.34   		   		
18113   			-1.57   		   		
18119   			-1.34   		   		
18125   			-1.16   		   		
18130   			-1.55   		   		
18136   			-1.67   		   		
18142   			-0.86   		   		
18147   			-1.15   		   		
18153   			-1.09   		   		
18159   			-1.10   		   		
18165   			-0.58   		   		
18170   			-1.28   		   		
18176   			-0.35   		   		
18182   			-1.22   		   		
18188   			-1.28   		   		
18193   			-0.99   		   		
18199   			-0.70   		   		
18205   			-0.81   		   		
18210   			-0.70   		   		
18216   			-1.71   		   		
18222   			-1.30   		   		
18228   			-0.89   		   		
18233   			-0.55   		   		
18239   			-1.01   		   		
18245   			-2.87   		   		
18250   			-1.30   		   		
18256   			-0.72   		   		
18262   			-0.84   		   		
18268   			0.03   		   		
18273   			-1.34   		   		
18279   			-1.74   		   		
18285   			-1.28   		   		
18291   			-1.63   		   		
18296   			-1.97   		   		
18302   			-1.14   		   		
18308   			-3.23   		   		
18313   			-0.04   		   		
18319   			-1.03   		   		
18325   			-0.74   		   		
18331   			-0.39   		   		
18336   			-0.74   		   		
18342   			-0.97   		   		
18348   			-0.80   		   		
18354   			-0.74   		   		
18359   			-0.72   		   		
18365   			-0.72   		   		
18371   			-2.34   		   		
18376   			-0.95   		   		
18382   			-1.01   		   		
18388   			-0.43   		   		
18394   			-1.42   		   		
18399   			-0.37   		   		
18405   			-0.31   		   		
18411   			-0.37   		   		
18417   			-0.60   		   		
18422   			-0.78   		   		
18428   			-0.95   		   		
18434   			-1.53   		   		
18439   			-0.60   		   		
18445   			0.19   		   		
18451   			-0.56   		   		
18457   			-0.10   		   		
18462   			0.54   		   		
18468   			0.08   		   		
18474   			0.73   		   		
18480   			-0.02   		   		
18485   			0.09   		   		
18491   			-0.31   		   		
18497   			-1.88   		   		
18502   			0.24   		   		
18508   			1.00   		   		
18514   			0.24   		   		
18520   			-0.57   		   		
18525   			0.13   		   		
18531   			-0.24   		   		
18537   			-0.06   		   		
18543   			-0.12   		   		
18548   			-0.18   		   		
18554   			0.92   		   		
18560   			-1.61   		   		
18565   			0.36   		   		
18571   			-0.62   		   		
18577   			-0.50   		   		
18583   			-0.56   		   		
18588   			-0.06   		   		
18594   			-0.58   		   		
18600   			-0.58   		   		
18606   			0.00   		   		
18611   			-0.06   		   		
18617   			-0.06   		   		
18623   			-1.28   		   		
18628   			0.05   		   		
18634   			-0.35   		   		
18640   			-0.24   		   		
18646   			0.08   		   		
18651   			0.08   		   		
18657   			0.25   		   		
18663   			-0.04   		   		
18669   			0.19   		   		
18674   			-0.35   		   		
18680   			0.00   		   		
18686   			0.69   		   		
18691   			-0.12   		   		
18697   			-0.06   		   		
18703   			0.17   		   		
18709   			0.63   		   		
18714   			0.17   		   		
18720   			0.40   		   		
18726   			0.29   		   		
18732   			-0.24   		   		
18737   			-0.06   		   		
18743   			0.63   		   		
18749   			0.92   		   		
18754   			0.23   		   		
18760   			0.00   		   		
18766   			-0.12   		   		
18772   			-0.35   		   		
18777   			-0.35   		   		
18783   			-0.76   		   		
18789   			-1.34   		   		
18795   			-0.18   		   		
18800   			-0.76   		   		
18806   			-0.24   		   		
18812   			-1.74   		   		
18817   			-1.16   		   		
18823   			-0.87   		   		
18829   			-1.10   		   		
18835   			0.00   		   		
18840   			-0.58   		   		
18846   			-0.70   		   		
18852   			-0.76   		   		
18858   			-0.24   		   		
18863   			-0.53   		   		
18869   			-0.53   		   		
18875   			-0.08   		   		
18880   			-0.26   		   		
18886   			0.32   		   		
18892   			-0.89   		   		
18898   			-0.72   		   		
18903   			-1.18   		   		
18909   			-0.14   		   		
18915   			-0.72   		   		
18921   			-1.01   		   		
18926   			-0.14   		   		
18932   			-0.70   		   		
18938   			-0.29   		   		
18943   			-0.70   		   		
18949   			-0.47   		   		
18955   			-0.06   		   		
18961   			-0.56   		   		
18966   			-0.27   		   		
18972   			-0.68   		   		
18978   			-0.50   		   		
18984   			-0.91   		   		
18989   			-0.47   		   		
18995   			-0.06   		   		
19001   			-0.81   		   		
19006   			-0.24   		   		
19012   			-0.58   		   		
19018   			-0.49   		   		
19024   			-1.36   		   		
19029   			-0.95   		   		
19035   			-0.55   		   		
19041   			0.55   		   		
19047   			-0.26   		   		
19052   			-0.49   		   		
19058   			-0.89   		   		
19064   			-1.13   		   		
19069   			-0.72   		   		
19075   			-0.87   		   		
19081   			-1.97   		   		
19087   			-0.87   		   		
19092   			-0.35   		   		
19098   			-0.47   		   		
19104   			-0.49   		   		
19110   			-0.78   		   		
19115   			-0.66   		   		
19121   			-1.07   		   		
19127   			-0.02   		   		
19132   			-0.31   		   		
19138   			-0.43   		   		
19144   			0.67   		   		
19150   			0.09   		   		
19155   			-0.95   		   		
19161   			-0.99   		   		
19167   			-0.81   		   		
19173   			-2.27   		   		
19178   			-0.29   		   		
19184   			-1.10   		   		
19190   			-0.89   		   		
19195   			-0.55   		   		
19201   			-0.72   		   		
19207   			-0.49   		   		
19213   			-0.20   		   		
19218   			-0.45   		   		
19224   			0.25   		   		
19230   			-1.49   		   		
19235   			-0.33   		   		
19241   			0.36   		   		
19247   			-0.64   		   		
19253   			0.11   		   		
19258   			-0.81   		   		
19264   			-0.58   		   		
19270   			-0.87   		   		
19276   			0.09   		   		
19281   			-0.20   		   		
19287   			-0.20   		   		
19293   			-1.65   		   		
19298   			0.26   		   		
19304   			-1.07   		   		
19310   			-1.24   		   		
19316   			-0.31   		   		
19321   			-1.59   		   		
19327   			-0.95   		   		
19333   			-0.93   		   		
19339   			-0.81   		   		
19344   			-0.99   		   		
19350   			-1.16   		   		
19356   			-1.10   		   		
19361   			-0.84   		   		
19367   			-1.01   		   		
19373   			-0.60   		   		
19379   			-1.42   		   		
19384   			-0.89   		   		
19390   			-1.22   		   		
19396   			-1.28   		   		
19402   			-0.70   		   		
19407   			-1.28   		   		
19413   			-0.87   		   		
19419   			-0.95   		   		
19424   			-1.42   		   		
19430   			-0.84   		   		
19436   			-1.76   		   		
19442   			-1.65   		   		
19447   			-1.22   		   		
19453   			-1.05   		   		
19459   			-0.58   		   		
19465   			-1.05   		   		
19470   			-1.51   		   		
19476   			-1.22   		   		
19482   			-0.35   		   		
19487   			-0.18   		   		
19493   			-0.53   		   		
19499   			-1.28   		   		
19505   			-0.76   		   		
19510   			-0.47   		   		
19516   			-0.35   		   		
19522   			-0.18   		   		
19528   			-1.28   		   		
19533   			-1.10   		   		
19539   			-0.35   		   		
19545   			0.00   		   		
19550   			-0.12   		   		
19556   			-0.12   		   		
19562   			-0.18   		   		
19568   			-0.64   		   		
19573   			-0.53   		   		
19579   			-1.10   		   		
19585   			-0.93   		   		
19591   			-0.24   		   		
19596   			-0.58   		   		
19602   			-0.58   		   		
19608   			0.05   		   		
19613   			-0.81   		   		
19619   			-0.99   		   		
19625   			-1.28   		   		
19631   			-1.22   		   		
19636   			-1.16   		   		
19642   			-1.68   		   		
19648   			-1.57   		   		
19654   			-1.10   		   		
19659   			-0.29   		   		
19665   			-0.58   		   		
19671   			-0.53   		   		
19676   			-0.31   		   		
19682   			-0.78   		   		
19688   			-1.13   		   		
19694   			-0.37   		   		
19699   			0.21   		   		
19705   			-0.70   		   		
19711   			0.05   		   		
19717   			-0.64   		   		
19722   			-0.76   		   		
19728   			-0.35   		   		
19734   			-0.86   		   		
19739   			0.30   		   		
19745   			-0.22   		   		
19751   			-1.15   		   		
19757   			-0.63   		   		
19762   			-0.58   		   		
19768   			-0.12   		   		
19774   			-0.99   		   		
19780   			-1.05   		   		
19785   			-1.34   		   		
19791   			-1.16   		   		
19797   			-0.99   		   		
19802   			-0.76   		   		
19808   			-0.70   		   		
19814   			-0.29   		   		
19820   			-0.24   		   		
19825   			-1.28   		   		
