Timestamp		Force Z		Comments
0   			-1.13   		   		
6   			-2.87   		   		
12   			-2.05   		   		
18   			-2.98   		   		
23   			-2.81   		   		
29   			-2.57   		   		
35   			-2.57   		   		
41   			-2.11   		   		
46   			-2.11   		   		
52   			-1.64   		   		
58   			-1.84   		   		
63   			-1.14   		   		
69   			-1.55   		   		
75   			-1.37   		   		
81   			-1.37   		   		
86   			-1.68   		   		
92   			-1.92   		   		
98   			-1.57   		   		
104   			-2.03   		   		
109   			-2.09   		   		
115   			-2.32   		   		
121   			-1.57   		   		
126   			-1.28   		   		
132   			-1.28   		   		
138   			-1.63   		   		
144   			-1.57   		   		
149   			-2.21   		   		
155   			-1.57   		   		
161   			-1.22   		   		
167   			-1.92   		   		
172   			-0.84   		   		
178   			-1.76   		   		
184   			-1.13   		   		
189   			-0.95   		   		
195   			-1.13   		   		
201   			-1.20   		   		
207   			-1.14   		   		
212   			-0.62   		   		
218   			-1.20   		   		
224   			-1.90   		   		
229   			-0.91   		   		
235   			-0.85   		   		
241   			-1.37   		   		
247   			-1.72   		   		
252   			-1.49   		   		
258   			-1.14   		   		
264   			-1.32   		   		
270   			-1.14   		   		
275   			-1.66   		   		
281   			-2.01   		   		
287   			-3.58   		   		
292   			-1.90   		   		
298   			-1.43   		   		
304   			-1.72   		   		
310   			-1.72   		   		
315   			-2.28   		   		
321   			-1.12   		   		
327   			-1.64   		   		
333   			-1.58   		   		
338   			-0.66   		   		
344   			-1.74   		   		
350   			-1.74   		   		
355   			-1.80   		   		
361   			-2.03   		   		
367   			-2.50   		   		
373   			-1.92   		   		
378   			-1.80   		   		
384   			-1.39   		   		
390   			-0.12   		   		
396   			-1.68   		   		
401   			-0.85   		   		
407   			-1.26   		   		
413   			-1.78   		   		
418   			-2.07   		   		
424   			-1.72   		   		
430   			-1.28   		   		
436   			-0.53   		   		
441   			-1.10   		   		
447   			-1.80   		   		
453   			-1.05   		   		
459   			-2.38   		   		
464   			-2.15   		   		
470   			-2.27   		   		
476   			-1.74   		   		
481   			-2.32   		   		
487   			-2.32   		   		
493   			-1.86   		   		
499   			-2.27   		   		
504   			-2.44   		   		
510   			-3.08   		   		
516   			-3.04   		   		
522   			-2.46   		   		
527   			-2.81   		   		
533   			-2.58   		   		
539   			-1.94   		   		
544   			-2.87   		   		
550   			-1.88   		   		
556   			-2.58   		   		
562   			-1.94   		   		
567   			-1.59   		   		
573   			-1.14   		   		
579   			-1.20   		   		
585   			-1.84   		   		
590   			-0.91   		   		
596   			-1.14   		   		
602   			-2.44   		   		
607   			-1.86   		   		
613   			-1.92   		   		
619   			-2.03   		   		
625   			-1.22   		   		
630   			-1.24   		   		
636   			-1.35   		   		
642   			-1.24   		   		
648   			-1.82   		   		
653   			-1.06   		   		
659   			-1.24   		   		
665   			-1.24   		   		
670   			-1.53   		   		
676   			-2.17   		   		
682   			-1.71   		   		
688   			-1.92   		   		
693   			-1.80   		   		
699   			-1.34   		   		
705   			-0.93   		   		
711   			-1.45   		   		
716   			-1.34   		   		
722   			-1.45   		   		
728   			-0.99   		   		
733   			-2.21   		   		
739   			-1.51   		   		
745   			-1.78   		   		
751   			-1.61   		   		
756   			-1.49   		   		
762   			-0.68   		   		
768   			-1.73   		   		
773   			-1.49   		   		
779   			-1.61   		   		
785   			-1.95   		   		
791   			-1.66   		   		
796   			-1.72   		   		
802   			-1.72   		   		
808   			-1.95   		   		
814   			-1.78   		   		
819   			-2.65   		   		
825   			-1.78   		   		
831   			-3.99   		   		
836   			-2.65   		   		
842   			-1.43   		   		
848   			-1.49   		   		
854   			-1.78   		   		
859   			-2.79   		   		
865   			-3.14   		   		
871   			-3.25   		   		
877   			-2.27   		   		
882   			-2.21   		   		
888   			-1.92   		   		
894   			-4.47   		   		
899   			-2.38   		   		
905   			-1.68   		   		
911   			-2.96   		   		
917   			-1.92   		   		
922   			-2.44   		   		
928   			-1.57   		   		
934   			-2.73   		   		
940   			-1.86   		   		
945   			-1.16   		   		
951   			-1.34   		   		
957   			-2.32   		   		
962   			-2.03   		   		
968   			-2.50   		   		
974   			-1.93   		   		
980   			-1.82   		   		
985   			-1.99   		   		
991   			-1.64   		   		
997   			-1.87   		   		
1003   			-2.05   		   		
1008   			-1.18   		   		
1014   			-1.99   		   		
1020   			-2.34   		   		
1025   			-2.28   		   		
1031   			-2.30   		   		
1037   			-2.19   		   		
1043   			-1.84   		   		
1048   			-0.85   		   		
1054   			-0.91   		   		
1060   			-1.34   		   		
1066   			-1.51   		   		
1071   			-1.97   		   		
1077   			-1.34   		   		
1083   			-1.68   		   		
1088   			-2.27   		   		
1094   			-1.92   		   		
1100   			-1.39   		   		
1106   			-2.09   		   		
1111   			-1.57   		   		
1117   			-2.19   		   		
1123   			-1.66   		   		
1129   			-1.66   		   		
1134   			-1.03   		   		
1140   			-1.49   		   		
1146   			-1.55   		   		
1151   			-0.79   		   		
1157   			-1.03   		   		
1163   			-1.32   		   		
1169   			-1.84   		   		
1174   			-1.39   		   		
1180   			-2.03   		   		
1186   			-1.97   		   		
1192   			-2.15   		   		
1197   			-1.10   		   		
1203   			-1.26   		   		
1209   			-0.97   		   		
1214   			-0.68   		   		
1220   			-1.37   		   		
1226   			-0.10   		   		
1232   			-0.76   		   		
1237   			-0.76   		   		
1243   			-0.70   		   		
1249   			-0.81   		   		
1255   			-0.81   		   		
1260   			-0.33   		   		
1266   			-1.14   		   		
1272   			-0.39   		   		
1277   			-0.74   		   		
1283   			-0.21   		   		
1289   			-0.53   		   		
1295   			-1.28   		   		
1300   			-1.57   		   		
1306   			-1.16   		   		
1312   			-2.27   		   		
1318   			-2.13   		   		
1323   			-2.19   		   		
1329   			-2.07   		   		
1335   			-2.77   		   		
1340   			-2.01   		   		
1346   			-2.38   		   		
1352   			-2.44   		   		
1358   			-1.63   		   		
1363   			-1.16   		   		
1369   			-1.10   		   		
1375   			-1.51   		   		
1381   			-1.74   		   		
1386   			-0.99   		   		
1392   			-1.92   		   		
1398   			-1.97   		   		
1403   			-1.10   		   		
1409   			-0.81   		   		
1415   			-0.87   		   		
1421   			-1.34   		   		
1426   			-0.76   		   		
1432   			-0.95   		   		
1438   			-2.34   		   		
1444   			-1.07   		   		
1449   			-1.36   		   		
1455   			-1.01   		   		
1461   			-1.34   		   		
1466   			-1.16   		   		
1472   			-1.97   		   		
1478   			-1.57   		   		
1484   			-1.51   		   		
1489   			-1.07   		   		
1495   			-1.94   		   		
1501   			-3.27   		   		
1506   			-1.59   		   		
1512   			-1.94   		   		
1518   			-1.86   		   		
1524   			-1.34   		   		
1529   			-0.47   		   		
1535   			-1.39   		   		
1541   			-0.81   		   		
1547   			0.00   		   		
1552   			-0.70   		   		
1558   			-0.93   		   		
1564   			-2.73   		   		
1569   			-0.99   		   		
1575   			-1.66   		   		
1581   			-0.97   		   		
1587   			-1.72   		   		
1592   			-1.72   		   		
1598   			-1.43   		   		
1604   			-0.64   		   		
1610   			-0.35   		   		
1615   			-0.24   		   		
1621   			-1.05   		   		
1627   			-1.16   		   		
1632   			-1.14   		   		
1638   			-0.85   		   		
1644   			-1.37   		   		
1650   			-1.14   		   		
1655   			-1.66   		   		
1661   			-1.94   		   		
1667   			-1.71   		   		
1673   			-1.24   		   		
1678   			-1.94   		   		
1684   			-2.05   		   		
1690   			-2.21   		   		
1695   			-1.51   		   		
1701   			-1.39   		   		
1707   			-3.08   		   		
1713   			-0.99   		   		
1718   			-1.36   		   		
1724   			-1.65   		   		
1730   			-1.65   		   		
1736   			-1.30   		   		
1741   			-1.47   		   		
1747   			-1.68   		   		
1753   			-1.74   		   		
1758   			-1.97   		   		
1764   			-1.45   		   		
1770   			-2.38   		   		
1776   			-1.63   		   		
1781   			-1.74   		   		
1787   			-1.63   		   		
1793   			-1.63   		   		
1799   			-1.86   		   		
1804   			-2.07   		   		
1810   			-1.61   		   		
1816   			-0.97   		   		
1821   			-0.85   		   		
1827   			-1.20   		   		
1833   			-0.74   		   		
1839   			-1.14   		   		
1844   			-1.49   		   		
1850   			-1.43   		   		
1856   			-2.07   		   		
1862   			-1.74   		   		
1867   			-1.05   		   		
1873   			-1.68   		   		
1879   			-1.34   		   		
1884   			-1.57   		   		
1890   			-1.28   		   		
1896   			-1.45   		   		
1902   			-0.35   		   		
1907   			-1.57   		   		
1913   			-1.05   		   		
1919   			-1.78   		   		
1925   			-1.78   		   		
1930   			-2.42   		   		
1936   			-2.59   		   		
1942   			-3.12   		   		
1947   			-2.79   		   		
1953   			-1.28   		   		
1959   			-1.34   		   		
1965   			-0.81   		   		
1970   			-1.39   		   		
1976   			-1.00   		   		
1982   			-1.35   		   		
1988   			-1.00   		   		
1993   			-0.71   		   		
1999   			-1.87   		   		
2005   			-0.85   		   		
2010   			-1.37   		   		
2016   			-1.61   		   		
2022   			-1.14   		   		
2028   			-2.13   		   		
2033   			-2.21   		   		
2039   			-2.27   		   		
2045   			-2.21   		   		
2051   			-2.09   		   		
2056   			-1.51   		   		
2062   			-1.78   		   		
2068   			-1.43   		   		
2073   			-2.71   		   		
2079   			-0.56   		   		
2085   			-1.66   		   		
2091   			-2.67   		   		
2096   			-1.80   		   		
2102   			-2.27   		   		
2108   			-2.50   		   		
2114   			-2.38   		   		
2119   			-3.06   		   		
2125   			-2.13   		   		
2131   			-2.42   		   		
2136   			-2.13   		   		
2142   			-2.24   		   		
2148   			-2.21   		   		
2154   			-0.93   		   		
2159   			-1.80   		   		
2165   			-1.63   		   		
2171   			-2.90   		   		
2176   			-1.74   		   		
2182   			-1.16   		   		
2188   			-1.05   		   		
2194   			-1.68   		   		
2199   			-1.34   		   		
2205   			-1.37   		   		
2211   			-2.07   		   		
2217   			-2.30   		   		
2222   			-1.49   		   		
2228   			-2.07   		   		
2234   			-3.89   		   		
2239   			-1.45   		   		
2245   			-1.34   		   		
2251   			-1.97   		   		
2257   			-2.09   		   		
2262   			-1.47   		   		
2268   			-1.18   		   		
2274   			-1.42   		   		
2280   			-2.23   		   		
2285   			-1.24   		   		
2291   			-1.34   		   		
2297   			-1.51   		   		
2302   			-0.64   		   		
2308   			-1.16   		   		
2314   			-0.70   		   		
2320   			-1.18   		   		
2325   			-0.77   		   		
2331   			-1.64   		   		
2337   			-1.41   		   		
2343   			-0.89   		   		
2348   			-2.07   		   		
2354   			-0.85   		   		
2360   			-1.37   		   		
2365   			-1.84   		   		
2371   			-1.37   		   		
2377   			-0.70   		   		
2383   			-1.92   		   		
2388   			-1.92   		   		
2394   			-1.97   		   		
2400   			-0.87   		   		
2406   			-2.17   		   		
2411   			-1.82   		   		
2417   			-2.00   		   		
2423   			-2.23   		   		
2428   			-2.29   		   		
2434   			-1.51   		   		
2440   			-1.86   		   		
2446   			-1.57   		   		
2451   			-1.63   		   		
2457   			-1.28   		   		
2463   			-1.68   		   		
2469   			-1.80   		   		
2474   			-2.61   		   		
2480   			-1.51   		   		
2486   			-1.92   		   		
2491   			-1.97   		   		
2497   			-1.68   		   		
2503   			-1.51   		   		
2509   			-2.21   		   		
2514   			-1.63   		   		
2520   			-2.09   		   		
2526   			-2.27   		   		
2532   			-2.27   		   		
2537   			-2.85   		   		
2543   			-2.32   		   		
2549   			-2.67   		   		
2554   			-2.38   		   		
2560   			-2.61   		   		
2566   			-2.56   		   		
2572   			-2.27   		   		
2577   			-2.15   		   		
2583   			-2.32   		   		
2589   			-2.38   		   		
2595   			-2.38   		   		
2600   			-1.63   		   		
2606   			-2.53   		   		
2612   			-2.13   		   		
2617   			-3.06   		   		
2623   			-1.78   		   		
2629   			-1.78   		   		
2635   			-1.55   		   		
2640   			-1.26   		   		
2646   			-1.72   		   		
2652   			-1.72   		   		
2658   			-2.07   		   		
2663   			-1.34   		   		
2669   			-1.10   		   		
2675   			-2.38   		   		
2680   			-2.09   		   		
2686   			-2.09   		   		
2692   			-1.97   		   		
2698   			-2.73   		   		
2703   			-2.15   		   		
2709   			-2.32   		   		
2715   			-1.80   		   		
2721   			-3.00   		   		
2726   			-1.84   		   		
2732   			-2.59   		   		
2738   			-2.71   		   		
2743   			-2.53   		   		
2749   			-2.50   		   		
2755   			-2.27   		   		
2761   			-2.38   		   		
2766   			-2.38   		   		
2772   			-2.21   		   		
2778   			-2.00   		   		
2784   			-1.76   		   		
2789   			-1.76   		   		
2795   			-2.29   		   		
2801   			-2.93   		   		
2806   			-1.63   		   		
2812   			-1.51   		   		
2818   			-1.74   		   		
2824   			-2.32   		   		
2829   			-1.45   		   		
2835   			-1.00   		   		
2841   			-0.19   		   		
2846   			-0.89   		   		
2852   			-1.29   		   		
2858   			-0.77   		   		
2864   			-1.22   		   		
2869   			-1.92   		   		
2875   			-2.15   		   		
2881   			-1.63   		   		
2887   			-1.92   		   		
2892   			-1.43   		   		
2898   			-2.01   		   		
2904   			-3.17   		   		
2909   			-2.01   		   		
2915   			-1.84   		   		
2921   			-2.03   		   		
2927   			-2.38   		   		
2932   			-3.43   		   		
2938   			-3.31   		   		
2944   			-3.49   		   		
2950   			-2.85   		   		
2955   			-3.37   		   		
2961   			-2.96   		   		
2967   			-3.66   		   		
2972   			-2.27   		   		
2978   			-2.15   		   		
2984   			-2.21   		   		
2990   			-1.92   		   		
2995   			-1.45   		   		
3001   			-1.34   		   		
3007   			-1.63   		   		
3013   			-2.21   		   		
3018   			-2.09   		   		
3024   			-2.38   		   		
3030   			-2.50   		   		
3035   			-2.32   		   		
3041   			-2.32   		   		
3047   			-3.02   		   		
3053   			-1.80   		   		
3058   			-2.27   		   		
3064   			-1.92   		   		
3070   			-2.09   		   		
3076   			-1.80   		   		
3081   			-2.38   		   		
3087   			-2.21   		   		
3093   			-2.87   		   		
3098   			-2.75   		   		
3104   			-1.71   		   		
3110   			-2.58   		   		
3116   			-2.40   		   		
3121   			-2.11   		   		
3127   			-1.82   		   		
3133   			-2.05   		   		
3139   			-1.76   		   		
3144   			-2.75   		   		
3150   			-1.47   		   		
3156   			-2.17   		   		
3161   			-2.98   		   		
3167   			-1.82   		   		
3173   			-2.46   		   		
3179   			-2.40   		   		
3184   			-2.05   		   		
3190   			-1.47   		   		
3196   			-1.71   		   		
3202   			-1.88   		   		
3207   			-1.78   		   		
3213   			-1.72   		   		
3219   			-2.53   		   		
3224   			-3.06   		   		
3230   			-2.42   		   		
3236   			-3.31   		   		
3242   			-2.90   		   		
3247   			-1.97   		   		
3253   			-2.61   		   		
3259   			-2.90   		   		
3265   			-2.71   		   		
3270   			-2.48   		   		
3276   			-2.24   		   		
3282   			-2.36   		   		
3287   			-2.24   		   		
3293   			-1.51   		   		
3299   			-1.05   		   		
3305   			-1.63   		   		
3310   			-3.02   		   		
3316   			-2.44   		   		
3322   			-2.21   		   		
3328   			-1.97   		   		
3333   			-1.57   		   		
3339   			-2.03   		   		
3345   			-1.80   		   		
3350   			-1.13   		   		
3356   			-1.30   		   		
3362   			-0.78   		   		
3368   			-1.53   		   		
3373   			-2.81   		   		
3379   			-1.43   		   		
3385   			-3.41   		   		
3390   			-2.13   		   		
3396   			-2.42   		   		
3402   			-2.48   		   		
3408   			-1.71   		   		
3413   			-1.76   		   		
3419   			-1.01   		   		
3425   			-1.30   		   		
3431   			-1.65   		   		
3436   			-0.66   		   		
3442   			-0.49   		   		
3448   			-3.10   		   		
3453   			-2.11   		   		
3459   			-1.94   		   		
3465   			-1.92   		   		
3471   			-1.97   		   		
3476   			-1.39   		   		
3482   			-1.10   		   		
3488   			-2.32   		   		
3494   			-1.14   		   		
3499   			-1.95   		   		
3505   			-1.37   		   		
3511   			-0.62   		   		
3516   			-1.55   		   		
3522   			-1.74   		   		
3528   			-1.28   		   		
3534   			-1.45   		   		
3539   			-1.22   		   		
3545   			-1.51   		   		
3551   			-1.32   		   		
3557   			-1.26   		   		
3562   			-1.26   		   		
3568   			-1.03   		   		
3574   			-1.90   		   		
3579   			-1.10   		   		
3585   			-0.99   		   		
3591   			-1.63   		   		
3597   			-1.16   		   		
3602   			-0.18   		   		
3608   			-0.99   		   		
3614   			-2.27   		   		
3620   			-1.57   		   		
3625   			-1.28   		   		
3631   			-1.28   		   		
3637   			-1.53   		   		
3642   			-2.17   		   		
3648   			-1.13   		   		
3654   			-1.42   		   		
3660   			-1.65   		   		
3665   			-1.65   		   		
3671   			-1.82   		   		
3677   			-1.65   		   		
3683   			-1.53   		   		
3688   			-0.84   		   		
3694   			-0.62   		   		
3700   			-1.43   		   		
3705   			-1.90   		   		
3711   			-1.61   		   		
3717   			-1.90   		   		
3723   			-1.97   		   		
3728   			-1.28   		   		
3734   			-1.63   		   		
3740   			-2.67   		   		
3746   			-1.16   		   		
3751   			-1.53   		   		
3757   			-1.53   		   		
3763   			-2.52   		   		
3768   			-1.24   		   		
3774   			-2.34   		   		
3780   			-2.09   		   		
3786   			-2.27   		   		
3791   			-2.21   		   		
3797   			-1.45   		   		
3803   			-2.96   		   		
3809   			-1.68   		   		
3814   			-1.92   		   		
3820   			-1.28   		   		
3826   			-1.97   		   		
3831   			-2.03   		   		
3837   			-2.01   		   		
3843   			-1.43   		   		
3849   			-1.26   		   		
3854   			-1.03   		   		
3860   			-1.32   		   		
3866   			-1.32   		   		
3872   			-1.08   		   		
3877   			-0.97   		   		
3883   			-1.49   		   		
3889   			-1.26   		   		
3894   			-0.64   		   		
3900   			-1.22   		   		
3906   			-1.45   		   		
3912   			-1.63   		   		
3917   			-1.22   		   		
3923   			-1.45   		   		
3929   			-1.28   		   		
3935   			-1.28   		   		
3940   			-2.21   		   		
3946   			-1.86   		   		
3952   			-1.80   		   		
3957   			-0.70   		   		
3963   			-0.81   		   		
3969   			-1.57   		   		
3975   			-1.28   		   		
3980   			-1.97   		   		
3986   			-1.51   		   		
3992   			-1.51   		   		
3998   			-1.63   		   		
4003   			-2.56   		   		
4009   			-2.07   		   		
4015   			-1.90   		   		
4020   			-1.95   		   		
4026   			-1.43   		   		
4032   			-0.85   		   		
4038   			-1.28   		   		
4043   			-0.81   		   		
4049   			-1.97   		   		
4055   			-1.86   		   		
4060   			-0.76   		   		
4066   			-0.93   		   		
4072   			-0.53   		   		
4078   			-1.63   		   		
4083   			-1.22   		   		
4089   			-0.29   		   		
4095   			-0.58   		   		
4101   			-0.64   		   		
4106   			-1.34   		   		
4112   			-1.05   		   		
4118   			-3.02   		   		
4123   			-0.84   		   		
4129   			-1.42   		   		
4135   			-1.76   		   		
4141   			-2.00   		   		
4146   			-2.05   		   		
4152   			-1.86   		   		
4158   			-1.39   		   		
4164   			-1.63   		   		
4169   			-1.05   		   		
4175   			-1.45   		   		
4181   			-3.31   		   		
4186   			-1.22   		   		
4192   			-1.16   		   		
4198   			-1.10   		   		
4204   			-2.15   		   		
4209   			-1.76   		   		
4215   			-1.01   		   		
4221   			-2.11   		   		
4227   			-2.75   		   		
4232   			-1.59   		   		
4238   			-1.37   		   		
4244   			-1.37   		   		
4249   			-1.37   		   		
4255   			-1.08   		   		
4261   			-1.20   		   		
4267   			-1.32   		   		
4272   			-0.97   		   		
4278   			-1.32   		   		
4284   			-0.97   		   		
4290   			-1.37   		   		
4295   			-0.95   		   		
4301   			-1.07   		   		
4307   			-1.82   		   		
4312   			-1.18   		   		
4318   			-1.18   		   		
4324   			-0.97   		   		
4330   			-1.84   		   		
4335   			-1.78   		   		
4341   			-0.85   		   		
4347   			-1.78   		   		
4353   			-1.16   		   		
4358   			-2.50   		   		
4364   			-1.51   		   		
4370   			-1.45   		   		
4375   			-1.63   		   		
4381   			-2.17   		   		
4387   			-1.94   		   		
4393   			-2.87   		   		
4398   			-2.00   		   		
4404   			-1.76   		   		
4410   			-2.00   		   		
4416   			-1.88   		   		
4421   			-1.82   		   		
4427   			-0.89   		   		
4433   			-1.53   		   		
4438   			-1.80   		   		
4444   			-1.51   		   		
4450   			-1.68   		   		
4456   			-2.15   		   		
4461   			-2.03   		   		
4467   			-1.63   		   		
4473   			-0.76   		   		
4479   			-1.28   		   		
4484   			-1.16   		   		
4490   			-0.87   		   		
4496   			-1.10   		   		
4501   			-0.64   		   		
4507   			-0.47   		   		
4513   			-1.57   		   		
4519   			-1.28   		   		
4524   			-1.05   		   		
4530   			-1.16   		   		
4536   			-2.44   		   		
4542   			-2.03   		   		
4547   			-1.05   		   		
4553   			-1.68   		   		
4559   			-1.39   		   		
4564   			-1.68   		   		
4570   			-2.15   		   		
4576   			-1.63   		   		
4582   			-2.15   		   		
4587   			-1.97   		   		
4593   			-1.39   		   		
4599   			-2.21   		   		
4605   			-1.68   		   		
4610   			-0.70   		   		
4616   			-1.63   		   		
4622   			-2.21   		   		
4627   			-2.03   		   		
4633   			-1.34   		   		
4639   			-1.68   		   		
4645   			-0.93   		   		
4650   			-1.45   		   		
4656   			-2.09   		   		
4662   			-1.34   		   		
4668   			-1.43   		   		
4673   			-0.79   		   		
4679   			-1.20   		   		
4685   			-1.14   		   		
4690   			-1.49   		   		
4696   			-1.51   		   		
4702   			-1.10   		   		
4708   			-0.93   		   		
4713   			-0.81   		   		
4719   			-0.81   		   		
4725   			-0.89   		   		
4731   			-1.71   		   		
4736   			-2.05   		   		
4742   			-2.34   		   		
4748   			-2.17   		   		
4753   			-1.92   		   		
4759   			-1.10   		   		
4765   			-2.15   		   		
4771   			-1.63   		   		
4776   			-2.09   		   		
4782   			-2.42   		   		
4788   			-3.81   		   		
4793   			-1.61   		   		
4799   			-2.07   		   		
4805   			-1.61   		   		
4811   			-2.30   		   		
4816   			-2.07   		   		
4822   			-1.66   		   		
4828   			-1.95   		   		
4834   			-1.78   		   		
4839   			-1.92   		   		
4845   			-2.38   		   		
4851   			-1.80   		   		
4856   			-1.57   		   		
4862   			-1.63   		   		
4868   			-2.03   		   		
4874   			-0.87   		   		
4879   			-0.87   		   		
4885   			-1.28   		   		
4891   			-0.64   		   		
4897   			-1.65   		   		
4902   			-1.24   		   		
4908   			-1.18   		   		
4914   			-1.76   		   		
4919   			-2.23   		   		
4925   			-1.80   		   		
4931   			-1.34   		   		
4937   			-0.58   		   		
4942   			-0.81   		   		
4948   			-0.58   		   		
4954   			-1.34   		   		
4960   			-1.34   		   		
4965   			-1.74   		   		
4971   			-1.51   		   		
4977   			-1.22   		   		
4982   			-1.32   		   		
4988   			0.25   		   		
4994   			-0.85   		   		
5000   			-1.55   		   		
5005   			-1.78   		   		
5011   			-1.39   		   		
5017   			-0.99   		   		
5023   			-1.57   		   		
5028   			-1.22   		   		
5034   			-1.34   		   		
5040   			-1.65   		   		
5045   			-0.60   		   		
5051   			-0.89   		   		
5057   			-0.60   		   		
5063   			-0.60   		   		
5068   			-1.45   		   		
5074   			-1.57   		   		
5080   			-0.99   		   		
5086   			-1.57   		   		
5091   			-0.93   		   		
5097   			-1.88   		   		
5103   			-0.95   		   		
5108   			-1.82   		   		
5114   			-2.11   		   		
5120   			-1.42   		   		
5126   			-1.72   		   		
5131   			-1.66   		   		
5137   			-2.24   		   		
5143   			-2.07   		   		
5149   			-1.72   		   		
5154   			-1.03   		   		
5160   			-1.03   		   		
5166   			-0.91   		   		
5171   			-1.32   		   		
5177   			-1.66   		   		
5183   			-0.87   		   		
5189   			-1.45   		   		
5194   			-1.97   		   		
5200   			-1.34   		   		
5206   			-0.81   		   		
5211   			-1.10   		   		
5217   			-2.03   		   		
5223   			-1.97   		   		
5229   			-2.09   		   		
5234   			-1.92   		   		
5240   			-1.80   		   		
5246   			-2.03   		   		
5252   			-1.22   		   		
5257   			-1.63   		   		
5263   			-2.38   		   		
5269   			-4.16   		   		
5274   			-1.84   		   		
5280   			-1.55   		   		
5286   			-1.61   		   		
5292   			-1.95   		   		
5297   			-1.76   		   		
5303   			-2.11   		   		
5309   			-2.05   		   		
5315   			-1.53   		   		
5320   			-1.94   		   		
5326   			-1.78   		   		
5332   			-2.88   		   		
5337   			-1.49   		   		
5343   			-1.26   		   		
5349   			-1.32   		   		
5355   			-0.53   		   		
5360   			-0.93   		   		
5366   			-1.05   		   		
5372   			-1.10   		   		
5378   			-0.87   		   		
5383   			-0.45   		   		
5389   			0.08   		   		
5395   			-2.42   		   		
5400   			-0.85   		   		
5406   			-0.62   		   		
5412   			-0.68   		   		
5418   			-1.55   		   		
5423   			-1.20   		   		
5429   			-2.36   		   		
5435   			-1.84   		   		
5441   			-1.39   		   		
5446   			-1.68   		   		
5452   			-1.34   		   		
5458   			-2.67   		   		
5463   			-0.87   		   		
5469   			-1.88   		   		
5475   			-1.94   		   		
5481   			-1.71   		   		
5486   			-0.43   		   		
5492   			-0.84   		   		
5498   			-1.03   		   		
5504   			-1.61   		   		
5509   			-1.37   		   		
5515   			-1.49   		   		
5521   			-1.03   		   		
5526   			-1.84   		   		
5532   			-1.55   		   		
5538   			-1.49   		   		
5544   			-2.48   		   		
5549   			-1.84   		   		
5555   			-1.26   		   		
5561   			-1.26   		   		
5567   			-0.97   		   		
5572   			-1.14   		   		
5578   			-1.84   		   		
5584   			-1.28   		   		
5589   			-1.74   		   		
5595   			-1.10   		   		
5601   			-1.45   		   		
5607   			-1.34   		   		
5612   			-1.51   		   		
5618   			-1.22   		   		
5624   			-1.92   		   		
5630   			-2.21   		   		
5635   			-1.45   		   		
5641   			-2.48   		   		
5647   			-1.03   		   		
5652   			-1.26   		   		
5658   			-1.78   		   		
5664   			-1.49   		   		
5670   			-1.97   		   		
5675   			-0.76   		   		
5681   			-0.47   		   		
5687   			-0.87   		   		
5693   			-0.93   		   		
5698   			-1.43   		   		
5704   			-0.97   		   		
5710   			-2.65   		   		
5715   			-2.01   		   		
5721   			-1.26   		   		
5727   			-1.68   		   		
5733   			-1.45   		   		
5738   			-1.34   		   		
5744   			-1.28   		   		
5750   			-0.58   		   		
5756   			-1.07   		   		
5761   			-1.42   		   		
5767   			-1.71   		   		
5773   			-1.65   		   		
5778   			-2.11   		   		
5784   			-2.17   		   		
5790   			-1.41   		   		
5796   			-0.77   		   		
5801   			-0.95   		   		
5807   			-0.83   		   		
5813   			-1.14   		   		
5819   			-0.68   		   		
5824   			-1.43   		   		
5830   			-1.55   		   		
5836   			-1.20   		   		
5841   			-0.81   		   		
5847   			-0.64   		   		
5853   			-0.76   		   		
5859   			-1.97   		   		
5864   			-1.05   		   		
5870   			-1.28   		   		
5876   			-1.39   		   		
5882   			-1.28   		   		
5887   			-1.57   		   		
5893   			-2.03   		   		
5899   			-1.45   		   		
5904   			-1.22   		   		
5910   			-1.22   		   		
5916   			-1.51   		   		
5922   			-1.74   		   		
5927   			-0.33   		   		
5933   			-0.50   		   		
5939   			-1.14   		   		
5945   			-0.39   		   		
5950   			-0.21   		   		
5956   			-0.93   		   		
5962   			-0.99   		   		
5967   			-0.64   		   		
5973   			-0.93   		   		
5979   			-0.64   		   		
5985   			-0.91   		   		
5990   			-0.39   		   		
5996   			-1.26   		   		
6002   			-1.66   		   		
6008   			-0.97   		   		
6013   			-1.51   		   		
6019   			-0.99   		   		
6025   			-0.99   		   		
6030   			-1.39   		   		
6036   			-1.28   		   		
6042   			-0.95   		   		
6048   			-1.13   		   		
6053   			-0.49   		   		
6059   			-0.66   		   		
6065   			-0.60   		   		
6071   			-0.70   		   		
6076   			-0.12   		   		
6082   			-0.12   		   		
6088   			0.05   		   		
6093   			-0.12   		   		
6099   			-0.70   		   		
6105   			0.05   		   		
6111   			-0.47   		   		
6116   			0.52   		   		
6122   			-0.18   		   		
6128   			-0.20   		   		
6134   			0.15   		   		
6139   			-0.60   		   		
6145   			0.73   		   		
6151   			0.26   		   		
6156   			-0.29   		   		
6162   			0.17   		   		
6168   			-0.58   		   		
6174   			-0.41   		   		
6179   			0.52   		   		
6185   			-0.06   		   		
6191   			0.40   		   		
6197   			0.52   		   		
6202   			-0.18   		   		
6208   			0.46   		   		
6214   			0.13   		   		
6219   			0.08   		   		
6225   			0.08   		   		
6231   			-0.68   		   		
6237   			-0.74   		   		
6242   			0.23   		   		
6248   			0.52   		   		
6254   			-1.63   		   		
6259   			-0.06   		   		
6265   			0.63   		   		
6271   			1.27   		   		
6277   			1.10   		   		
6282   			0.63   		   		
6288   			0.98   		   		
6294   			0.81   		   		
6300   			1.52   		   		
6305   			2.27   		   		
6311   			2.04   		   		
6317   			0.19   		   		
6322   			2.27   		   		
6328   			1.27   		   		
6334   			1.73   		   		
6340   			0.52   		   		
6345   			0.92   		   		
6351   			0.92   		   		
6357   			1.17   		   		
6363   			0.71   		   		
6368   			1.23   		   		
6374   			1.52   		   		
6380   			-0.10   		   		
6385   			1.31   		   		
6391   			1.60   		   		
6397   			0.67   		   		
6403   			1.08   		   		
6408   			0.67   		   		
6414   			1.00   		   		
6420   			1.41   		   		
6426   			1.70   		   		
6431   			1.35   		   		
6437   			1.58   		   		
6443   			1.91   		   		
6448   			2.02   		   		
6454   			1.39   		   		
6460   			2.14   		   		
6466   			2.60   		   		
6471   			1.44   		   		
6477   			2.77   		   		
6483   			3.12   		   		
6489   			3.00   		   		
6494   			2.54   		   		
6500   			2.48   		   		
6506   			2.48   		   		
6511   			1.67   		   		
6517   			2.25   		   		
6523   			2.66   		   		
6529   			2.79   		   		
6534   			3.66   		   		
6540   			2.68   		   		
6546   			3.43   		   		
6552   			2.62   		   		
6557   			3.10   		   		
6563   			2.92   		   		
6569   			2.87   		   		
6574   			2.75   		   		
6580   			2.81   		   		
6586   			2.98   		   		
6592   			3.04   		   		
6597   			3.33   		   		
6603   			3.33   		   		
6609   			2.98   		   		
6615   			2.54   		   		
6620   			3.93   		   		
6626   			2.95   		   		
6632   			2.89   		   		
6637   			2.43   		   		
6643   			3.06   		   		
6649   			4.27   		   		
6655   			3.75   		   		
6660   			3.52   		   		
6666   			3.18   		   		
6672   			4.44   		   		
6678   			3.70   		   		
6683   			3.58   		   		
6689   			4.33   		   		
6695   			4.73   		   		
6700   			5.04   		   		
6706   			5.21   		   		
6712   			5.10   		   		
6718   			5.16   		   		
6723   			5.21   		   		
6729   			5.77   		   		
6735   			5.48   		   		
6741   			5.65   		   		
6746   			4.96   		   		
6752   			4.73   		   		
6758   			4.64   		   		
6763   			4.70   		   		
6769   			4.70   		   		
6775   			5.33   		   		
6781   			4.87   		   		
6786   			4.70   		   		
6792   			5.39   		   		
6798   			6.14   		   		
6804   			5.04   		   		
6809   			3.72   		   		
6815   			4.50   		   		
6821   			4.68   		   		
6826   			4.85   		   		
6832   			5.19   		   		
6838   			5.19   		   		
6844   			4.89   		   		
6849   			4.54   		   		
6855   			5.81   		   		
6861   			5.47   		   		
6867   			5.24   		   		
6872   			5.21   		   		
6878   			4.87   		   		
6884   			4.98   		   		
6889   			4.87   		   		
6895   			5.39   		   		
6901   			5.02   		   		
6907   			5.48   		   		
6912   			5.88   		   		
6918   			5.37   		   		
6924   			6.11   		   		
6930   			5.42   		   		
6935   			4.91   		   		
6941   			5.65   		   		
6947   			5.60   		   		
6952   			5.65   		   		
6958   			5.19   		   		
6964   			5.14   		   		
6970   			5.37   		   		
6975   			6.00   		   		
6981   			6.80   		   		
6987   			5.54   		   		
6993   			5.37   		   		
6998   			5.83   		   		
7004   			6.11   		   		
7010   			5.83   		   		
7015   			5.68   		   		
7021   			6.88   		   		
7027   			6.60   		   		
7033   			6.08   		   		
7038   			6.77   		   		
7044   			6.15   		   		
7050   			6.90   		   		
7056   			6.38   		   		
7061   			6.61   		   		
7067   			6.73   		   		
7073   			6.42   		   		
7078   			6.71   		   		
7084   			7.57   		   		
7090   			7.11   		   		
7096   			6.94   		   		
7101   			7.55   		   		
7107   			7.38   		   		
7113   			5.83   		   		
7118   			7.21   		   		
7124   			7.84   		   		
7130   			8.03   		   		
7136   			8.15   		   		
7141   			8.03   		   		
7147   			8.61   		   		
7153   			8.32   		   		
7159   			8.49   		   		
7164   			8.03   		   		
7170   			7.34   		   		
7176   			6.25   		   		
7181   			7.23   		   		
7187   			6.61   		   		
7193   			7.82   		   		
7199   			8.79   		   		
7204   			8.22   		   		
7210   			7.76   		   		
7216   			8.74   		   		
7222   			8.74   		   		
7227   			8.16   		   		
7233   			8.16   		   		
7239   			6.44   		   		
7244   			8.13   		   		
7250   			8.36   		   		
7256   			8.47   		   		
7262   			9.22   		   		
7267   			7.67   		   		
7273   			8.81   		   		
7279   			8.01   		   		
7285   			8.58   		   		
7290   			9.22   		   		
7296   			9.10   		   		
7302   			9.41   		   		
7307   			8.95   		   		
7313   			9.35   		   		
7319   			9.12   		   		
7325   			9.24   		   		
7330   			9.42   		   		
7336   			8.85   		   		
7342   			8.62   		   		
7348   			8.68   		   		
7353   			8.79   		   		
7359   			8.62   		   		
7365   			9.54   		   		
7370   			9.14   		   		
7376   			10.05   		   		
7382   			9.54   		   		
7388   			9.47   		   		
7393   			10.21   		   		
7399   			10.61   		   		
7405   			9.81   		   		
7411   			9.64   		   		
7416   			8.70   		   		
7422   			9.39   		   		
7428   			9.27   		   		
7433   			9.27   		   		
7439   			8.99   		   		
7445   			9.39   		   		
7451   			8.81   		   		
7456   			9.33   		   		
7462   			9.04   		   		
7468   			9.33   		   		
7474   			9.80   		   		
7479   			9.52   		   		
7485   			9.40   		   		
7491   			9.75   		   		
7496   			9.35   		   		
7502   			9.06   		   		
7508   			9.12   		   		
7514   			8.89   		   		
7519   			7.86   		   		
7525   			9.06   		   		
7531   			8.70   		   		
7537   			9.67   		   		
7542   			8.47   		   		
7548   			9.22   		   		
7554   			9.33   		   		
7559   			9.39   		   		
7565   			8.76   		   		
7571   			9.44   		   		
7577   			9.22   		   		
7582   			9.22   		   		
7588   			8.81   		   		
7594   			7.21   		   		
7599   			8.93   		   		
7605   			7.95   		   		
7611   			9.39   		   		
7617   			9.67   		   		
7622   			9.79   		   		
7628   			10.08   		   		
7634   			9.04   		   		
7640   			9.04   		   		
7645   			9.48   		   		
7651   			9.14   		   		
7657   			6.90   		   		
7662   			8.79   		   		
7668   			8.91   		   		
7674   			8.70   		   		
7680   			8.70   		   		
7685   			8.81   		   		
7691   			9.79   		   		
7697   			9.22   		   		
7703   			9.24   		   		
7708   			9.70   		   		
7714   			9.29   		   		
7720   			6.77   		   		
7725   			8.84   		   		
7731   			8.62   		   		
7737   			9.19   		   		
7743   			9.60   		   		
7748   			9.25   		   		
7754   			9.31   		   		
7760   			10.35   		   		
7766   			9.89   		   		
7771   			9.83   		   		
7777   			9.20   		   		
7783   			9.37   		   		
7788   			10.50   		   		
7794   			10.38   		   		
7800   			9.81   		   		
7806   			9.52   		   		
7811   			9.41   		   		
7817   			8.99   		   		
7823   			8.93   		   		
7829   			9.10   		   		
7834   			9.79   		   		
7840   			9.33   		   		
7846   			9.54   		   		
7851   			9.60   		   		
7857   			9.42   		   		
7863   			9.19   		   		
7869   			8.05   		   		
7874   			8.70   		   		
7880   			8.36   		   		
7886   			9.22   		   		
7892   			9.44   		   		
7897   			8.58   		   		
7903   			8.78   		   		
7909   			9.24   		   		
7914   			10.38   		   		
7920   			9.01   		   		
7926   			9.29   		   		
7932   			8.81   		   		
7937   			8.87   		   		
7943   			8.47   		   		
7949   			8.87   		   		
7955   			8.87   		   		
7960   			9.39   		   		
7966   			9.33   		   		
7972   			10.48   		   		
7977   			9.90   		   		
7983   			9.39   		   		
7989   			9.27   		   		
7995   			9.62   		   		
8000   			8.36   		   		
8006   			9.04   		   		
8012   			8.58   		   		
8018   			9.02   		   		
8023   			8.79   		   		
8029   			8.51   		   		
8035   			8.10   		   		
8040   			7.88   		   		
8046   			7.86   		   		
8052   			9.01   		   		
8058   			8.89   		   		
8063   			8.61   		   		
8069   			8.66   		   		
8075   			9.10   		   		
8081   			9.39   		   		
8086   			9.27   		   		
8092   			8.58   		   		
8098   			8.41   		   		
8103   			8.28   		   		
8109   			8.74   		   		
8115   			8.45   		   		
8121   			8.91   		   		
8126   			7.24   		   		
8132   			8.01   		   		
8138   			6.80   		   		
8143   			8.70   		   		
8149   			9.50   		   		
8155   			9.33   		   		
8161   			9.37   		   		
8166   			8.74   		   		
8172   			7.70   		   		
8178   			8.62   		   		
8184   			9.54   		   		
8189   			8.99   		   		
8195   			9.16   		   		
8201   			7.26   		   		
8206   			8.76   		   		
8212   			9.22   		   		
8218   			9.33   		   		
8224   			9.33   		   		
8229   			9.22   		   		
8235   			8.76   		   		
8241   			8.70   		   		
8247   			8.72   		   		
8252   			9.29   		   		
8258   			9.75   		   		
8264   			9.35   		   		
8269   			9.06   		   		
8275   			9.47   		   		
8281   			9.75   		   		
8287   			8.89   		   		
8292   			8.72   		   		
8298   			8.66   		   		
8304   			8.91   		   		
8310   			9.08   		   		
8315   			8.97   		   		
8321   			9.54   		   		
8327   			8.79   		   		
8332   			9.54   		   		
8338   			9.14   		   		
8344   			9.31   		   		
8350   			9.08   		   		
8355   			8.62   		   		
8361   			9.67   		   		
8367   			9.67   		   		
8373   			9.85   		   		
8378   			8.87   		   		
8384   			9.67   		   		
8390   			9.31   		   		
8395   			8.97   		   		
8401   			8.56   		   		
8407   			8.22   		   		
8413   			8.28   		   		
8418   			8.66   		   		
8424   			9.29   		   		
8430   			8.20   		   		
8436   			9.06   		   		
8441   			8.95   		   		
8447   			8.93   		   		
8453   			8.81   		   		
8458   			9.27   		   		
8464   			9.90   		   		
8470   			9.85   		   		
8476   			10.02   		   		
8481   			8.70   		   		
8487   			9.67   		   		
8493   			8.64   		   		
8499   			9.50   		   		
8504   			8.95   		   		
8510   			9.06   		   		
8516   			9.35   		   		
8521   			8.61   		   		
8527   			8.72   		   		
8533   			8.89   		   		
8539   			9.70   		   		
8544   			9.12   		   		
8550   			8.49   		   		
8556   			8.78   		   		
8562   			8.36   		   		
8567   			9.39   		   		
8573   			8.76   		   		
8579   			8.93   		   		
8584   			8.64   		   		
8590   			8.84   		   		
8596   			9.58   		   		
8602   			9.18   		   		
8607   			9.41   		   		
8613   			8.89   		   		
8619   			9.04   		   		
8625   			8.47   		   		
8630   			8.58   		   		
8636   			8.81   		   		
8642   			8.41   		   		
8647   			8.64   		   		
8653   			8.01   		   		
8659   			8.24   		   		
8665   			8.70   		   		
8670   			8.07   		   		
8676   			8.68   		   		
8682   			8.85   		   		
8688   			8.91   		   		
8693   			8.85   		   		
8699   			8.05   		   		
8705   			8.41   		   		
8710   			8.41   		   		
8716   			7.90   		   		
8722   			8.93   		   		
8728   			8.47   		   		
8733   			8.39   		   		
8739   			8.33   		   		
8745   			7.93   		   		
8751   			8.74   		   		
8756   			8.33   		   		
8762   			8.18   		   		
8768   			9.10   		   		
8773   			7.78   		   		
8779   			8.13   		   		
8785   			8.81   		   		
8791   			7.59   		   		
8796   			7.59   		   		
8802   			7.99   		   		
8808   			7.42   		   		
8814   			7.93   		   		
8819   			7.70   		   		
8825   			7.70   		   		
8831   			7.76   		   		
8836   			8.10   		   		
8842   			7.36   		   		
8848   			7.78   		   		
8854   			7.61   		   		
8859   			7.49   		   		
8865   			8.41   		   		
8871   			6.80   		   		
8876   			8.36   		   		
8882   			8.30   		   		
8888   			8.99   		   		
8894   			9.10   		   		
8899   			8.70   		   		
8905   			8.99   		   		
8911   			8.93   		   		
8917   			8.70   		   		
8922   			8.81   		   		
8928   			9.04   		   		
8934   			6.46   		   		
8939   			8.81   		   		
8945   			8.76   		   		
8951   			9.73   		   		
8957   			8.47   		   		
8962   			8.07   		   		
8968   			8.70   		   		
8974   			9.62   		   		
8980   			9.10   		   		
8985   			8.64   		   		
8991   			9.60   		   		
8997   			7.93   		   		
9002   			8.91   		   		
9008   			8.74   		   		
9014   			8.56   		   		
9020   			9.02   		   		
9025   			8.51   		   		
9031   			7.88   		   		
9037   			8.10   		   		
9043   			8.97   		   		
9048   			9.10   		   		
9054   			8.70   		   		
9060   			7.26   		   		
9065   			9.04   		   		
9071   			8.36   		   		
9077   			8.85   		   		
9083   			8.79   		   		
9088   			8.56   		   		
9094   			8.56   		   		
9100   			8.51   		   		
9106   			9.73   		   		
9111   			8.70   		   		
9117   			8.58   		   		
9123   			8.13   		   		
9128   			9.96   		   		
9134   			9.35   		   		
9140   			8.61   		   		
9146   			8.55   		   		
9151   			7.97   		   		
9157   			9.35   		   		
9163   			9.44   		   		
9169   			9.56   		   		
9174   			9.22   		   		
9180   			8.53   		   		
9186   			9.50   		   		
9191   			8.58   		   		
9197   			8.53   		   		
9203   			8.30   		   		
9209   			8.36   		   		
9214   			8.07   		   		
9220   			8.32   		   		
9226   			9.06   		   		
9232   			9.01   		   		
9237   			8.89   		   		
9243   			9.12   		   		
9249   			8.81   		   		
9254   			8.76   		   		
9260   			8.70   		   		
9266   			9.44   		   		
9272   			9.39   		   		
9277   			9.02   		   		
9283   			9.08   		   		
9289   			8.56   		   		
9295   			9.37   		   		
9300   			8.97   		   		
9306   			8.07   		   		
9312   			7.95   		   		
9317   			7.15   		   		
9323   			8.07   		   		
9329   			8.81   		   		
9335   			9.52   		   		
9340   			9.41   		   		
9346   			8.66   		   		
9352   			8.49   		   		
9358   			8.49   		   		
9363   			8.33   		   		
9369   			8.74   		   		
9375   			7.70   		   		
9380   			8.68   		   		
9386   			8.62   		   		
9392   			8.01   		   		
9398   			8.70   		   		
9403   			8.70   		   		
9409   			8.47   		   		
9415   			8.41   		   		
9421   			8.30   		   		
9426   			8.24   		   		
9432   			8.07   		   		
9438   			7.67   		   		
9443   			8.07   		   		
9449   			7.61   		   		
9455   			7.84   		   		
9461   			8.07   		   		
9466   			7.38   		   		
9472   			7.55   		   		
9478   			7.74   		   		
9484   			7.69   		   		
9489   			7.63   		   		
9495   			7.92   		   		
9501   			7.74   		   		
9506   			7.32   		   		
9512   			7.61   		   		
9518   			7.72   		   		
9524   			7.32   		   		
9529   			7.61   		   		
9535   			7.44   		   		
9541   			8.13   		   		
9547   			7.95   		   		
9552   			7.55   		   		
9558   			7.32   		   		
9564   			6.86   		   		
9569   			6.40   		   		
9575   			6.75   		   		
9581   			7.84   		   		
9587   			7.44   		   		
9592   			7.76   		   		
9598   			6.50   		   		
9604   			5.35   		   		
9610   			8.16   		   		
9615   			7.01   		   		
9621   			7.84   		   		
9627   			7.61   		   		
9632   			8.07   		   		
9638   			6.98   		   		
9644   			7.84   		   		
9650   			8.32   		   		
9655   			9.06   		   		
9661   			8.84   		   		
9667   			6.37   		   		
9672   			8.09   		   		
9678   			7.80   		   		
9684   			8.20   		   		
9690   			7.52   		   		
9695   			7.11   		   		
9701   			8.09   		   		
9707   			7.92   		   		
9713   			8.38   		   		
9718   			7.40   		   		
9724   			8.03   		   		
9730   			7.97   		   		
9735   			7.13   		   		
9741   			6.90   		   		
9747   			7.82   		   		
9753   			7.82   		   		
9758   			8.16   		   		
9764   			7.53   		   		
9770   			7.24   		   		
9776   			6.96   		   		
9781   			6.67   		   		
9787   			7.30   		   		
9793   			7.84   		   		
9798   			6.46   		   		
9804   			7.67   		   		
9810   			7.44   		   		
9816   			8.93   		   		
9821   			8.07   		   		
9827   			7.44   		   		
9833   			7.78   		   		
9839   			7.61   		   		
9844   			7.03   		   		
9850   			7.94   		   		
9856   			7.77   		   		
9861   			7.77   		   		
9867   			7.71   		   		
9873   			7.36   		   		
9879   			7.78   		   		
9884   			8.24   		   		
9890   			7.72   		   		
9896   			7.78   		   		
9902   			7.84   		   		
9907   			8.89   		   		
9913   			8.26   		   		
9919   			8.43   		   		
9924   			8.20   		   		
9930   			8.32   		   		
9936   			8.30   		   		
9942   			8.58   		   		
9947   			7.67   		   		
9953   			8.24   		   		
9959   			8.24   		   		
9965   			7.74   		   		
9970   			7.97   		   		
9976   			7.06   		   		
9982   			7.46   		   		
9987   			7.86   		   		
9993   			8.26   		   		
9999   			7.11   		   		
10005   			7.23   		   		
10010   			8.66   		   		
10016   			7.74   		   		
10022   			8.58   		   		
10028   			7.78   		   		
10033   			8.87   		   		
10039   			8.47   		   		
10045   			8.24   		   		
10050   			7.90   		   		
10056   			8.01   		   		
10062   			7.09   		   		
10068   			7.95   		   		
10073   			7.84   		   		
10079   			7.74   		   		
10085   			8.03   		   		
10091   			7.69   		   		
10096   			9.01   		   		
10102   			7.52   		   		
10108   			6.90   		   		
10113   			7.07   		   		
10119   			7.07   		   		
10125   			7.65   		   		
10131   			7.82   		   		
10136   			7.38   		   		
10142   			8.18   		   		
10148   			7.67   		   		
10154   			7.15   		   		
10159   			7.95   		   		
10165   			6.86   		   		
10171   			7.26   		   		
10176   			7.32   		   		
10182   			7.55   		   		
10188   			7.67   		   		
10194   			7.29   		   		
10199   			7.97   		   		
10205   			8.38   		   		
10211   			7.97   		   		
10217   			7.92   		   		
10222   			8.91   		   		
10228   			7.59   		   		
10234   			8.10   		   		
10239   			8.33   		   		
10245   			8.56   		   		
10251   			7.21   		   		
10257   			7.67   		   		
10262   			8.30   		   		
10268   			7.21   		   		
10274   			7.84   		   		
10280   			8.72   		   		
10285   			7.80   		   		
10291   			7.97   		   		
10297   			7.92   		   		
10302   			7.34   		   		
10308   			7.46   		   		
10314   			8.09   		   		
10320   			8.26   		   		
10325   			9.01   		   		
10331   			8.03   		   		
10337   			8.24   		   		
10343   			8.13   		   		
10348   			7.72   		   		
10354   			7.32   		   		
10360   			7.32   		   		
10365   			8.64   		   		
10371   			7.49   		   		
10377   			8.18   		   		
10383   			7.90   		   		
10388   			7.90   		   		
10394   			7.92   		   		
10400   			8.26   		   		
10406   			7.29   		   		
10411   			8.03   		   		
10417   			7.86   		   		
10423   			8.72   		   		
10428   			9.06   		   		
10434   			8.78   		   		
10440   			8.43   		   		
10446   			7.63   		   		
10451   			8.47   		   		
10457   			6.92   		   		
10463   			7.09   		   		
10469   			7.38   		   		
10474   			6.98   		   		
10480   			7.09   		   		
10486   			7.67   		   		
10491   			7.95   		   		
10497   			7.44   		   		
10503   			7.49   		   		
10509   			7.84   		   		
10514   			7.72   		   		
10520   			7.44   		   		
10526   			6.17   		   		
10531   			7.21   		   		
10537   			7.78   		   		
10543   			8.36   		   		
10549   			8.01   		   		
10554   			8.47   		   		
10560   			8.47   		   		
10566   			7.67   		   		
10572   			8.30   		   		
10577   			8.07   		   		
10583   			7.26   		   		
10589   			6.00   		   		
10594   			8.10   		   		
10600   			8.39   		   		
10606   			7.30   		   		
10612   			7.65   		   		
10617   			7.76   		   		
10623   			8.01   		   		
10629   			8.18   		   		
10635   			8.81   		   		
10640   			8.30   		   		
10646   			7.61   		   		
10652   			6.21   		   		
10657   			7.47   		   		
10663   			7.36   		   		
10669   			7.76   		   		
10675   			7.82   		   		
10680   			8.22   		   		
10686   			7.53   		   		
10692   			7.42   		   		
10698   			8.33   		   		
10703   			7.19   		   		
10709   			8.13   		   		
10715   			8.41   		   		
10720   			7.84   		   		
10726   			7.72   		   		
10732   			7.67   		   		
10738   			7.61   		   		
10743   			8.01   		   		
10749   			8.07   		   		
10755   			7.78   		   		
10761   			9.10   		   		
10766   			7.78   		   		
10772   			7.55   		   		
10778   			7.49   		   		
10783   			8.13   		   		
10789   			7.38   		   		
10795   			7.01   		   		
10801   			7.53   		   		
10806   			7.19   		   		
10812   			7.70   		   		
10818   			8.05   		   		
10824   			7.84   		   		
10829   			8.01   		   		
10835   			7.49   		   		
10841   			6.86   		   		
10846   			8.18   		   		
10852   			7.32   		   		
10858   			6.86   		   		
10864   			7.15   		   		
10869   			6.92   		   		
10875   			7.61   		   		
10881   			7.34   		   		
10887   			7.06   		   		
10892   			7.40   		   		
10898   			7.52   		   		
10904   			7.69   		   		
10909   			8.03   		   		
10915   			7.23   		   		
10921   			7.23   		   		
10927   			8.20   		   		
10932   			8.15   		   		
10938   			8.01   		   		
10944   			7.67   		   		
10950   			7.61   		   		
10955   			7.55   		   		
10961   			8.07   		   		
10967   			8.43   		   		
10972   			7.06   		   		
10978   			8.43   		   		
10984   			7.86   		   		
10990   			7.97   		   		
10995   			8.45   		   		
11001   			8.45   		   		
11007   			8.40   		   		
11013   			6.85   		   		
11018   			6.90   		   		
11024   			7.92   		   		
11030   			7.80   		   		
11035   			8.20   		   		
11041   			6.94   		   		
11047   			6.94   		   		
11053   			7.72   		   		
11058   			7.32   		   		
11064   			8.58   		   		
11070   			6.40   		   		
11076   			6.46   		   		
11081   			6.85   		   		
11087   			7.71   		   		
11093   			7.36   		   		
11098   			7.31   		   		
11104   			7.08   		   		
11110   			7.95   		   		
11116   			7.90   		   		
11121   			6.57   		   		
11127   			6.80   		   		
11133   			5.60   		   		
11138   			7.07   		   		
11144   			7.47   		   		
11150   			7.24   		   		
11156   			7.19   		   		
11161   			7.19   		   		
11167   			7.74   		   		
11173   			6.94   		   		
11179   			7.92   		   		
11184   			7.92   		   		
11190   			7.29   		   		
11196   			6.02   		   		
11201   			7.57   		   		
11207   			7.80   		   		
11213   			7.46   		   		
11219   			7.23   		   		
11224   			7.26   		   		
11230   			6.86   		   		
11236   			7.38   		   		
11242   			7.38   		   		
11247   			7.95   		   		
11253   			7.69   		   		
11259   			7.34   		   		
11264   			7.80   		   		
11270   			7.57   		   		
11276   			6.60   		   		
11282   			7.55   		   		
11287   			6.86   		   		
11293   			7.15   		   		
11299   			7.44   		   		
11305   			7.09   		   		
11310   			8.56   		   		
11316   			7.13   		   		
11322   			7.42   		   		
11327   			7.88   		   		
11333   			8.56   		   		
11339   			7.23   		   		
11345   			7.46   		   		
11350   			7.52   		   		
11356   			6.77   		   		
11362   			7.40   		   		
11368   			6.83   		   		
11373   			7.00   		   		
11379   			7.11   		   		
11385   			7.92   		   		
11390   			7.40   		   		
11396   			7.09   		   		
11402   			7.21   		   		
11408   			7.55   		   		
11413   			8.01   		   		
11419   			7.61   		   		
11425   			7.78   		   		
11431   			7.67   		   		
11436   			8.13   		   		
11442   			7.03   		   		
11448   			7.03   		   		
11453   			7.55   		   		
11459   			7.90   		   		
11465   			6.98   		   		
11471   			7.67   		   		
11476   			7.61   		   		
11482   			8.13   		   		
11488   			7.55   		   		
11494   			6.75   		   		
11499   			7.26   		   		
11505   			6.86   		   		
11511   			6.92   		   		
11516   			8.07   		   		
11522   			7.55   		   		
11528   			6.86   		   		
11534   			7.61   		   		
11539   			7.23   		   		
11545   			6.77   		   		
11551   			5.16   		   		
11556   			7.34   		   		
11562   			7.46   		   		
11568   			7.78   		   		
11574   			6.92   		   		
11579   			6.46   		   		
11585   			7.32   		   		
11591   			6.92   		   		
11597   			6.92   		   		
11602   			7.72   		   		
11608   			7.72   		   		
11614   			6.46   		   		
11619   			7.49   		   		
11625   			7.55   		   		
11631   			7.61   		   		
11637   			7.38   		   		
11642   			6.69   		   		
11648   			7.78   		   		
11654   			7.24   		   		
11660   			7.36   		   		
11665   			7.36   		   		
11671   			7.53   		   		
11677   			5.69   		   		
11682   			6.86   		   		
11688   			7.67   		   		
11694   			7.21   		   		
11700   			7.09   		   		
11705   			6.92   		   		
11711   			6.77   		   		
11717   			6.88   		   		
11723   			7.00   		   		
11728   			5.79   		   		
11734   			6.48   		   		
11740   			6.98   		   		
11745   			6.98   		   		
11751   			6.86   		   		
11757   			6.92   		   		
11763   			6.40   		   		
11768   			7.63   		   		
11774   			6.88   		   		
11780   			7.74   		   		
11786   			7.00   		   		
11791   			7.29   		   		
11797   			7.97   		   		
11803   			7.46   		   		
11808   			7.23   		   		
11814   			6.42   		   		
11820   			7.11   		   		
11826   			6.78   		   		
11831   			6.78   		   		
11837   			7.36   		   		
11843   			6.84   		   		
11849   			6.15   		   		
11854   			6.78   		   		
11860   			5.92   		   		
11866   			6.38   		   		
11871   			6.67   		   		
11877   			6.50   		   		
11883   			7.90   		   		
11889   			6.98   		   		
11894   			6.98   		   		
11900   			6.52   		   		
11906   			7.09   		   		
11912   			6.80   		   		
11917   			7.15   		   		
11923   			6.52   		   		
11929   			6.75   		   		
11934   			7.32   		   		
11940   			6.92   		   		
11946   			6.86   		   		
11952   			6.86   		   		
11957   			6.63   		   		
11963   			6.69   		   		
11969   			7.59   		   		
11975   			7.30   		   		
11980   			6.27   		   		
11986   			6.90   		   		
11992   			6.67   		   		
11997   			7.36   		   		
12003   			6.44   		   		
12009   			7.30   		   		
12015   			7.01   		   		
12020   			7.24   		   		
12026   			7.78   		   		
12032   			7.67   		   		
12038   			7.61   		   		
12043   			7.67   		   		
12049   			7.09   		   		
12055   			7.42   		   		
12060   			7.65   		   		
12066   			6.73   		   		
12072   			7.31   		   		
12078   			7.02   		   		
12083   			6.78   		   		
12089   			6.67   		   		
12095   			6.55   		   		
12101   			6.67   		   		
12106   			7.42   		   		
12112   			9.06   		   		
12118   			7.74   		   		
12123   			7.52   		   		
12129   			7.74   		   		
12135   			6.65   		   		
12141   			7.55   		   		
12146   			6.86   		   		
12152   			7.09   		   		
12158   			5.88   		   		
12163   			8.01   		   		
12169   			7.63   		   		
12175   			7.92   		   		
12181   			8.26   		   		
12186   			7.86   		   		
12192   			8.32   		   		
12198   			7.90   		   		
12204   			8.18   		   		
12209   			7.55   		   		
12215   			7.26   		   		
12221   			7.09   		   		
12226   			7.03   		   		
12232   			7.03   		   		
12238   			7.44   		   		
12244   			6.98   		   		
12249   			7.26   		   		
12255   			6.37   		   		
12261   			6.88   		   		
12267   			6.60   		   		
12272   			6.71   		   		
12278   			7.11   		   		
12284   			6.54   		   		
12289   			7.34   		   		
12295   			5.79   		   		
12301   			6.88   		   		
12307   			6.31   		   		
12312   			6.96   		   		
12318   			7.13   		   		
12324   			7.82   		   		
12330   			7.53   		   		
12335   			6.84   		   		
12341   			7.00   		   		
12347   			7.29   		   		
12352   			6.60   		   		
12358   			6.77   		   		
12364   			7.06   		   		
12370   			6.14   		   		
12375   			6.48   		   		
12381   			6.83   		   		
12387   			6.77   		   		
12393   			8.38   		   		
12398   			7.57   		   		
12404   			7.52   		   		
12410   			7.92   		   		
12415   			7.92   		   		
12421   			7.29   		   		
12427   			6.96   		   		
12433   			6.73   		   		
12438   			6.55   		   		
12444   			6.96   		   		
12450   			7.19   		   		
12456   			7.63   		   		
12461   			7.11   		   		
12467   			7.69   		   		
12473   			6.60   		   		
12478   			6.71   		   		
12484   			7.21   		   		
12490   			7.78   		   		
12496   			6.92   		   		
12501   			7.67   		   		
12507   			6.92   		   		
12513   			7.17   		   		
12519   			6.94   		   		
12524   			6.71   		   		
12530   			6.14   		   		
12536   			7.06   		   		
12541   			7.15   		   		
12547   			7.44   		   		
12553   			7.15   		   		
12559   			7.38   		   		
12564   			7.84   		   		
12570   			7.61   		   		
12576   			8.30   		   		
12582   			8.53   		   		
12587   			6.86   		   		
12593   			7.15   		   		
12599   			7.06   		   		
12604   			7.34   		   		
12610   			7.34   		   		
12616   			6.14   		   		
12622   			7.29   		   		
12627   			7.15   		   		
12633   			6.63   		   		
12639   			7.26   		   		
12645   			6.80   		   		
12650   			7.15   		   		
12656   			6.71   		   		
12662   			7.52   		   		
12667   			6.88   		   		
12673   			7.63   		   		
12679   			7.23   		   		
12685   			7.67   		   		
12690   			7.72   		   		
12696   			6.86   		   		
12702   			4.85   		   		
12708   			7.38   		   		
12713   			7.13   		   		
12719   			7.65   		   		
12725   			6.90   		   		
12730   			6.10   		   		
12736   			7.48   		   		
12742   			7.49   		   		
12748   			7.49   		   		
12753   			7.21   		   		
12759   			7.67   		   		
12765   			6.34   		   		
12770   			7.23   		   		
12776   			6.94   		   		
12782   			8.26   		   		
12788   			8.84   		   		
12793   			7.92   		   		
12799   			7.90   		   		
12805   			7.90   		   		
12811   			7.78   		   		
12816   			8.47   		   		
12822   			7.49   		   		
12828   			3.62   		   		
12833   			7.70   		   		
12839   			8.62   		   		
12845   			6.96   		   		
12851   			7.47   		   		
12856   			8.01   		   		
12862   			8.07   		   		
12868   			7.72   		   		
12874   			6.75   		   		
12879   			8.13   		   		
12885   			8.24   		   		
12891   			2.37   		   		
12896   			7.15   		   		
12902   			7.49   		   		
12908   			8.41   		   		
12914   			8.13   		   		
12919   			7.44   		   		
12925   			7.09   		   		
12931   			6.75   		   		
12937   			7.15   		   		
12942   			6.80   		   		
12948   			7.15   		   		
12954   			5.88   		   		
12960   			8.18   		   		
12965   			7.32   		   		
12971   			7.44   		   		
12977   			8.13   		   		
12982   			7.95   		   		
12988   			7.44   		   		
12994   			8.07   		   		
13000   			7.67   		   		
13005   			7.72   		   		
13011   			6.57   		   		
13017   			7.03   		   		
13023   			7.61   		   		
13028   			7.54   		   		
13034   			7.71   		   		
13040   			8.11   		   		
13045   			7.25   		   		
13051   			7.54   		   		
13057   			7.15   		   		
13063   			7.03   		   		
13068   			7.49   		   		
13074   			7.15   		   		
13080   			7.26   		   		
13085   			6.92   		   		
13091   			6.40   		   		
13097   			7.21   		   		
13103   			6.98   		   		
13108   			6.92   		   		
13114   			6.60   		   		
13120   			7.57   		   		
13126   			6.65   		   		
13131   			6.77   		   		
13137   			6.37   		   		
13143   			5.54   		   		
13148   			7.09   		   		
13154   			6.98   		   		
13160   			7.49   		   		
13166   			8.13   		   		
13171   			8.30   		   		
13177   			6.75   		   		
13183   			6.29   		   		
13189   			6.23   		   		
13194   			6.52   		   		
13200   			8.32   		   		
13206   			6.42   		   		
13211   			7.69   		   		
13217   			7.97   		   		
13223   			6.94   		   		
13229   			7.03   		   		
13234   			6.98   		   		
13240   			6.29   		   		
13246   			6.17   		   		
13252   			6.57   		   		
13257   			6.71   		   		
13263   			6.31   		   		
13269   			5.27   		   		
13274   			6.83   		   		
13280   			6.71   		   		
13286   			6.17   		   		
13292   			5.83   		   		
13297   			6.52   		   		
13303   			7.09   		   		
13309   			7.09   		   		
13315   			7.36   		   		
13320   			6.73   		   		
13326   			6.90   		   		
13332   			5.52   		   		
13337   			6.96   		   		
13343   			7.13   		   		
13349   			7.19   		   		
13355   			7.59   		   		
13360   			6.78   		   		
13366   			7.07   		   		
13372   			6.50   		   		
13378   			6.67   		   		
13383   			6.67   		   		
13389   			6.85   		   		
13395   			4.95   		   		
13400   			7.06   		   		
13406   			6.02   		   		
13412   			6.14   		   		
13418   			7.11   		   		
13423   			6.02   		   		
13429   			6.63   		   		
13435   			6.00   		   		
13441   			6.34   		   		
13446   			6.23   		   		
13452   			5.94   		   		
13458   			5.96   		   		
13463   			6.25   		   		
13469   			6.14   		   		
13475   			6.60   		   		
13481   			6.08   		   		
13486   			6.44   		   		
13492   			5.81   		   		
13498   			5.81   		   		
13504   			6.15   		   		
13509   			6.50   		   		
13515   			6.80   		   		
13521   			6.92   		   		
13526   			7.09   		   		
13532   			8.24   		   		
13538   			6.92   		   		
13544   			7.44   		   		
13549   			7.38   		   		
13555   			7.78   		   		
13561   			7.67   		   		
13567   			7.15   		   		
13572   			7.07   		   		
13578   			6.78   		   		
13584   			6.67   		   		
13589   			7.07   		   		
13595   			6.96   		   		
13601   			6.54   		   		
13607   			7.11   		   		
13612   			6.37   		   		
13618   			7.69   		   		
13624   			7.57   		   		
13630   			8.32   		   		
13635   			7.80   		   		
13641   			7.52   		   		
13647   			7.34   		   		
13652   			7.46   		   		
13658   			7.52   		   		
13664   			7.46   		   		
13670   			8.15   		   		
13675   			7.40   		   		
13681   			7.69   		   		
13687   			7.74   		   		
13693   			8.95   		   		
13698   			7.97   		   		
13704   			8.61   		   		
13710   			7.23   		   		
13715   			7.34   		   		
13721   			7.74   		   		
13727   			8.09   		   		
13733   			7.00   		   		
13738   			7.69   		   		
13744   			7.49   		   		
13750   			7.61   		   		
13756   			7.95   		   		
13761   			6.80   		   		
13767   			8.01   		   		
13773   			8.01   		   		
13778   			7.55   		   		
13784   			7.95   		   		
13790   			8.41   		   		
13796   			6.75   		   		
13801   			6.54   		   		
13807   			7.46   		   		
13813   			6.71   		   		
13819   			7.69   		   		
13824   			7.86   		   		
13830   			8.03   		   		
13836   			7.63   		   		
13841   			8.43   		   		
13847   			7.80   		   		
13853   			7.97   		   		
13859   			7.88   		   		
13864   			7.93   		   		
13870   			8.45   		   		
13876   			7.82   		   		
13882   			8.45   		   		
13887   			7.63   		   		
13893   			7.17   		   		
13899   			7.52   		   		
13904   			7.63   		   		
13910   			7.63   		   		
13916   			7.21   		   		
13922   			7.84   		   		
13927   			7.78   		   		
13933   			7.15   		   		
13939   			7.32   		   		
13945   			7.72   		   		
13950   			7.95   		   		
13956   			8.24   		   		
13962   			8.13   		   		
13967   			7.44   		   		
13973   			7.36   		   		
13979   			7.65   		   		
13985   			8.28   		   		
13990   			7.30   		   		
13996   			7.42   		   		
14002   			5.91   		   		
14007   			8.38   		   		
14013   			6.60   		   		
14019   			7.23   		   		
14025   			8.09   		   		
14030   			7.32   		   		
14036   			7.90   		   		
14042   			7.26   		   		
14048   			7.67   		   		
14053   			8.30   		   		
14059   			6.48   		   		
14065   			5.27   		   		
14070   			7.17   		   		
14076   			6.48   		   		
14082   			7.52   		   		
14088   			7.86   		   		
14093   			7.86   		   		
14099   			7.17   		   		
14105   			7.97   		   		
14111   			6.25   		   		
14116   			6.92   		   		
14122   			7.38   		   		
14128   			7.72   		   		
14133   			7.49   		   		
14139   			6.52   		   		
14145   			7.25   		   		
14151   			7.54   		   		
14156   			7.54   		   		
14162   			7.59   		   		
14168   			7.77   		   		
14174   			7.17   		   		
14179   			9.01   		   		
14185   			7.57   		   		
14191   			7.80   		   		
14196   			8.20   		   		
14202   			7.36   		   		
14208   			8.11   		   		
14214   			8.63   		   		
14219   			8.23   		   		
14225   			7.77   		   		
14231   			6.92   		   		
14237   			7.84   		   		
14242   			6.80   		   		
14248   			6.57   		   		
14254   			7.09   		   		
14259   			7.88   		   		
14265   			6.96   		   		
14271   			7.25   		   		
14277   			7.36   		   		
14282   			6.96   		   		
14288   			7.90   		   		
14294   			7.55   		   		
14300   			7.49   		   		
14305   			7.49   		   		
14311   			7.15   		   		
14317   			7.61   		   		
14322   			7.21   		   		
14328   			6.92   		   		
14334   			7.84   		   		
14340   			8.41   		   		
14345   			7.36   		   		
14351   			6.78   		   		
14357   			7.53   		   		
14363   			7.88   		   		
14368   			6.55   		   		
14374   			6.31   		   		
14380   			7.06   		   		
14385   			8.03   		   		
14391   			7.46   		   		
14397   			7.63   		   		
14403   			6.92   		   		
14408   			6.92   		   		
14414   			6.86   		   		
14420   			5.71   		   		
14425   			7.49   		   		
14431   			7.03   		   		
14437   			7.49   		   		
14443   			7.55   		   		
14448   			7.15   		   		
14454   			7.15   		   		
14460   			7.55   		   		
14466   			8.30   		   		
14471   			8.13   		   		
14477   			6.57   		   		
14483   			5.88   		   		
14488   			6.17   		   		
14494   			6.98   		   		
14500   			6.06   		   		
14506   			7.15   		   		
14511   			7.84   		   		
14517   			6.71   		   		
14523   			6.83   		   		
14529   			7.11   		   		
14534   			6.48   		   		
14540   			6.71   		   		
14546   			6.65   		   		
14551   			7.11   		   		
14557   			6.42   		   		
14563   			6.19   		   		
14569   			7.29   		   		
14574   			7.15   		   		
14580   			6.11   		   		
14586   			6.46   		   		
14592   			6.34   		   		
14597   			6.57   		   		
14603   			7.03   		   		
14609   			6.86   		   		
14614   			6.52   		   		
14620   			7.09   		   		
14626   			6.98   		   		
14632   			6.65   		   		
14637   			7.06   		   		
14643   			7.00   		   		
14649   			7.34   		   		
14655   			6.94   		   		
14660   			7.32   		   		
14666   			7.44   		   		
14672   			7.15   		   		
14677   			7.49   		   		
14683   			7.44   		   		
14689   			7.49   		   		
14695   			7.09   		   		
14700   			7.78   		   		
14706   			7.38   		   		
14712   			7.61   		   		
14718   			6.98   		   		
14723   			7.32   		   		
14729   			7.21   		   		
14735   			7.15   		   		
14740   			7.21   		   		
14746   			7.21   		   		
14752   			6.98   		   		
14758   			6.98   		   		
14763   			7.55   		   		
14769   			6.40   		   		
14775   			6.69   		   		
14781   			7.61   		   		
14786   			7.38   		   		
14792   			7.26   		   		
14798   			7.67   		   		
14803   			7.63   		   		
14809   			7.29   		   		
14815   			7.34   		   		
14821   			7.86   		   		
14826   			7.11   		   		
14832   			7.00   		   		
14838   			6.37   		   		
14844   			6.54   		   		
14849   			5.91   		   		
14855   			6.14   		   		
14861   			6.92   		   		
14866   			7.15   		   		
14872   			7.78   		   		
14878   			7.15   		   		
14884   			7.44   		   		
14889   			6.98   		   		
14895   			6.98   		   		
14901   			7.61   		   		
14907   			7.09   		   		
14912   			7.38   		   		
14918   			7.36   		   		
14924   			7.42   		   		
14929   			8.28   		   		
14935   			8.05   		   		
14941   			7.99   		   		
14947   			7.52   		   		
14952   			8.66   		   		
14958   			7.46   		   		
14964   			7.40   		   		
14969   			7.80   		   		
14975   			7.09   		   		
14981   			7.78   		   		
14987   			7.26   		   		
14992   			7.26   		   		
14998   			7.09   		   		
15004   			8.07   		   		
15010   			7.78   		   		
15015   			7.44   		   		
15021   			7.21   		   		
15027   			4.91   		   		
15032   			7.00   		   		
15038   			7.00   		   		
15044   			6.42   		   		
15050   			6.37   		   		
15055   			6.54   		   		
15061   			7.40   		   		
15067   			7.11   		   		
15073   			7.17   		   		
15078   			7.06   		   		
15084   			6.48   		   		
15090   			6.34   		   		
15095   			6.92   		   		
15101   			7.78   		   		
15107   			7.61   		   		
15113   			7.44   		   		
15118   			6.77   		   		
15124   			6.54   		   		
15130   			6.31   		   		
15136   			6.60   		   		
15141   			6.77   		   		
15147   			6.69   		   		
15153   			7.90   		   		
15158   			8.07   		   		
15164   			7.61   		   		
15170   			7.03   		   		
15176   			7.78   		   		
15181   			8.41   		   		
15187   			7.78   		   		
15193   			7.15   		   		
15199   			7.78   		   		
15204   			7.40   		   		
15210   			7.40   		   		
15216   			7.69   		   		
15221   			7.17   		   		
15227   			7.40   		   		
15233   			7.74   		   		
15239   			6.77   		   		
15244   			6.83   		   		
15250   			7.17   		   		
15256   			6.77   		   		
15262   			6.54   		   		
15267   			6.14   		   		
15273   			6.31   		   		
15279   			6.65   		   		
15284   			6.31   		   		
15290   			5.62   		   		
15296   			6.83   		   		
15302   			6.48   		   		
15307   			7.00   		   		
15313   			6.37   		   		
15319   			7.21   		   		
15325   			6.57   		   		
15330   			6.57   		   		
15336   			6.23   		   		
15342   			6.52   		   		
15347   			7.13   		   		
15353   			7.59   		   		
15359   			6.78   		   		
15365   			6.44   		   		
15370   			5.75   		   		
15376   			6.48   		   		
15382   			6.25   		   		
15388   			6.94   		   		
15393   			5.79   		   		
15399   			6.60   		   		
15405   			6.15   		   		
15410   			5.86   		   		
15416   			6.15   		   		
15422   			6.15   		   		
15428   			6.09   		   		
15433   			6.57   		   		
15439   			7.21   		   		
15445   			6.29   		   		
15451   			6.86   		   		
15456   			6.80   		   		
15462   			6.62   		   		
15468   			6.73   		   		
15473   			7.08   		   		
15479   			6.79   		   		
15485   			6.96   		   		
15491   			6.98   		   		
15496   			7.15   		   		
15502   			7.61   		   		
15508   			7.26   		   		
15514   			6.63   		   		
15519   			7.32   		   		
15525   			7.55   		   		
15531   			6.80   		   		
15536   			6.69   		   		
15542   			7.09   		   		
15548   			6.98   		   		
15554   			7.38   		   		
15559   			7.15   		   		
15565   			7.44   		   		
15571   			5.71   		   		
15576   			7.06   		   		
15582   			7.17   		   		
15588   			6.71   		   		
15594   			6.94   		   		
15599   			7.11   		   		
15605   			6.52   		   		
15611   			6.75   		   		
15617   			7.32   		   		
15622   			6.34   		   		
15628   			7.15   		   		
15634   			6.75   		   		
15639   			7.32   		   		
15645   			7.09   		   		
15651   			7.72   		   		
15657   			7.38   		   		
15662   			7.72   		   		
15668   			7.09   		   		
15674   			7.03   		   		
15680   			6.98   		   		
15685   			7.61   		   		
15691   			7.07   		   		
15697   			7.99   		   		
15702   			6.44   		   		
15708   			6.44   		   		
15714   			6.50   		   		
15720   			6.71   		   		
15725   			6.48   		   		
15731   			5.85   		   		
15737   			6.25   		   		
15743   			6.37   		   		
15748   			6.17   		   		
15754   			6.98   		   		
15760   			6.40   		   		
15765   			5.83   		   		
15771   			6.98   		   		
15777   			6.75   		   		
15783   			7.32   		   		
15788   			6.92   		   		
15794   			7.55   		   		
15800   			6.86   		   		
15806   			6.52   		   		
15811   			6.69   		   		
15817   			6.52   		   		
15823   			6.11   		   		
15828   			6.06   		   		
15834   			6.14   		   		
15840   			6.83   		   		
15846   			6.60   		   		
15851   			6.54   		   		
15857   			6.88   		   		
15863   			6.40   		   		
15869   			6.46   		   		
15874   			6.29   		   		
15880   			6.52   		   		
15886   			6.40   		   		
15891   			6.65   		   		
15897   			7.11   		   		
15903   			7.06   		   		
15909   			6.19   		   		
15914   			7.00   		   		
15920   			7.06   		   		
15926   			6.71   		   		
15932   			6.37   		   		
15937   			6.02   		   		
15943   			7.00   		   		
15949   			7.52   		   		
15954   			6.54   		   		
15960   			6.48   		   		
15966   			6.83   		   		
15972   			7.23   		   		
15977   			7.11   		   		
15983   			6.31   		   		
15989   			6.02   		   		
15995   			6.54   		   		
16000   			6.88   		   		
16006   			7.15   		   		
16012   			6.40   		   		
16017   			6.63   		   		
16023   			5.83   		   		
16029   			6.52   		   		
16035   			6.17   		   		
16040   			7.49   		   		
16046   			7.61   		   		
16052   			5.19   		   		
16057   			7.32   		   		
16063   			6.71   		   		
16069   			7.17   		   		
16075   			6.65   		   		
16080   			6.88   		   		
16086   			6.48   		   		
16092   			6.50   		   		
16098   			7.36   		   		
16103   			6.38   		   		
16109   			6.04   		   		
16115   			4.54   		   		
16120   			6.62   		   		
16126   			6.27   		   		
16132   			6.27   		   		
16138   			5.35   		   		
16143   			5.58   		   		
16149   			5.33   		   		
16155   			6.42   		   		
16161   			6.37   		   		
16166   			5.45   		   		
16172   			5.27   		   		
16178   			5.14   		   		
16183   			6.23   		   		
16189   			5.88   		   		
16195   			6.00   		   		
16201   			6.17   		   		
16206   			7.00   		   		
16212   			5.85   		   		
16218   			6.31   		   		
16224   			6.65   		   		
16229   			6.88   		   		
16235   			5.71   		   		
16241   			5.94   		   		
16246   			6.92   		   		
16252   			6.06   		   		
16258   			6.11   		   		
16264   			6.55   		   		
16269   			6.38   		   		
16275   			5.69   		   		
16281   			5.86   		   		
16287   			6.09   		   		
16292   			5.83   		   		
16298   			6.00   		   		
16304   			5.37   		   		
16309   			6.06   		   		
16315   			6.11   		   		
16321   			5.77   		   		
16327   			7.09   		   		
16332   			6.98   		   		
16338   			6.86   		   		
16344   			7.21   		   		
16350   			6.63   		   		
16355   			7.15   		   		
16361   			6.86   		   		
16367   			6.00   		   		
16372   			5.94   		   		
16378   			6.75   		   		
16384   			5.60   		   		
16390   			6.29   		   		
16395   			6.63   		   		
16401   			6.23   		   		
16407   			6.31   		   		
16413   			7.40   		   		
16418   			6.54   		   		
16424   			6.14   		   		
16430   			5.79   		   		
16435   			5.52   		   		
16441   			5.98   		   		
16447   			6.21   		   		
16453   			5.86   		   		
16458   			5.86   		   		
16464   			6.48   		   		
16470   			6.31   		   		
16476   			5.79   		   		
16481   			6.08   		   		
16487   			5.96   		   		
16493   			6.02   		   		
16498   			7.11   		   		
16504   			6.65   		   		
16510   			6.83   		   		
16516   			6.88   		   		
16521   			6.42   		   		
16527   			6.13   		   		
16533   			5.84   		   		
16539   			6.30   		   		
16544   			7.05   		   		
16550   			6.34   		   		
16556   			6.46   		   		
16561   			7.32   		   		
16567   			6.86   		   		
16573   			6.57   		   		
16579   			7.25   		   		
16584   			6.56   		   		
16590   			6.16   		   		
16596   			5.93   		   		
16602   			5.70   		   		
16607   			6.46   		   		
16613   			6.63   		   		
16619   			6.29   		   		
16624   			5.60   		   		
16630   			5.88   		   		
16636   			5.96   		   		
16642   			5.27   		   		
16647   			4.98   		   		
16653   			4.75   		   		
16659   			4.69   		   		
16665   			5.19   		   		
16670   			4.68   		   		
16676   			5.94   		   		
16682   			5.08   		   		
16687   			5.14   		   		
16693   			4.29   		   		
16699   			5.50   		   		
16705   			5.04   		   		
16710   			4.64   		   		
16716   			4.06   		   		
16722   			4.62   		   		
16728   			2.77   		   		
16733   			3.00   		   		
16739   			3.81   		   		
16745   			3.64   		   		
16750   			3.72   		   		
16756   			3.77   		   		
16762   			2.85   		   		
16768   			3.02   		   		
16773   			3.49   		   		
16779   			2.89   		   		
16785   			3.46   		   		
16791   			2.95   		   		
16796   			3.64   		   		
16802   			4.62   		   		
16808   			3.49   		   		
16813   			3.43   		   		
16819   			4.29   		   		
16825   			4.52   		   		
16831   			3.14   		   		
16836   			4.33   		   		
16842   			2.95   		   		
16848   			1.85   		   		
16853   			2.95   		   		
16859   			2.71   		   		
16865   			3.14   		   		
16871   			2.50   		   		
16876   			1.98   		   		
16882   			2.16   		   		
16888   			3.14   		   		
16894   			2.74   		   		
16899   			3.49   		   		
16905   			3.08   		   		
16911   			1.52   		   		
16916   			2.39   		   		
16922   			2.22   		   		
16928   			3.43   		   		
16934   			2.10   		   		
16939   			1.81   		   		
16945   			2.39   		   		
16951   			2.04   		   		
16957   			1.87   		   		
16962   			1.00   		   		
16968   			1.52   		   		
16974   			1.46   		   		
16979   			1.46   		   		
16985   			1.81   		   		
16991   			1.58   		   		
16997   			1.46   		   		
17002   			1.23   		   		
17008   			2.00   		   		
17014   			1.19   		   		
17020   			1.48   		   		
17025   			0.61   		   		
17031   			0.55   		   		
17037   			2.08   		   		
17042   			1.15   		   		
17048   			0.75   		   		
17054   			0.81   		   		
17060   			1.15   		   		
17065   			0.98   		   		
17071   			1.21   		   		
17077   			0.63   		   		
17083   			1.04   		   		
17088   			0.40   		   		
17094   			0.40   		   		
17100   			0.69   		   		
17105   			1.21   		   		
17111   			-0.58   		   		
17117   			0.05   		   		
17123   			0.42   		   		
17128   			-0.21   		   		
17134   			-0.39   		   		
17140   			-0.16   		   		
17146   			-0.74   		   		
17151   			-0.04   		   		
17157   			0.42   		   		
17163   			0.08   		   		
17168   			0.42   		   		
17174   			0.42   		   		
17180   			0.77   		   		
17186   			0.13   		   		
17191   			-0.39   		   		
17197   			-0.79   		   		
17203   			-0.79   		   		
17209   			-0.02   		   		
17214   			-0.49   		   		
17220   			-1.18   		   		
17226   			-1.47   		   		
17231   			-1.30   		   		
17237   			-2.13   		   		
17243   			-1.08   		   		
17249   			-1.20   		   		
17254   			-0.97   		   		
17260   			-1.20   		   		
17266   			-1.10   		   		
17272   			-1.10   		   		
17277   			-0.70   		   		
17283   			0.40   		   		
17289   			-1.10   		   		
17294   			-1.28   		   		
17300   			-0.93   		   		
17306   			-0.53   		   		
17312   			-0.76   		   		
17317   			-0.47   		   		
17323   			0.03   		   		
17329   			-0.20   		   		
17335   			-0.78   		   		
17340   			-0.49   		   		
17346   			-0.60   		   		
17352   			-1.86   		   		
17357   			-0.18   		   		
17363   			-0.99   		   		
17369   			-0.81   		   		
17375   			0.29   		   		
17380   			-1.13   		   		
17386   			-0.08   		   		
17392   			-2.87   		   		
17397   			-1.36   		   		
17403   			-1.01   		   		
17409   			-1.03   		   		
17415   			-1.14   		   		
17420   			-0.79   		   		
17426   			-0.50   		   		
17432   			-0.27   		   		
17438   			-1.05   		   		
17443   			-2.15   		   		
17449   			-1.45   		   		
17455   			-3.95   		   		
17460   			-1.68   		   		
17466   			-1.22   		   		
17472   			-1.45   		   		
17478   			-1.80   		   		
17483   			-2.50   		   		
17489   			-1.86   		   		
17495   			-2.24   		   		
17501   			-2.07   		   		
17506   			-2.19   		   		
17512   			-1.20   		   		
17518   			-1.78   		   		
17523   			-0.70   		   		
17529   			-0.99   		   		
17535   			-1.92   		   		
17541   			-2.50   		   		
17546   			-1.68   		   		
17552   			-2.11   		   		
17558   			-1.18   		   		
17564   			-1.70   		   		
17569   			-1.29   		   		
17575   			-1.06   		   		
17581   			-2.38   		   		
17586   			-2.32   		   		
17592   			-2.73   		   		
17598   			-2.96   		   		
17604   			-2.79   		   		
17609   			-2.25   		   		
17615   			-2.71   		   		
17621   			-2.71   		   		
17627   			-1.78   		   		
17632   			-1.49   		   		
17638   			-1.84   		   		
17644   			-1.84   		   		
17649   			-2.24   		   		
17655   			-3.52   		   		
17661   			-2.77   		   		
17667   			-2.67   		   		
17672   			-3.02   		   		
17678   			-2.27   		   		
17684   			-1.97   		   		
17690   			-2.96   		   		
17695   			-2.61   		   		
17701   			-3.02   		   		
17707   			-3.19   		   		
17712   			-2.32   		   		
17718   			-2.38   		   		
17724   			-1.53   		   		
17730   			-2.05   		   		
17735   			-2.17   		   		
17741   			-1.29   		   		
17747   			-1.41   		   		
17753   			-1.57   		   		
17758   			-1.80   		   		
17764   			-2.09   		   		
17770   			-3.02   		   		
17775   			-3.08   		   		
17781   			-2.79   		   		
17787   			-3.19   		   		
17793   			-2.27   		   		
17798   			-1.51   		   		
17804   			-2.03   		   		
17810   			-1.18   		   		
17816   			-2.11   		   		
17821   			-2.34   		   		
17827   			-2.11   		   		
17833   			-2.00   		   		
17838   			-2.30   		   		
17844   			-2.83   		   		
17850   			-1.95   		   		
17856   			-1.43   		   		
17861   			-1.32   		   		
17867   			-1.39   		   		
17873   			-0.76   		   		
17879   			-1.10   		   		
17884   			-1.28   		   		
17890   			-1.80   		   		
17896   			-1.63   		   		
17901   			-0.81   		   		
17907   			-1.16   		   		
17913   			-1.28   		   		
17919   			-1.28   		   		
17924   			-1.66   		   		
17930   			-0.97   		   		
17936   			-2.48   		   		
17941   			-1.66   		   		
17947   			-2.07   		   		
17953   			-1.08   		   		
17959   			-1.14   		   		
17964   			-1.78   		   		
17970   			-2.13   		   		
17976   			-1.72   		   		
17982   			-1.28   		   		
17987   			-1.28   		   		
17993   			-2.21   		   		
17999   			-4.18   		   		
18004   			-2.21   		   		
18010   			-2.42   		   		
18016   			-2.42   		   		
18022   			-1.61   		   		
18027   			-1.37   		   		
18033   			-2.65   		   		
18039   			-1.78   		   		
18045   			-2.77   		   		
18050   			-1.78   		   		
18056   			-2.48   		   		
18062   			-2.01   		   		
18067   			-1.57   		   		
18073   			-1.68   		   		
18079   			-1.86   		   		
18085   			-2.38   		   		
18090   			-2.15   		   		
18096   			-1.63   		   		
18102   			-1.74   		   		
18108   			-1.92   		   		
18113   			-2.32   		   		
18119   			-1.22   		   		
18125   			-2.61   		   		
18130   			-2.03   		   		
18136   			-2.67   		   		
18142   			-2.09   		   		
18148   			-2.32   		   		
18153   			-2.90   		   		
18159   			-2.67   		   		
18165   			-1.86   		   		
18171   			-2.38   		   		
18176   			-3.02   		   		
18182   			-3.54   		   		
18188   			-2.15   		   		
18193   			-2.67   		   		
18199   			-2.56   		   		
18205   			-2.44   		   		
18211   			-2.03   		   		
18216   			-2.27   		   		
18222   			-1.57   		   		
18228   			-1.97   		   		
18234   			-2.38   		   		
18239   			-2.27   		   		
18245   			-1.80   		   		
18251   			-1.57   		   		
18256   			-1.68   		   		
18262   			-1.57   		   		
18268   			-1.92   		   		
18274   			-1.68   		   		
18279   			-1.57   		   		
18285   			-1.80   		   		
18291   			-1.68   		   		
18297   			-1.72   		   		
18302   			-1.26   		   		
18308   			-1.43   		   		
18314   			-1.66   		   		
18319   			-1.55   		   		
18325   			-1.55   		   		
18331   			-1.90   		   		
18337   			-1.43   		   		
18342   			-2.24   		   		
18348   			-2.42   		   		
18354   			-1.63   		   		
18360   			-2.03   		   		
18365   			-2.09   		   		
18371   			-2.09   		   		
18377   			-2.03   		   		
18382   			-2.79   		   		
18388   			-2.90   		   		
18394   			-2.96   		   		
18400   			-2.50   		   		
18405   			-1.10   		   		
18411   			-1.37   		   		
18417   			-3.41   		   		
18422   			-1.78   		   		
18428   			-2.24   		   		
18434   			-1.20   		   		
18440   			-1.39   		   		
18445   			-1.92   		   		
18451   			-2.44   		   		
18457   			-2.21   		   		
18463   			-2.79   		   		
18468   			-2.24   		   		
18474   			-2.30   		   		
18480   			-4.34   		   		
18485   			-1.78   		   		
18491   			-1.78   		   		
18497   			-1.61   		   		
18503   			-2.36   		   		
18508   			-1.61   		   		
18514   			-2.30   		   		
18520   			-2.36   		   		
18526   			-2.96   		   		
18531   			-2.79   		   		
18537   			-2.32   		   		
18543   			-4.47   		   		
18548   			-2.96   		   		
18554   			-2.23   		   		
18560   			-2.69   		   		
18566   			-2.69   		   		
18571   			-3.04   		   		
18577   			-2.87   		   		
18583   			-2.30   		   		
18589   			-2.30   		   		
18594   			-2.30   		   		
18600   			-2.88   		   		
18606   			-2.01   		   		
18611   			-2.75   		   		
18617   			-2.98   		   		
18623   			-2.46   		   		
18629   			-2.75   		   		
18634   			-2.58   		   		
18640   			-1.80   		   		
18646   			-1.92   		   		
18652   			-2.56   		   		
18657   			-2.15   		   		
18663   			-2.09   		   		
18669   			-1.78   		   		
18674   			-2.07   		   		
18680   			-2.77   		   		
18686   			-1.78   		   		
18692   			-2.13   		   		
18697   			-1.74   		   		
18703   			-2.73   		   		
18709   			-2.03   		   		
18715   			-2.79   		   		
18720   			-1.51   		   		
18726   			-2.30   		   		
18732   			-1.72   		   		
18737   			-2.42   		   		
18743   			-2.48   		   		
18749   			-2.24   		   		
18755   			-2.67   		   		
18760   			-2.38   		   		
18766   			-2.61   		   		
18772   			-2.67   		   		
18778   			-2.61   		   		
18783   			-2.15   		   		
18789   			-1.68   		   		
18795   			-2.09   		   		
18800   			-1.97   		   		
18806   			-2.56   		   		
18812   			-3.12   		   		
18818   			-3.46   		   		
18823   			-3.23   		   		
18829   			-2.71   		   		
18835   			-3.41   		   		
18841   			-3.29   		   		
18846   			-2.65   		   		
18852   			-2.88   		   		
18858   			-3.23   		   		
18863   			-2.65   		   		
18869   			-3.14   		   		
18875   			-1.97   		   		
18881   			-2.32   		   		
18886   			-2.44   		   		
18892   			-2.32   		   		
18898   			-2.27   		   		
18904   			-2.67   		   		
18909   			-1.63   		   		
18915   			-2.03   		   		
18921   			-2.21   		   		
18926   			-2.52   		   		
18932   			-2.87   		   		
18938   			-2.52   		   		
18944   			-2.69   		   		
18949   			-2.98   		   		
18955   			-2.73   		   		
18961   			-1.68   		   		
18967   			-1.74   		   		
18972   			-2.96   		   		
18978   			-2.73   		   		
18984   			-3.54   		   		
18989   			-2.61   		   		
18995   			-2.90   		   		
19001   			-2.56   		   		
19007   			-2.61   		   		
19012   			-2.71   		   		
19018   			-1.72   		   		
19024   			-1.66   		   		
19030   			-1.95   		   		
19035   			-1.95   		   		
19041   			-2.44   		   		
19047   			-2.85   		   		
19052   			-2.73   		   		
19058   			-2.79   		   		
19064   			-3.08   		   		
19070   			-2.34   		   		
19075   			-2.00   		   		
19081   			-2.11   		   		
19087   			-3.91   		   		
19092   			-2.17   		   		
19098   			-2.15   		   		
19104   			-1.86   		   		
19110   			-2.61   		   		
19115   			-2.50   		   		
19121   			-3.31   		   		
19127   			-2.01   		   		
19133   			-2.48   		   		
19138   			-1.61   		   		
19144   			-0.74   		   		
19150   			-3.64   		   		
19155   			-1.82   		   		
19161   			-1.82   		   		
19167   			-2.46   		   		
19173   			-3.10   		   		
19178   			-2.23   		   		
19184   			-2.61   		   		
19190   			-1.92   		   		
19196   			-1.22   		   		
19201   			-2.61   		   		
19207   			-2.44   		   		
19213   			-3.39   		   		
19218   			-1.94   		   		
19224   			-2.23   		   		
19230   			-2.63   		   		
19236   			-2.11   		   		
19241   			-1.86   		   		
19247   			-1.63   		   		
19253   			-2.38   		   		
19259   			-2.15   		   		
19264   			-2.44   		   		
19270   			-2.13   		   		
19276   			-2.48   		   		
19281   			-2.07   		   		
19287   			-1.95   		   		
19293   			-2.19   		   		
19299   			-1.97   		   		
19304   			-1.97   		   		
19310   			-2.03   		   		
19316   			-1.86   		   		
19322   			-2.15   		   		
19327   			-2.07   		   		
19333   			-1.49   		   		
19339   			-1.20   		   		
19344   			-1.78   		   		
19350   			-2.07   		   		
19356   			-1.34   		   		
19362   			-2.56   		   		
19367   			-1.63   		   		
19373   			-2.38   		   		
19379   			-2.15   		   		
19385   			-2.29   		   		
19390   			-1.24   		   		
19396   			-2.17   		   		
19402   			-2.05   		   		
19407   			-2.58   		   		
19413   			-1.90   		   		
19419   			-1.43   		   		
19425   			-1.14   		   		
19430   			-1.49   		   		
19436   			-1.55   		   		
19442   			-1.74   		   		
19448   			-1.74   		   		
19453   			-1.92   		   		
19459   			-1.57   		   		
19465   			-0.99   		   		
19470   			-2.01   		   		
19476   			-1.03   		   		
19482   			-1.72   		   		
19488   			-1.49   		   		
19493   			-1.66   		   		
19499   			-2.15   		   		
19505   			-1.22   		   		
19511   			-2.38   		   		
19516   			-1.68   		   		
19522   			-1.74   		   		
19528   			-1.07   		   		
19533   			-1.82   		   		
19539   			-2.40   		   		
19545   			-2.17   		   		
19551   			-2.34   		   		
19556   			-2.05   		   		
19562   			-2.69   		   		
19568   			-2.57   		   		
19574   			-2.57   		   		
19579   			-3.15   		   		
19585   			-1.84   		   		
19591   			-1.95   		   		
19596   			-2.65   		   		
19602   			-1.55   		   		
19608   			-2.13   		   		
19614   			-1.51   		   		
19619   			-1.39   		   		
19625   			-1.74   		   		
19631   			-1.86   		   		
19637   			-2.44   		   		
19642   			-2.09   		   		
19648   			-2.32   		   		
19654   			-2.44   		   		
19659   			-1.97   		   		
19665   			-1.86   		   		
19671   			-2.44   		   		
19677   			-2.21   		   		
19682   			-2.44   		   		
19688   			-1.80   		   		
19694   			-1.28   		   		
19700   			-2.32   		   		
19705   			-2.32   		   		
19711   			-2.15   		   		
19717   			-2.03   		   		
19722   			-2.61   		   		
19728   			-2.65   		   		
19734   			-3.23   		   		
19740   			-2.01   		   		
19745   			-2.01   		   		
19751   			-1.95   		   		
19757   			-2.07   		   		
19763   			-2.53   		   		
19768   			-0.68   		   		
19774   			-2.13   		   		
19780   			-2.19   		   		
19785   			-2.05   		   		
19791   			-2.34   		   		
19797   			-2.58   		   		
19803   			-2.52   		   		
19808   			-1.71   		   		
19814   			-1.65   		   		
19820   			-1.88   		   		
19826   			-1.53   		   		
19831   			-1.76   		   		
19837   			-2.58   		   		
19843   			-2.03   		   		
19848   			-2.21   		   		
19854   			-1.80   		   		
19860   			-2.38   		   		
19866   			-2.90   		   		
19871   			-2.85   		   		
19877   			-2.03   		   		
19883   			-3.19   		   		
19888   			-2.32   		   		
19894   			-2.27   		   		
19900   			-2.19   		   		
19906   			-2.24   		   		
19911   			-1.90   		   		
19917   			-1.72   		   		
19923   			-2.94   		   		
19929   			-2.44   		   		
19934   			-2.56   		   		
19940   			-2.56   		   		
19946   			-3.08   		   		
19951   			-1.86   		   		
19957   			-2.90   		   		
19963   			-2.27   		   		
19969   			-2.67   		   		
19974   			-3.25   		   		
19980   			-3.14   		   		
19986   			-3.14   		   		
19992   			-3.02   		   		
19997   			-2.67   		   		
20003   			-1.97   		   		
20009   			-1.92   		   		
20014   			-2.53   		   		
20020   			-2.59   		   		
20026   			-2.42   		   		
20032   			-3.23   		   		
20037   			-2.53   		   		
20043   			-3.12   		   		
20049   			-2.30   		   		
20055   			-2.36   		   		
20060   			-2.53   		   		
20066   			-1.26   		   		
20072   			-2.58   		   		
20077   			-2.11   		   		
20083   			-2.46   		   		
20089   			-2.93   		   		
20095   			-2.81   		   		
20100   			-2.85   		   		
20106   			-1.39   		   		
20112   			-2.09   		   		
20118   			-2.27   		   		
20123   			-2.32   		   		
20129   			-1.34   		   		
20135   			-1.92   		   		
20140   			-1.16   		   		
20146   			-2.27   		   		
20152   			-2.79   		   		
20158   			-2.85   		   		
20163   			-2.32   		   		
20169   			-2.09   		   		
20175   			-2.61   		   		
20181   			-2.50   		   		
20186   			-2.21   		   		
20192   			-2.27   		   		
20198   			-2.32   		   		
20203   			-3.31   		   		
20209   			-2.03   		   		
20215   			-1.86   		   		
20221   			-1.97   		   		
20226   			-2.96   		   		
20232   			-2.90   		   		
20238   			-2.27   		   		
20244   			-1.44   		   		
20249   			-1.67   		   		
20255   			-1.67   		   		
20261   			-1.61   		   		
20266   			-2.02   		   		
20272   			-1.64   		   		
20278   			-1.58   		   		
20284   			-1.70   		   		
20289   			-2.17   		   		
20295   			-2.75   		   		
20301   			-3.76   		   		
20306   			-2.01   		   		
20312   			-2.48   		   		
20318   			-2.42   		   		
20324   			-2.19   		   		
20329   			-1.97   		   		
20335   			-1.68   		   		
20341   			-2.73   		   		
20347   			-2.44   		   		
20352   			-2.50   		   		
20358   			-3.29   		   		
20364   			-4.22   		   		
20369   			-2.94   		   		
20375   			-2.07   		   		
20381   			-1.78   		   		
20387   			-2.27   		   		
20392   			-2.50   		   		
20398   			-2.73   		   		
20404   			-2.73   		   		
20410   			-1.86   		   		
20415   			-2.71   		   		
20421   			-2.83   		   		
20427   			-4.51   		   		
20432   			-3.00   		   		
20438   			-1.84   		   		
20444   			-2.27   		   		
20450   			-2.21   		   		
20455   			-2.03   		   		
20461   			-2.67   		   		
20467   			-2.67   		   		
20473   			-3.02   		   		
20478   			-2.96   		   		
20484   			-3.25   		   		
20490   			-3.25   		   		
20495   			-2.73   		   		
20501   			-3.12   		   		
20507   			-3.06   		   		
20513   			-3.12   		   		
20518   			-3.06   		   		
20524   			-3.35   		   		
20530   			-3.12   		   		
20536   			-2.01   		   		
20541   			-3.81   		   		
20547   			-2.48   		   		
20553   			-1.95   		   		
20558   			-2.21   		   		
20564   			-2.27   		   		
20570   			-1.68   		   		
20576   			-2.32   		   		
20581   			-2.21   		   		
20587   			-2.44   		   		
20593   			-2.27   		   		
20599   			-2.15   		   		
20604   			-3.25   		   		
20610   			-3.08   		   		
20616   			-2.85   		   		
20621   			-3.08   		   		
20627   			-2.79   		   		
20633   			-2.85   		   		
20639   			-3.49   		   		
20644   			-2.27   		   		
20650   			-2.15   		   		
20656   			-1.63   		   		
20662   			-1.86   		   		
20667   			-1.39   		   		
20673   			-2.03   		   		
20679   			-2.09   		   		
20684   			-2.96   		   		
20690   			-1.80   		   		
20696   			-3.25   		   		
20702   			-2.58   		   		
20707   			-2.29   		   		
20713   			-2.40   		   		
20719   			-2.17   		   		
20725   			-2.58   		   		
20730   			-2.96   		   		
20736   			-2.56   		   		
20742   			-2.21   		   		
20747   			-2.61   		   		
20753   			-2.56   		   		
20759   			-2.84   		   		
20765   			-2.32   		   		
20770   			-2.38   		   		
20776   			-2.38   		   		
20782   			-3.95   		   		
20787   			-2.73   		   		
20793   			-3.19   		   		
20799   			-1.86   		   		
20805   			-2.56   		   		
20810   			-1.86   		   		
20816   			-2.36   		   		
20822   			-2.53   		   		
20828   			-2.24   		   		
20833   			-1.95   		   		
20839   			-2.07   		   		
20845   			-4.40   		   		
20850   			-2.07   		   		
20856   			-2.19   		   		
20862   			-2.36   		   		
20868   			-2.19   		   		
20873   			-2.01   		   		
20879   			-1.43   		   		
20885   			-1.66   		   		
20891   			-1.84   		   		
20896   			-1.90   		   		
20902   			-1.59   		   		
20908   			-3.39   		   		
20913   			-1.82   		   		
20919   			-1.71   		   		
20925   			-2.29   		   		
20931   			-2.03   		   		
20936   			-1.74   		   		
20942   			-1.86   		   		
20948   			-2.44   		   		
20954   			-2.21   		   		
20959   			-1.14   		   		
20965   			-1.78   		   		
20971   			-3.35   		   		
20976   			-2.42   		   		
20982   			-1.95   		   		
20988   			-2.21   		   		
20994   			-2.27   		   		
20999   			-2.61   		   		
21005   			-3.02   		   		
21011   			-2.67   		   		
21017   			-2.23   		   		
21022   			-1.24   		   		
21028   			-1.36   		   		
21034   			-1.65   		   		
21039   			-2.40   		   		
21045   			-1.34   		   		
21051   			-1.97   		   		
21057   			-1.74   		   		
21062   			-1.51   		   		
21068   			-1.86   		   		
21074   			-1.94   		   		
21080   			-1.76   		   		
21085   			-1.42   		   		
21091   			-1.30   		   		
21097   			-2.17   		   		
21102   			-1.10   		   		
21108   			-1.10   		   		
21114   			-1.51   		   		
21120   			-1.86   		   		
21125   			-1.39   		   		
21131   			-1.51   		   		
21137   			-1.10   		   		
21143   			-1.74   		   		
21148   			-1.63   		   		
21154   			-1.92   		   		
21160   			-2.01   		   		
21165   			-1.43   		   		
21171   			-0.91   		   		
21177   			-1.90   		   		
21183   			-1.90   		   		
21188   			-1.94   		   		
21194   			-1.88   		   		
21200   			-1.71   		   		
21206   			-2.05   		   		
21211   			-2.29   		   		
21217   			-1.66   		   		
21223   			-1.95   		   		
21228   			-2.36   		   		
21234   			-2.01   		   		
21240   			-1.55   		   		
21246   			-1.88   		   		
21251   			-1.24   		   		
21257   			-1.94   		   		
21263   			-1.36   		   		
21269   			-1.47   		   		
21274   			-0.93   		   		
21280   			-1.45   		   		
21286   			-1.57   		   		
21291   			-0.99   		   		
21297   			-1.22   		   		
21303   			-0.87   		   		
21309   			-1.16   		   		
21314   			-0.99   		   		
21320   			-1.28   		   		
21326   			-0.99   		   		
21332   			-0.58   		   		
21337   			-0.99   		   		
21343   			-1.22   		   		
21349   			-1.63   		   		
21354   			-2.03   		   		
21360   			-0.95   		   		
21366   			-1.36   		   		
21372   			-0.43   		   		
21377   			-0.08   		   		
21383   			-0.89   		   		
21389   			-0.70   		   		
21395   			-0.58   		   		
21400   			0.05   		   		
21406   			-1.22   		   		
21412   			-0.87   		   		
21417   			-0.84   		   		
21423   			-0.72   		   		
21429   			-0.66   		   		
21435   			-1.18   		   		
21440   			-1.13   		   		
21446   			-1.20   		   		
21452   			-0.21   		   		
21457   			-1.20   		   		
21463   			-1.03   		   		
21469   			-1.37   		   		
21475   			-1.42   		   		
21480   			-0.72   		   		
21486   			-1.18   		   		
21492   			-0.84   		   		
21498   			-1.76   		   		
21503   			-1.51   		   		
21509   			-1.34   		   		
21515   			-2.44   		   		
21520   			-1.74   		   		
21526   			-0.87   		   		
21532   			-1.51   		   		
21538   			-1.68   		   		
21543   			-1.51   		   		
21549   			-0.87   		   		
21555   			-1.39   		   		
21561   			-0.68   		   		
21566   			-1.20   		   		
21572   			-0.97   		   		
21578   			-0.74   		   		
21583   			-0.68   		   		
21589   			-1.10   		   		
21595   			-1.92   		   		
21601   			-1.51   		   		
21606   			-1.74   		   		
21612   			-1.68   		   		
21618   			-1.22   		   		
21624   			-1.05   		   		
21629   			-0.47   		   		
21635   			-0.53   		   		
21641   			-1.22   		   		
21646   			-1.55   		   		
21652   			-1.03   		   		
21658   			-1.08   		   		
21664   			-2.01   		   		
21669   			-1.95   		   		
21675   			-1.28   		   		
21681   			-1.05   		   		
21687   			-1.97   		   		
21692   			-1.74   		   		
21698   			-1.68   		   		
21704   			-1.63   		   		
21709   			-2.85   		   		
21715   			-1.68   		   		
21721   			-0.58   		   		
21727   			-1.22   		   		
21732   			-0.99   		   		
21738   			-1.39   		   		
21744   			-1.80   		   		
21750   			-1.63   		   		
21755   			-1.05   		   		
21761   			-1.06   		   		
21767   			-0.83   		   		
21772   			-2.11   		   		
21778   			-1.41   		   		
21784   			-1.76   		   		
21790   			-1.22   		   		
21795   			-1.16   		   		
21801   			-2.09   		   		
21807   			-1.74   		   		
21813   			-1.45   		   		
21818   			-1.08   		   		
21824   			-1.43   		   		
