Timestamp		Force Z		Comments
0   			-2.03   		   		
6   			-2.67   		   		
12   			-1.92   		   		
17   			-2.27   		   		
23   			-1.57   		   		
29   			-1.97   		   		
35   			-2.17   		   		
40   			-2.34   		   		
46   			-2.87   		   		
52   			-1.30   		   		
58   			-2.05   		   		
63   			-2.23   		   		
69   			-2.34   		   		
75   			-3.97   		   		
80   			-1.65   		   		
86   			-2.23   		   		
92   			-1.76   		   		
98   			-1.42   		   		
103   			-2.34   		   		
109   			-1.53   		   		
115   			-1.53   		   		
121   			-1.94   		   		
126   			-2.11   		   		
132   			-2.23   		   		
138   			-6.42   		   		
144   			-1.42   		   		
149   			-1.90   		   		
155   			-2.54   		   		
161   			-2.42   		   		
166   			-2.83   		   		
172   			-2.02   		   		
178   			-1.18   		   		
184   			-1.07   		   		
189   			-2.00   		   		
195   			-2.52   		   		
201   			-3.74   		   		
206   			-2.05   		   		
212   			-1.53   		   		
218   			-1.59   		   		
224   			-2.29   		   		
229   			-2.00   		   		
235   			-1.97   		   		
241   			-1.05   		   		
247   			-2.09   		   		
252   			-1.57   		   		
258   			-1.68   		   		
264   			-3.43   		   		
269   			-1.86   		   		
275   			-1.86   		   		
281   			-1.34   		   		
287   			-0.87   		   		
292   			-1.26   		   		
298   			-2.08   		   		
304   			-1.09   		   		
310   			-1.38   		   		
315   			-1.26   		   		
321   			-0.89   		   		
327   			-2.46   		   		
332   			-1.13   		   		
338   			-0.72   		   		
344   			-0.89   		   		
350   			-1.59   		   		
355   			-0.95   		   		
361   			-1.71   		   		
367   			-1.18   		   		
373   			-1.42   		   		
378   			-2.08   		   		
384   			-1.73   		   		
390   			-3.06   		   		
395   			-1.44   		   		
401   			-1.61   		   		
407   			-1.28   		   		
413   			-2.50   		   		
418   			-1.63   		   		
424   			-2.85   		   		
430   			-1.22   		   		
436   			-1.36   		   		
441   			-1.94   		   		
447   			-1.82   		   		
453   			-2.63   		   		
458   			-1.01   		   		
464   			-2.27   		   		
470   			-2.03   		   		
476   			-1.28   		   		
481   			-1.92   		   		
487   			-2.09   		   		
493   			-2.17   		   		
499   			-3.10   		   		
504   			-1.88   		   		
510   			-1.24   		   		
516   			-1.30   		   		
521   			-1.34   		   		
527   			-1.74   		   		
533   			-1.51   		   		
539   			-1.80   		   		
544   			-2.15   		   		
550   			-2.29   		   		
556   			-1.01   		   		
562   			-2.34   		   		
567   			-2.17   		   		
573   			-0.55   		   		
579   			-0.37   		   		
584   			-0.89   		   		
590   			-1.71   		   		
596   			-1.13   		   		
602   			-1.82   		   		
607   			-1.44   		   		
613   			-1.09   		   		
619   			-1.38   		   		
625   			-2.13   		   		
630   			-1.90   		   		
636   			-2.21   		   		
642   			-2.56   		   		
647   			-2.61   		   		
653   			-1.86   		   		
659   			-2.15   		   		
665   			-1.47   		   		
670   			-2.34   		   		
676   			-2.00   		   		
682   			-2.63   		   		
687   			-1.30   		   		
693   			-1.30   		   		
699   			-1.94   		   		
705   			-0.43   		   		
710   			-1.07   		   		
716   			-0.66   		   		
722   			-1.76   		   		
728   			-1.18   		   		
733   			-1.42   		   		
739   			-1.30   		   		
745   			-4.15   		   		
750   			-1.36   		   		
756   			-1.47   		   		
762   			-0.78   		   		
768   			-1.36   		   		
773   			-1.88   		   		
779   			-1.71   		   		
785   			-1.94   		   		
791   			-2.29   		   		
796   			-2.34   		   		
802   			-1.76   		   		
808   			-3.33   		   		
813   			-1.71   		   		
819   			-1.59   		   		
825   			-1.88   		   		
831   			-1.88   		   		
836   			-0.97   		   		
842   			-1.49   		   		
848   			-1.78   		   		
854   			-2.31   		   		
859   			-2.13   		   		
865   			-1.18   		   		
871   			-3.10   		   		
876   			-1.88   		   		
882   			-1.71   		   		
888   			-1.82   		   		
894   			-1.88   		   		
899   			-1.88   		   		
905   			-2.34   		   		
911   			-1.71   		   		
917   			-0.84   		   		
922   			-1.39   		   		
928   			-1.97   		   		
934   			-3.25   		   		
939   			-1.63   		   		
945   			-1.57   		   		
951   			-1.45   		   		
957   			-1.10   		   		
962   			-1.05   		   		
968   			-0.53   		   		
974   			-1.39   		   		
980   			-2.73   		   		
985   			-0.87   		   		
991   			-1.39   		   		
997   			-2.50   		   		
1002   			-1.92   		   		
1008   			-1.82   		   		
1014   			-2.05   		   		
1020   			-1.65   		   		
1025   			-1.47   		   		
1031   			-2.05   		   		
1037   			-1.53   		   		
1043   			-1.82   		   		
1048   			-1.76   		   		
1054   			-1.94   		   		
1060   			-2.17   		   		
1065   			-1.01   		   		
1071   			-1.76   		   		
1077   			-2.00   		   		
1083   			-2.23   		   		
1088   			-2.00   		   		
1094   			-2.11   		   		
1100   			-1.53   		   		
1106   			-1.36   		   		
1111   			-2.75   		   		
1117   			-1.76   		   		
1123   			-2.31   		   		
1128   			-1.20   		   		
1134   			-1.67   		   		
1140   			-1.96   		   		
1146   			-2.13   		   		
1151   			-0.95   		   		
1157   			-0.78   		   		
1163   			-1.76   		   		
1169   			-1.71   		   		
1174   			-2.58   		   		
1180   			-0.93   		   		
1186   			-1.28   		   		
1191   			-0.81   		   		
1197   			-0.87   		   		
1203   			-1.05   		   		
1209   			-1.03   		   		
1214   			-1.26   		   		
1220   			-1.20   		   		
1226   			-1.20   		   		
1232   			-1.09   		   		
1237   			-2.30   		   		
1243   			-2.65   		   		
1249   			-2.36   		   		
1254   			-1.43   		   		
1260   			-1.26   		   		
1266   			-0.78   		   		
1272   			-0.95   		   		
1277   			-1.76   		   		
1283   			-1.13   		   		
1289   			-1.65   		   		
1295   			-1.15   		   		
1300   			-2.13   		   		
1306   			-1.09   		   		
1312   			-1.90   		   		
1317   			-1.61   		   		
1323   			-1.97   		   		
1329   			-1.22   		   		
1335   			-1.97   		   		
1340   			-1.39   		   		
1346   			-0.81   		   		
1352   			-1.65   		   		
1358   			-1.53   		   		
1363   			-0.89   		   		
1369   			-2.40   		   		
1375   			-1.65   		   		
1380   			-2.93   		   		
1386   			-1.71   		   		
1392   			-1.94   		   		
1398   			-2.29   		   		
1403   			-1.24   		   		
1409   			-1.22   		   		
1415   			-1.51   		   		
1421   			-1.05   		   		
1426   			-1.86   		   		
1432   			-1.92   		   		
1438   			-2.27   		   		
1443   			-1.34   		   		
1449   			-1.92   		   		
1455   			-1.63   		   		
1461   			-2.32   		   		
1466   			-1.95   		   		
1472   			-1.95   		   		
1478   			-1.90   		   		
1484   			-2.77   		   		
1489   			-2.88   		   		
1495   			-2.65   		   		
1501   			-2.48   		   		
1506   			-3.23   		   		
1512   			-2.01   		   		
1518   			-2.88   		   		
1524   			-2.61   		   		
1529   			-2.67   		   		
1535   			-2.32   		   		
1541   			-2.03   		   		
1547   			-2.38   		   		
1552   			-2.05   		   		
1558   			-2.69   		   		
1564   			-2.52   		   		
1569   			-2.87   		   		
1575   			-2.75   		   		
1581   			-2.90   		   		
1587   			-2.73   		   		
1592   			-2.15   		   		
1598   			-3.60   		   		
1604   			-2.15   		   		
1610   			-1.76   		   		
1615   			-1.59   		   		
1621   			-1.53   		   		
1627   			-1.71   		   		
1632   			-1.42   		   		
1638   			-1.13   		   		
1644   			-1.01   		   		
1650   			-1.07   		   		
1655   			-1.94   		   		
1661   			-1.53   		   		
1667   			-3.54   		   		
1672   			-1.28   		   		
1678   			-1.05   		   		
1684   			-0.70   		   		
1690   			-1.80   		   		
1695   			-1.24   		   		
1701   			-1.65   		   		
1707   			-0.14   		   		
1713   			-0.14   		   		
1718   			-0.37   		   		
1724   			-0.70   		   		
1730   			-2.27   		   		
1735   			-1.34   		   		
1741   			-1.05   		   		
1747   			-0.87   		   		
1753   			-1.51   		   		
1758   			-1.51   		   		
1764   			-2.15   		   		
1770   			-1.74   		   		
1776   			-1.51   		   		
1781   			-0.70   		   		
1787   			-1.28   		   		
1793   			-3.83   		   		
1798   			-2.38   		   		
1804   			-1.74   		   		
1810   			-1.07   		   		
1816   			-1.07   		   		
1821   			-0.89   		   		
1827   			-1.01   		   		
1833   			-0.55   		   		
1839   			-0.95   		   		
1844   			-1.76   		   		
1850   			-0.89   		   		
1856   			-2.29   		   		
1861   			-0.20   		   		
1867   			0.63   		   		
1873   			-0.18   		   		
1879   			0.40   		   		
1884   			-0.06   		   		
1890   			0.00   		   		
1896   			-0.76   		   		
1902   			-1.05   		   		
1907   			-1.28   		   		
1913   			-0.41   		   		
1919   			-2.32   		   		
1924   			-0.43   		   		
1930   			-0.08   		   		
1936   			-0.37   		   		
1942   			-0.55   		   		
1947   			-0.26   		   		
1953   			-0.47   		   		
1959   			-1.05   		   		
1965   			-0.41   		   		
1970   			-0.53   		   		
1976   			-1.05   		   		
1982   			-0.39   		   		
1987   			0.07   		   		
1993   			-1.15   		   		
1999   			-0.68   		   		
2005   			-1.15   		   		
2010   			-0.31   		   		
2016   			-0.89   		   		
2022   			-1.01   		   		
2028   			-1.24   		   		
2033   			-1.13   		   		
2039   			-1.30   		   		
2045   			-0.89   		   		
2050   			-0.55   		   		
2056   			-0.78   		   		
2062   			-1.07   		   		
2068   			-1.47   		   		
2073   			-1.18   		   		
2079   			-1.47   		   		
2085   			-2.11   		   		
2091   			-1.76   		   		
2096   			-0.85   		   		
2102   			-0.79   		   		
2108   			-1.37   		   		
2113   			-0.85   		   		
2119   			-0.68   		   		
2125   			-0.86   		   		
2131   			-1.38   		   		
2136   			-0.74   		   		
2142   			-1.38   		   		
2148   			-0.91   		   		
2154   			-1.44   		   		
2159   			-1.49   		   		
2165   			-1.09   		   		
2171   			-0.05   		   		
2176   			-0.57   		   		
2182   			-0.87   		   		
2188   			-1.86   		   		
2194   			-1.92   		   		
2199   			-1.92   		   		
2205   			-0.81   		   		
2211   			-1.82   		   		
2217   			-1.88   		   		
2222   			-1.47   		   		
2228   			-1.47   		   		
2234   			-1.42   		   		
2239   			-1.05   		   		
2245   			-1.80   		   		
2251   			-2.27   		   		
2257   			-0.87   		   		
2262   			-1.05   		   		
2268   			-0.43   		   		
2274   			-1.13   		   		
2280   			-1.42   		   		
2285   			-1.59   		   		
2291   			-1.53   		   		
2297   			-1.78   		   		
2302   			-1.26   		   		
2308   			-1.44   		   		
2314   			-1.32   		   		
2320   			-0.74   		   		
2325   			-1.47   		   		
2331   			-1.71   		   		
2337   			-1.76   		   		
2343   			-1.94   		   		
2348   			-2.29   		   		
2354   			-2.52   		   		
2360   			-1.30   		   		
2365   			-1.82   		   		
2371   			-2.17   		   		
2377   			-2.05   		   		
2383   			-1.10   		   		
2388   			-1.16   		   		
2394   			-1.10   		   		
2400   			-1.10   		   		
2406   			-2.15   		   		
2411   			-2.09   		   		
2417   			-2.44   		   		
2423   			-2.50   		   		
2428   			-0.76   		   		
2434   			-0.99   		   		
2440   			-1.88   		   		
2446   			-1.47   		   		
2451   			-1.36   		   		
2457   			-1.94   		   		
2463   			-1.13   		   		
2468   			-1.59   		   		
2474   			-0.78   		   		
2480   			-0.66   		   		
2486   			-1.13   		   		
2491   			-1.18   		   		
2497   			-1.16   		   		
2503   			-1.22   		   		
2509   			-1.39   		   		
2514   			-2.03   		   		
2520   			-1.63   		   		
2526   			-1.82   		   		
2532   			-1.30   		   		
2537   			-1.36   		   		
2543   			-1.94   		   		
2549   			-1.65   		   		
2554   			-1.55   		   		
2560   			-1.03   		   		
2566   			-1.37   		   		
2572   			-0.74   		   		
2577   			-1.84   		   		
2583   			-1.39   		   		
2589   			-3.02   		   		
2594   			-1.34   		   		
2600   			-1.39   		   		
2606   			-0.53   		   		
2612   			-1.45   		   		
2617   			-0.81   		   		
2623   			-1.51   		   		
2629   			-0.64   		   		
2635   			-0.93   		   		
2640   			-1.13   		   		
2646   			-0.55   		   		
2652   			-3.33   		   		
2657   			-2.00   		   		
2663   			-1.94   		   		
2669   			-1.97   		   		
2675   			-1.92   		   		
2680   			-0.93   		   		
2686   			-1.39   		   		
2692   			-1.39   		   		
2698   			-0.66   		   		
2703   			-0.78   		   		
2709   			-1.13   		   		
2715   			-2.52   		   		
2720   			-1.07   		   		
2726   			-1.71   		   		
2732   			-2.05   		   		
2738   			-2.00   		   		
2743   			-1.07   		   		
2749   			-0.84   		   		
2755   			-1.57   		   		
2761   			-2.03   		   		
2766   			-1.51   		   		
2772   			-0.99   		   		
2778   			-1.34   		   		
2783   			-1.05   		   		
2789   			-1.68   		   		
2795   			-1.57   		   		
2801   			-2.44   		   		
2806   			-1.34   		   		
2812   			-1.73   		   		
2818   			-2.02   		   		
2824   			-1.20   		   		
2829   			-1.55   		   		
2835   			-1.20   		   		
2841   			-1.67   		   		
2846   			-2.95   		   		
2852   			-1.55   		   		
2858   			-1.55   		   		
2864   			-2.48   		   		
2869   			-2.17   		   		
2875   			-1.59   		   		
2881   			-2.05   		   		
2887   			-2.23   		   		
2892   			-2.52   		   		
2898   			-2.03   		   		
2904   			-1.68   		   		
2909   			-1.92   		   		
2915   			-1.74   		   		
2921   			-2.09   		   		
2927   			-2.17   		   		
2932   			-1.36   		   		
2938   			-1.47   		   		
2944   			-0.20   		   		
2950   			-1.47   		   		
2955   			-1.22   		   		
2961   			-1.10   		   		
2967   			-0.81   		   		
2972   			-1.05   		   		
2978   			-0.99   		   		
2984   			-1.63   		   		
2990   			-1.97   		   		
2995   			-1.51   		   		
3001   			-0.70   		   		
3007   			-1.34   		   		
3013   			-1.53   		   		
3018   			-1.18   		   		
3024   			-1.53   		   		
3030   			-2.11   		   		
3035   			-2.52   		   		
3041   			-2.46   		   		
3047   			-1.88   		   		
3053   			-1.24   		   		
3058   			-1.59   		   		
3064   			-1.47   		   		
3070   			-2.00   		   		
3076   			-1.13   		   		
3081   			-2.00   		   		
3087   			-1.36   		   		
3093   			-0.43   		   		
3098   			-1.22   		   		
3104   			-0.18   		   		
3110   			-1.51   		   		
3116   			-1.39   		   		
3121   			-2.09   		   		
3127   			-2.66   		   		
3133   			-3.00   		   		
3139   			-2.60   		   		
3144   			-2.66   		   		
3150   			-2.77   		   		
3156   			-2.32   		   		
3161   			-2.61   		   		
3167   			-2.90   		   		
3173   			-1.68   		   		
3179   			-1.80   		   		
3184   			-1.59   		   		
3190   			-2.00   		   		
3196   			-0.95   		   		
3202   			-1.94   		   		
3207   			-1.13   		   		
3213   			-1.45   		   		
3219   			-1.51   		   		
3224   			-1.97   		   		
3230   			-1.57   		   		
3236   			-2.85   		   		
3242   			-2.67   		   		
3247   			-2.15   		   		
3253   			-2.38   		   		
3259   			-2.15   		   		
3265   			-1.92   		   		
3270   			-1.84   		   		
3276   			-2.37   		   		
3282   			-1.78   		   		
3287   			-2.66   		   		
3293   			-1.55   		   		
3299   			-2.46   		   		
3305   			-2.29   		   		
3310   			-2.87   		   		
3316   			-3.51   		   		
3322   			-2.63   		   		
3327   			-2.32   		   		
3333   			-2.61   		   		
3339   			-2.15   		   		
3345   			-2.73   		   		
3350   			-3.02   		   		
3356   			-2.61   		   		
3362   			-2.56   		   		
3368   			-2.38   		   		
3373   			-1.68   		   		
3379   			-1.86   		   		
3385   			-3.74   		   		
3390   			-2.00   		   		
3396   			-1.18   		   		
3402   			-1.71   		   		
3408   			-1.88   		   		
3413   			-1.24   		   		
3419   			-1.47   		   		
3425   			-2.11   		   		
3431   			-1.13   		   		
3436   			-2.11   		   		
3442   			-1.30   		   		
3448   			-2.81   		   		
3453   			-1.65   		   		
3459   			-1.18   		   		
3465   			-1.30   		   		
3471   			-1.47   		   		
3476   			-1.24   		   		
3482   			-1.30   		   		
3488   			-1.36   		   		
3494   			-1.42   		   		
3499   			-2.23   		   		
3505   			-1.65   		   		
3511   			-3.97   		   		
3516   			-2.23   		   		
3522   			-2.23   		   		
3528   			-1.94   		   		
3534   			-2.00   		   		
3539   			-2.05   		   		
3545   			-2.11   		   		
3551   			-1.82   		   		
3557   			-1.88   		   		
3562   			-2.17   		   		
3568   			-1.01   		   		
3574   			-3.10   		   		
3579   			-2.00   		   		
3585   			-1.51   		   		
3591   			-2.27   		   		
3597   			-1.57   		   		
3602   			-1.80   		   		
3608   			-2.03   		   		
3614   			-2.40   		   		
3620   			-1.82   		   		
3625   			-1.42   		   		
3631   			-0.89   		   		
3637   			-0.95   		   		
3642   			-1.47   		   		
3648   			-0.89   		   		
3654   			-0.89   		   		
3660   			-1.30   		   		
3665   			-1.76   		   		
3671   			-1.18   		   		
3677   			-1.13   		   		
3683   			-1.36   		   		
3688   			-0.66   		   		
3694   			-0.89   		   		
3700   			-1.10   		   		
3705   			-1.80   		   		
3711   			-2.27   		   		
3717   			-2.09   		   		
3723   			-0.76   		   		
3728   			-1.34   		   		
3734   			-0.53   		   		
3740   			-1.39   		   		
3746   			-1.86   		   		
3751   			-0.64   		   		
3757   			-1.39   		   		
3763   			-0.41   		   		
3768   			-2.03   		   		
3774   			-2.03   		   		
3780   			-2.56   		   		
3786   			-2.03   		   		
3791   			-2.50   		   		
3797   			-2.73   		   		
3803   			-1.28   		   		
3809   			-0.93   		   		
3814   			-1.34   		   		
3820   			-1.63   		   		
3826   			-1.28   		   		
3831   			-2.03   		   		
3837   			-1.63   		   		
3843   			-1.65   		   		
3849   			-1.88   		   		
3854   			-1.42   		   		
3860   			-1.82   		   		
3866   			-0.78   		   		
3872   			-1.13   		   		
3877   			-1.07   		   		
3883   			-0.95   		   		
3889   			-1.47   		   		
3894   			-1.47   		   		
3900   			-0.95   		   		
3906   			-1.82   		   		
3912   			-1.94   		   		
3917   			-2.29   		   		
3923   			-1.18   		   		
3929   			-1.39   		   		
3935   			-0.93   		   		
3940   			-1.80   		   		
3946   			-1.63   		   		
3952   			-1.74   		   		
3957   			-2.87   		   		
3963   			-2.40   		   		
3969   			-2.05   		   		
3975   			-1.42   		   		
3980   			-1.36   		   		
3986   			-2.09   		   		
3992   			-1.22   		   		
3998   			-2.15   		   		
4003   			-0.93   		   		
4009   			-1.28   		   		
4015   			-0.34   		   		
4020   			-1.26   		   		
4026   			-0.63   		   		
4032   			-1.26   		   		
4038   			-0.91   		   		
4043   			-0.64   		   		
4049   			-0.99   		   		
4055   			-1.45   		   		
4061   			-1.97   		   		
4066   			-1.97   		   		
4072   			-1.71   		   		
4078   			-1.59   		   		
4083   			-1.65   		   		
4089   			-1.82   		   		
4095   			-1.30   		   		
4101   			-1.94   		   		
4106   			-1.94   		   		
4112   			-2.40   		   		
4118   			-1.76   		   		
4124   			-1.24   		   		
4129   			-1.65   		   		
4135   			-1.82   		   		
4141   			-1.71   		   		
4146   			-1.53   		   		
4152   			-2.05   		   		
4158   			-2.11   		   		
4164   			-1.18   		   		
4169   			-0.84   		   		
4175   			-1.13   		   		
4181   			-1.65   		   		
4187   			-1.47   		   		
4192   			-2.00   		   		
4198   			-1.42   		   		
4204   			-1.65   		   		
4209   			-1.18   		   		
4215   			-0.72   		   		
4221   			-0.72   		   		
4227   			-0.55   		   		
4232   			-1.42   		   		
4238   			-0.55   		   		
4244   			-0.84   		   		
4250   			-0.95   		   		
4255   			-0.72   		   		
4261   			-0.02   		   		
4267   			-1.18   		   		
4272   			-1.18   		   		
4278   			-1.30   		   		
4284   			-0.37   		   		
4290   			-0.49   		   		
4295   			-1.94   		   		
4301   			-2.21   		   		
4307   			-1.97   		   		
4313   			-1.68   		   		
4318   			-2.03   		   		
4324   			-1.74   		   		
4330   			-1.80   		   		
4335   			-2.61   		   		
4341   			-2.67   		   		
4347   			-1.92   		   		
4353   			-1.10   		   		
4358   			-1.59   		   		
4364   			-2.11   		   		
4370   			-1.59   		   		
4376   			-2.46   		   		
4381   			-2.05   		   		
4387   			-1.42   		   		
4393   			-2.40   		   		
4398   			-1.47   		   		
4404   			-1.82   		   		
4410   			-1.82   		   		
4416   			-0.99   		   		
4421   			-1.16   		   		
4427   			-1.97   		   		
4433   			-2.90   		   		
4439   			-2.32   		   		
4444   			-1.63   		   		
4450   			-1.92   		   		
4456   			-2.56   		   		
4461   			-2.85   		   		
4467   			-3.37   		   		
4473   			-3.68   		   		
4479   			-3.56   		   		
4484   			-3.51   		   		
4490   			-3.62   		   		
4496   			-2.81   		   		
4502   			-3.19   		   		
4507   			-2.50   		   		
4513   			-3.43   		   		
4519   			-1.97   		   		
4524   			-1.39   		   		
4530   			-1.94   		   		
4536   			-1.53   		   		
4542   			-2.81   		   		
4547   			-2.34   		   		
4553   			-1.71   		   		
4559   			-4.20   		   		
4564   			-1.47   		   		
4570   			-1.82   		   		
4576   			-2.34   		   		
4582   			-2.05   		   		
4587   			-2.67   		   		
4593   			-3.31   		   		
4599   			-1.63   		   		
4605   			-1.39   		   		
4610   			-0.47   		   		
4616   			-1.47   		   		
4622   			-3.86   		   		
4627   			-1.53   		   		
4633   			-1.65   		   		
4639   			-1.94   		   		
4645   			-1.94   		   		
4650   			-1.71   		   		
4656   			-1.30   		   		
4662   			-1.82   		   		
4668   			-2.63   		   		
4673   			-1.57   		   		
4679   			-2.15   		   		
4685   			-3.54   		   		
4690   			-2.50   		   		
4696   			-2.44   		   		
4702   			-1.53   		   		
4708   			-2.05   		   		
4713   			-0.78   		   		
4719   			-0.95   		   		
4725   			-1.18   		   		
4731   			-1.86   		   		
4736   			-1.51   		   		
4742   			-1.80   		   		
4748   			-3.66   		   		
4753   			-0.87   		   		
4759   			-1.53   		   		
4765   			-2.17   		   		
4771   			-0.14   		   		
4776   			-1.13   		   		
4782   			-0.95   		   		
4788   			-0.53   		   		
4794   			-0.41   		   		
4799   			-0.70   		   		
4805   			-1.92   		   		
4811   			-2.79   		   		
4816   			-1.18   		   		
4822   			-1.36   		   		
4828   			-1.24   		   		
4834   			-1.76   		   		
4839   			-1.59   		   		
4845   			-1.65   		   		
4851   			-0.78   		   		
4857   			-0.37   		   		
4862   			-0.84   		   		
4868   			0.26   		   		
4874   			-1.49   		   		
4879   			-0.34   		   		
4885   			-0.91   		   		
4891   			-0.51   		   		
4897   			0.30   		   		
4902   			0.52   		   		
4908   			0.98   		   		
4914   			0.86   		   		
4920   			1.15   		   		
4925   			0.81   		   		
4931   			0.34   		   		
4937   			0.17   		   		
4942   			0.98   		   		
4948   			0.40   		   		
4954   			0.69   		   		
4960   			0.73   		   		
4965   			1.31   		   		
4971   			0.26   		   		
4977   			0.79   		   		
4983   			0.79   		   		
4988   			0.98   		   		
4994   			1.91   		   		
5000   			1.73   		   		
5005   			1.50   		   		
5011   			0.86   		   		
5017   			1.17   		   		
5023   			1.70   		   		
5028   			1.12   		   		
5034   			1.29   		   		
5040   			1.81   		   		
5046   			1.94   		   		
5051   			3.16   		   		
5057   			2.58   		   		
5063   			2.00   		   		
5068   			2.98   		   		
5074   			1.85   		   		
5080   			2.31   		   		
5086   			2.48   		   		
5091   			1.33   		   		
5097   			1.85   		   		
5103   			1.81   		   		
5109   			1.92   		   		
5114   			2.44   		   		
5120   			2.21   		   		
5126   			2.67   		   		
5131   			2.48   		   		
5137   			1.44   		   		
5143   			2.71   		   		
5149   			2.60   		   		
5154   			3.23   		   		
5160   			2.37   		   		
5166   			1.79   		   		
5172   			2.71   		   		
5177   			2.31   		   		
5183   			1.73   		   		
5189   			2.14   		   		
5194   			2.19   		   		
5200   			2.08   		   		
5206   			2.60   		   		
5212   			2.02   		   		
5217   			2.89   		   		
5223   			2.25   		   		
5229   			2.25   		   		
5235   			2.43   		   		
5240   			2.77   		   		
5246   			1.96   		   		
5252   			2.48   		   		
5257   			2.60   		   		
5263   			2.71   		   		
5269   			3.06   		   		
5275   			3.56   		   		
5280   			3.96   		   		
5286   			3.79   		   		
5292   			3.67   		   		
5298   			2.98   		   		
5303   			3.29   		   		
5309   			3.29   		   		
5315   			2.83   		   		
5320   			3.70   		   		
5326   			4.10   		   		
5332   			2.89   		   		
5338   			2.31   		   		
5343   			3.70   		   		
5349   			3.87   		   		
5355   			3.87   		   		
5360   			3.46   		   		
5366   			3.29   		   		
5372   			2.60   		   		
5378   			2.71   		   		
5383   			3.52   		   		
5389   			3.64   		   		
5395   			4.27   		   		
5401   			4.04   		   		
5406   			4.10   		   		
5412   			3.98   		   		
5418   			2.75   		   		
5423   			4.31   		   		
5429   			4.02   		   		
5435   			4.25   		   		
5441   			4.25   		   		
5446   			4.08   		   		
5452   			4.08   		   		
5458   			4.31   		   		
5464   			4.14   		   		
5469   			4.25   		   		
5475   			4.48   		   		
5481   			3.21   		   		
5486   			4.88   		   		
5492   			4.71   		   		
5498   			4.19   		   		
5504   			4.92   		   		
5509   			4.75   		   		
5515   			4.98   		   		
5521   			5.27   		   		
5527   			4.40   		   		
5532   			4.50   		   		
5538   			4.96   		   		
5544   			5.42   		   		
5549   			5.48   		   		
5555   			6.40   		   		
5561   			5.75   		   		
5567   			6.32   		   		
5572   			5.40   		   		
5578   			5.98   		   		
5584   			5.35   		   		
5590   			4.88   		   		
5595   			4.31   		   		
5601   			4.54   		   		
5607   			4.54   		   		
5612   			5.23   		   		
5618   			5.00   		   		
5624   			5.52   		   		
5630   			5.81   		   		
5635   			5.75   		   		
5641   			5.12   		   		
5647   			5.12   		   		
5653   			5.40   		   		
5658   			5.86   		   		
5664   			6.04   		   		
5670   			5.98   		   		
5675   			6.44   		   		
5681   			6.55   		   		
5687   			6.44   		   		
5693   			6.44   		   		
5698   			5.75   		   		
5704   			5.37   		   		
5710   			6.17   		   		
5716   			6.23   		   		
5721   			6.52   		   		
5727   			6.29   		   		
5733   			6.23   		   		
5738   			5.83   		   		
5744   			5.77   		   		
5750   			6.40   		   		
5756   			7.09   		   		
5761   			6.67   		   		
5767   			5.98   		   		
5773   			6.38   		   		
5779   			6.96   		   		
5784   			6.50   		   		
5790   			6.86   		   		
5796   			6.23   		   		
5801   			7.03   		   		
5807   			5.88   		   		
5813   			7.44   		   		
5819   			7.70   		   		
5824   			7.42   		   		
5830   			7.24   		   		
5836   			6.61   		   		
5842   			7.30   		   		
5847   			6.61   		   		
5853   			7.13   		   		
5859   			7.19   		   		
5864   			7.70   		   		
5870   			7.70   		   		
5876   			7.76   		   		
5882   			8.22   		   		
5887   			7.70   		   		
5893   			7.47   		   		
5899   			6.55   		   		
5905   			6.34   		   		
5910   			7.15   		   		
5916   			6.69   		   		
5922   			6.63   		   		
5927   			6.69   		   		
5933   			6.86   		   		
5939   			7.72   		   		
5945   			8.36   		   		
5950   			8.18   		   		
5956   			8.07   		   		
5962   			8.13   		   		
5968   			7.32   		   		
5973   			8.24   		   		
5979   			8.13   		   		
5985   			8.99   		   		
5990   			8.84   		   		
5996   			7.86   		   		
6002   			7.97   		   		
6008   			8.32   		   		
6013   			8.09   		   		
6019   			8.05   		   		
6025   			8.22   		   		
6031   			8.16   		   		
6036   			7.88   		   		
6042   			8.74   		   		
6048   			9.88   		   		
6053   			9.08   		   		
6059   			8.85   		   		
6065   			8.85   		   		
6071   			8.74   		   		
6076   			7.99   		   		
6082   			8.68   		   		
6088   			7.82   		   		
6094   			8.51   		   		
6099   			8.05   		   		
6105   			8.97   		   		
6111   			8.97   		   		
6116   			8.85   		   		
6122   			9.42   		   		
6128   			8.85   		   		
6134   			8.81   		   		
6139   			8.75   		   		
6145   			8.46   		   		
6151   			8.12   		   		
6157   			8.81   		   		
6162   			8.01   		   		
6168   			8.07   		   		
6174   			8.41   		   		
6179   			8.41   		   		
6185   			8.36   		   		
6191   			8.81   		   		
6197   			8.53   		   		
6202   			7.84   		   		
6208   			7.61   		   		
6214   			5.48   		   		
6219   			8.30   		   		
6225   			7.67   		   		
6231   			7.84   		   		
6237   			8.36   		   		
6242   			8.13   		   		
6248   			7.93   		   		
6254   			7.53   		   		
6260   			7.76   		   		
6265   			8.22   		   		
6271   			7.76   		   		
6277   			5.86   		   		
6282   			8.79   		   		
6288   			8.05   		   		
6294   			8.97   		   		
6300   			8.51   		   		
6305   			8.45   		   		
6311   			8.16   		   		
6317   			8.05   		   		
6323   			8.39   		   		
6328   			8.16   		   		
6334   			8.13   		   		
6340   			6.11   		   		
6345   			8.24   		   		
6351   			8.47   		   		
6357   			7.84   		   		
6363   			8.28   		   		
6368   			8.45   		   		
6374   			7.36   		   		
6380   			7.76   		   		
6386   			7.70   		   		
6391   			7.70   		   		
6397   			7.93   		   		
6403   			6.21   		   		
6408   			8.51   		   		
6414   			7.59   		   		
6420   			8.13   		   		
6426   			7.21   		   		
6431   			8.41   		   		
6437   			8.07   		   		
6443   			7.78   		   		
6449   			8.10   		   		
6454   			8.28   		   		
6460   			7.88   		   		
6466   			6.44   		   		
6471   			7.07   		   		
6477   			7.62   		   		
6483   			6.42   		   		
6489   			6.65   		   		
6494   			7.05   		   		
6500   			7.51   		   		
6506   			8.10   		   		
6512   			8.16   		   		
6517   			7.70   		   		
6523   			7.93   		   		
6529   			6.04   		   		
6534   			7.55   		   		
6540   			8.07   		   		
6546   			8.07   		   		
6552   			8.36   		   		
6557   			8.47   		   		
6563   			8.16   		   		
6569   			7.88   		   		
6575   			7.93   		   		
6580   			8.16   		   		
6586   			7.65   		   		
6592   			5.98   		   		
6597   			8.10   		   		
6603   			8.45   		   		
6609   			8.62   		   		
6615   			8.68   		   		
6620   			8.91   		   		
6626   			8.28   		   		
6632   			8.22   		   		
6638   			7.70   		   		
6643   			6.96   		   		
6649   			7.88   		   		
6655   			6.15   		   		
6660   			8.45   		   		
6666   			7.82   		   		
6672   			8.85   		   		
6678   			8.03   		   		
6683   			8.37   		   		
6689   			8.14   		   		
6695   			6.99   		   		
6701   			7.34   		   		
6706   			7.59   		   		
6712   			7.24   		   		
6718   			8.45   		   		
6723   			7.42   		   		
6729   			7.53   		   		
6735   			8.49   		   		
6741   			8.72   		   		
6746   			8.95   		   		
6752   			9.01   		   		
6758   			8.03   		   		
6764   			7.65   		   		
6769   			7.70   		   		
6775   			8.16   		   		
6781   			7.99   		   		
6786   			8.56   		   		
6792   			8.56   		   		
6798   			8.56   		   		
6804   			8.16   		   		
6809   			8.28   		   		
6815   			8.28   		   		
6821   			8.16   		   		
6827   			8.45   		   		
6832   			7.88   		   		
6838   			7.82   		   		
6844   			9.19   		   		
6849   			7.82   		   		
6855   			7.82   		   		
6861   			7.88   		   		
6867   			7.24   		   		
6872   			7.88   		   		
6878   			8.45   		   		
6884   			8.51   		   		
6890   			8.51   		   		
6895   			8.22   		   		
6901   			9.14   		   		
6907   			7.86   		   		
6912   			7.74   		   		
6918   			7.57   		   		
6924   			8.66   		   		
6930   			8.72   		   		
6935   			8.79   		   		
6941   			8.10   		   		
6947   			8.45   		   		
6953   			7.65   		   		
6958   			8.68   		   		
6964   			8.01   		   		
6970   			7.78   		   		
6975   			7.61   		   		
6981   			7.72   		   		
6987   			8.58   		   		
6993   			8.01   		   		
6998   			8.18   		   		
7004   			7.49   		   		
7010   			7.90   		   		
7016   			9.10   		   		
7021   			8.28   		   		
7027   			8.74   		   		
7033   			8.91   		   		
7038   			8.39   		   		
7044   			8.56   		   		
7050   			9.33   		   		
7056   			9.67   		   		
7061   			8.70   		   		
7067   			7.72   		   		
7073   			8.41   		   		
7079   			9.48   		   		
7084   			9.02   		   		
7090   			9.54   		   		
7096   			8.62   		   		
7101   			9.02   		   		
7107   			8.58   		   		
7113   			8.58   		   		
7119   			8.18   		   		
7124   			8.24   		   		
7130   			8.24   		   		
7136   			8.76   		   		
7142   			8.13   		   		
7147   			8.13   		   		
7153   			8.58   		   		
7159   			8.18   		   		
7164   			7.76   		   		
7170   			7.82   		   		
7176   			8.39   		   		
7182   			8.62   		   		
7187   			8.45   		   		
7193   			7.93   		   		
7199   			8.39   		   		
7205   			9.25   		   		
7210   			8.97   		   		
7216   			7.53   		   		
7222   			8.33   		   		
7227   			8.10   		   		
7233   			7.13   		   		
7239   			7.76   		   		
7245   			7.88   		   		
7250   			8.30   		   		
7256   			8.41   		   		
7262   			6.40   		   		
7267   			8.18   		   		
7273   			7.15   		   		
7279   			8.24   		   		
7285   			8.70   		   		
7290   			8.18   		   		
7296   			7.95   		   		
7302   			8.24   		   		
7308   			8.68   		   		
7313   			8.16   		   		
7319   			8.05   		   		
7325   			5.69   		   		
7330   			8.45   		   		
7336   			8.16   		   		
7342   			8.91   		   		
7348   			8.39   		   		
7353   			7.42   		   		
7359   			8.33   		   		
7365   			8.01   		   		
7371   			8.36   		   		
7376   			8.58   		   		
7382   			8.18   		   		
7388   			8.07   		   		
7393   			8.53   		   		
7399   			8.30   		   		
7405   			8.53   		   		
7411   			8.07   		   		
7416   			8.64   		   		
7422   			7.42   		   		
7428   			7.53   		   		
7434   			7.99   		   		
7439   			8.85   		   		
7445   			9.25   		   		
7451   			8.70   		   		
7456   			8.64   		   		
7462   			8.30   		   		
7468   			8.30   		   		
7474   			9.04   		   		
7479   			8.33   		   		
7485   			8.33   		   		
7491   			8.39   		   		
7497   			8.56   		   		
7502   			8.51   		   		
7508   			7.95   		   		
7514   			9.44   		   		
7519   			8.53   		   		
7525   			8.36   		   		
7531   			9.10   		   		
7537   			8.89   		   		
7542   			8.54   		   		
7548   			9.12   		   		
7554   			8.60   		   		
7560   			8.26   		   		
7565   			9.62   		   		
7571   			9.50   		   		
7577   			8.58   		   		
7582   			7.95   		   		
7588   			9.10   		   		
7594   			8.68   		   		
7600   			9.02   		   		
7605   			9.02   		   		
7611   			9.25   		   		
7617   			8.97   		   		
7623   			8.47   		   		
7628   			8.93   		   		
7634   			8.70   		   		
7640   			8.70   		   		
7645   			8.41   		   		
7651   			8.01   		   		
7657   			8.18   		   		
7663   			8.81   		   		
7668   			8.76   		   		
7674   			8.70   		   		
7680   			8.14   		   		
7686   			8.08   		   		
7691   			9.12   		   		
7697   			8.60   		   		
7703   			8.20   		   		
7708   			9.22   		   		
7714   			8.87   		   		
7720   			8.41   		   		
7726   			9.22   		   		
7731   			9.27   		   		
7737   			8.79   		   		
7743   			8.39   		   		
7749   			7.99   		   		
7754   			8.91   		   		
7760   			8.39   		   		
7766   			8.56   		   		
7771   			9.02   		   		
7777   			9.31   		   		
7783   			8.62   		   		
7789   			9.08   		   		
7794   			9.44   		   		
7800   			9.04   		   		
7806   			9.62   		   		
7812   			8.47   		   		
7817   			8.01   		   		
7823   			8.66   		   		
7829   			8.66   		   		
7834   			8.26   		   		
7840   			8.14   		   		
7846   			8.77   		   		
7852   			8.81   		   		
7857   			8.99   		   		
7863   			9.16   		   		
7869   			8.93   		   		
7875   			8.13   		   		
7880   			8.36   		   		
7886   			8.47   		   		
7892   			9.56   		   		
7897   			9.27   		   		
7903   			9.56   		   		
7909   			8.97   		   		
7915   			9.19   		   		
7920   			9.88   		   		
7926   			8.85   		   		
7932   			9.14   		   		
7938   			9.02   		   		
7943   			9.25   		   		
7949   			8.56   		   		
7955   			8.85   		   		
7960   			8.79   		   		
7966   			9.19   		   		
7972   			8.74   		   		
7978   			9.14   		   		
7983   			8.97   		   		
7989   			9.02   		   		
7995   			7.47   		   		
8000   			8.10   		   		
8006   			7.82   		   		
8012   			8.97   		   		
8018   			7.59   		   		
8023   			8.18   		   		
8029   			8.30   		   		
8035   			7.95   		   		
8041   			8.30   		   		
8046   			8.81   		   		
8052   			8.74   		   		
8058   			8.85   		   		
8064   			7.99   		   		
8069   			7.76   		   		
8075   			8.97   		   		
8081   			8.22   		   		
8086   			8.85   		   		
8092   			8.51   		   		
8098   			8.16   		   		
8104   			8.33   		   		
8109   			8.10   		   		
8115   			8.51   		   		
8121   			6.73   		   		
8126   			8.10   		   		
8132   			8.33   		   		
8138   			8.56   		   		
8144   			8.05   		   		
8149   			8.45   		   		
8155   			7.70   		   		
8161   			7.76   		   		
8167   			8.07   		   		
8172   			7.95   		   		
8178   			7.95   		   		
8184   			8.81   		   		
8190   			8.18   		   		
8195   			8.70   		   		
8201   			7.95   		   		
8207   			9.04   		   		
8212   			7.72   		   		
8218   			8.07   		   		
8224   			8.07   		   		
8230   			9.10   		   		
8235   			8.76   		   		
8241   			7.95   		   		
8247   			8.18   		   		
8253   			8.01   		   		
8258   			7.78   		   		
8264   			8.18   		   		
8270   			8.41   		   		
8275   			8.36   		   		
8281   			8.68   		   		
8287   			8.33   		   		
8293   			8.62   		   		
8298   			8.91   		   		
8304   			9.25   		   		
8310   			8.28   		   		
8316   			8.68   		   		
8321   			9.25   		   		
8327   			8.68   		   		
8333   			7.99   		   		
8338   			7.99   		   		
8344   			7.82   		   		
8350   			7.70   		   		
8356   			8.10   		   		
8361   			8.74   		   		
8367   			8.13   		   		
8373   			5.94   		   		
8378   			8.53   		   		
8384   			8.24   		   		
8390   			8.07   		   		
8396   			7.99   		   		
8401   			7.53   		   		
8407   			7.59   		   		
8413   			6.96   		   		
8419   			7.24   		   		
8424   			8.10   		   		
8430   			8.45   		   		
8436   			6.61   		   		
8441   			8.39   		   		
8447   			7.88   		   		
8453   			7.72   		   		
8459   			8.47   		   		
8464   			7.90   		   		
8470   			7.67   		   		
8476   			8.41   		   		
8482   			8.76   		   		
8487   			8.01   		   		
8493   			7.84   		   		
8499   			7.78   		   		
8504   			8.01   		   		
8510   			7.99   		   		
8516   			7.76   		   		
8522   			7.76   		   		
8527   			7.82   		   		
8533   			7.19   		   		
8539   			7.07   		   		
8545   			7.07   		   		
8550   			7.36   		   		
8556   			7.88   		   		
8562   			7.70   		   		
8567   			7.32   		   		
8573   			8.24   		   		
8579   			8.01   		   		
8585   			8.18   		   		
8590   			7.55   		   		
8596   			8.16   		   		
8602   			7.53   		   		
8608   			7.47   		   		
8613   			7.93   		   		
8619   			8.62   		   		
8625   			6.92   		   		
8630   			7.15   		   		
8636   			7.78   		   		
8642   			7.38   		   		
8648   			7.32   		   		
8653   			7.65   		   		
8659   			8.05   		   		
8665   			7.53   		   		
8671   			8.45   		   		
8676   			8.05   		   		
8682   			7.84   		   		
8688   			8.64   		   		
8693   			8.53   		   		
8699   			8.53   		   		
8705   			8.18   		   		
8711   			8.10   		   		
8716   			7.65   		   		
8722   			7.47   		   		
8728   			7.47   		   		
8734   			8.39   		   		
8739   			7.90   		   		
8745   			7.09   		   		
8751   			7.95   		   		
8756   			7.84   		   		
8762   			6.57   		   		
8768   			7.01   		   		
8774   			7.53   		   		
8779   			8.16   		   		
8785   			8.05   		   		
8791   			8.10   		   		
8797   			8.70   		   		
8802   			8.53   		   		
8808   			7.67   		   		
8814   			7.49   		   		
8819   			8.01   		   		
8825   			7.03   		   		
8831   			7.21   		   		
8837   			8.01   		   		
8842   			8.93   		   		
8848   			7.90   		   		
8854   			8.41   		   		
8860   			8.24   		   		
8865   			8.30   		   		
8871   			7.84   		   		
8877   			8.58   		   		
8882   			8.13   		   		
8888   			8.36   		   		
8894   			8.13   		   		
8900   			8.07   		   		
8905   			9.62   		   		
8911   			8.47   		   		
8917   			9.10   		   		
8923   			8.53   		   		
8928   			9.22   		   		
8934   			8.58   		   		
8940   			7.95   		   		
8945   			8.41   		   		
8951   			8.81   		   		
8957   			8.24   		   		
8963   			7.95   		   		
8968   			8.56   		   		
8974   			7.93   		   		
8980   			9.60   		   		
8986   			9.08   		   		
8991   			9.94   		   		
8997   			8.30   		   		
9003   			7.90   		   		
9008   			7.95   		   		
9014   			7.95   		   		
9020   			7.49   		   		
9026   			7.55   		   		
9031   			7.67   		   		
9037   			8.01   		   		
9043   			8.24   		   		
9049   			8.76   		   		
9054   			8.84   		   		
9060   			9.24   		   		
9066   			8.66   		   		
9071   			8.66   		   		
9077   			8.38   		   		
9083   			8.45   		   		
9089   			8.05   		   		
9094   			8.10   		   		
9100   			7.42   		   		
9106   			8.39   		   		
9112   			8.10   		   		
9117   			8.45   		   		
9123   			7.93   		   		
9129   			6.67   		   		
9134   			7.24   		   		
9140   			7.29   		   		
9146   			8.03   		   		
9152   			8.55   		   		
9157   			7.69   		   		
9163   			7.97   		   		
9169   			7.30   		   		
9175   			9.08   		   		
9180   			8.10   		   		
9186   			7.93   		   		
9192   			8.16   		   		
9197   			8.64   		   		
9203   			8.13   		   		
9209   			8.53   		   		
9215   			7.84   		   		
9220   			8.30   		   		
9226   			7.90   		   		
9232   			8.47   		   		
9238   			8.30   		   		
9243   			8.93   		   		
9249   			9.50   		   		
9255   			9.19   		   		
9260   			8.68   		   		
9266   			8.91   		   		
9272   			8.16   		   		
9278   			8.39   		   		
9283   			8.07   		   		
9289   			8.87   		   		
9295   			8.13   		   		
9301   			8.58   		   		
9306   			9.39   		   		
9312   			8.30   		   		
9318   			7.90   		   		
9323   			7.61   		   		
9329   			7.61   		   		
9335   			7.90   		   		
9341   			8.24   		   		
9346   			7.03   		   		
9352   			7.72   		   		
9358   			7.49   		   		
9364   			7.26   		   		
9369   			7.72   		   		
9375   			8.01   		   		
9381   			7.67   		   		
9386   			7.38   		   		
9392   			7.03   		   		
9398   			6.75   		   		
9404   			7.78   		   		
9409   			7.78   		   		
9415   			7.84   		   		
9421   			7.61   		   		
9427   			7.93   		   		
9432   			6.96   		   		
9438   			6.96   		   		
9444   			6.78   		   		
9449   			6.78   		   		
9455   			7.32   		   		
9461   			7.67   		   		
9467   			7.03   		   		
9472   			7.44   		   		
9478   			7.90   		   		
9484   			7.49   		   		
9490   			7.78   		   		
9495   			7.26   		   		
9501   			7.49   		   		
9507   			7.90   		   		
9512   			8.37   		   		
9518   			7.97   		   		
9524   			8.31   		   		
9530   			7.57   		   		
9535   			8.03   		   		
9541   			7.72   		   		
9547   			8.13   		   		
9553   			8.18   		   		
9558   			8.13   		   		
9564   			7.72   		   		
9570   			8.56   		   		
9575   			8.33   		   		
9581   			8.68   		   		
9587   			8.45   		   		
9593   			8.45   		   		
9598   			8.26   		   		
9604   			7.80   		   		
9610   			6.42   		   		
9616   			7.68   		   		
9621   			8.03   		   		
9627   			7.95   		   		
9633   			8.36   		   		
9638   			7.84   		   		
9644   			8.01   		   		
9650   			8.64   		   		
9656   			7.63   		   		
9661   			8.26   		   		
9667   			8.15   		   		
9673   			6.42   		   		
9679   			8.03   		   		
9684   			8.24   		   		
9690   			7.95   		   		
9696   			8.58   		   		
9701   			7.95   		   		
9707   			8.70   		   		
9713   			7.92   		   		
9719   			8.03   		   		
9724   			7.80   		   		
9730   			8.61   		   		
9736   			6.31   		   		
9741   			8.03   		   		
9747   			7.57   		   		
9753   			7.62   		   		
9759   			7.62   		   		
9764   			7.91   		   		
9770   			7.44   		   		
9776   			7.09   		   		
9782   			7.67   		   		
9787   			8.07   		   		
9793   			7.84   		   		
9799   			7.61   		   		
9804   			7.84   		   		
9810   			8.70   		   		
9816   			7.55   		   		
9822   			7.38   		   		
9827   			8.24   		   		
9833   			8.81   		   		
9839   			8.36   		   		
9845   			6.98   		   		
9850   			7.09   		   		
9856   			7.09   		   		
9862   			6.00   		   		
9867   			7.72   		   		
9873   			7.78   		   		
9879   			7.67   		   		
9885   			7.15   		   		
9890   			7.09   		   		
9896   			7.78   		   		
9902   			7.84   		   		
9908   			7.09   		   		
9913   			7.45   		   		
9919   			7.39   		   		
9925   			7.62   		   		
9930   			5.96   		   		
9936   			6.36   		   		
9942   			7.24   		   		
9948   			8.16   		   		
9953   			7.65   		   		
9959   			7.19   		   		
9965   			7.36   		   		
9971   			6.94   		   		
9976   			5.78   		   		
9982   			7.11   		   		
9988   			8.03   		   		
9993   			7.16   		   		
9999   			7.42   		   		
10005   			8.39   		   		
10011   			7.70   		   		
10016   			6.67   		   		
10022   			7.70   		   		
10028   			7.70   		   		
10034   			6.90   		   		
10039   			7.42   		   		
10045   			7.76   		   		
10051   			6.50   		   		
10056   			6.38   		   		
10062   			7.24   		   		
10068   			7.70   		   		
10074   			7.30   		   		
10079   			6.67   		   		
10085   			6.86   		   		
10091   			6.92   		   		
10097   			6.80   		   		
10102   			6.86   		   		
10108   			7.32   		   		
10114   			6.44   		   		
10119   			6.67   		   		
10125   			7.30   		   		
10131   			5.52   		   		
10137   			6.32   		   		
10142   			6.61   		   		
10148   			6.15   		   		
10154   			6.09   		   		
10160   			6.15   		   		
10165   			7.01   		   		
10171   			7.13   		   		
10177   			6.90   		   		
10182   			6.67   		   		
10188   			6.32   		   		
10194   			6.78   		   		
10200   			6.75   		   		
10205   			7.15   		   		
10211   			6.40   		   		
10217   			5.31   		   		
10222   			6.17   		   		
10228   			6.98   		   		
10234   			5.94   		   		
10240   			7.15   		   		
10245   			6.29   		   		
10251   			6.06   		   		
10257   			7.22   		   		
10263   			6.76   		   		
10268   			5.67   		   		
10274   			6.88   		   		
10280   			5.15   		   		
10285   			6.50   		   		
10291   			6.78   		   		
10297   			6.61   		   		
10303   			6.73   		   		
10308   			6.50   		   		
10314   			7.29   		   		
10320   			7.06   		   		
10326   			7.00   		   		
10331   			7.40   		   		
10337   			6.71   		   		
10343   			7.01   		   		
10348   			7.01   		   		
10354   			7.07   		   		
10360   			6.61   		   		
10366   			7.42   		   		
10371   			7.30   		   		
10377   			7.30   		   		
10383   			7.01   		   		
10389   			6.73   		   		
10394   			6.55   		   		
10400   			6.90   		   		
10406   			7.53   		   		
10411   			7.76   		   		
10417   			7.59   		   		
10423   			7.65   		   		
10429   			7.65   		   		
10434   			7.76   		   		
10440   			7.82   		   		
10446   			7.59   		   		
10452   			8.05   		   		
10457   			7.30   		   		
10463   			7.99   		   		
10469   			7.42   		   		
10474   			7.65   		   		
10480   			8.51   		   		
10486   			7.49   		   		
10492   			7.03   		   		
10497   			7.78   		   		
10503   			7.78   		   		
10509   			7.15   		   		
10515   			7.19   		   		
10520   			7.19   		   		
10526   			7.24   		   		
10532   			8.33   		   		
10537   			7.07   		   		
10543   			7.74   		   		
10549   			8.09   		   		
10555   			8.09   		   		
10560   			7.63   		   		
10566   			7.46   		   		
10572   			7.90   		   		
10578   			7.49   		   		
10583   			7.95   		   		
10589   			7.95   		   		
10595   			7.61   		   		
10600   			8.03   		   		
10606   			7.68   		   		
10612   			6.99   		   		
10618   			7.22   		   		
10623   			8.20   		   		
10629   			8.01   		   		
10635   			7.90   		   		
10641   			8.41   		   		
10646   			7.44   		   		
10652   			7.72   		   		
10658   			7.72   		   		
10663   			8.01   		   		
10669   			8.18   		   		
10675   			7.90   		   		
10681   			7.21   		   		
10686   			7.38   		   		
10692   			7.61   		   		
10698   			8.53   		   		
10704   			7.32   		   		
10709   			7.44   		   		
10715   			8.07   		   		
10721   			8.07   		   		
10726   			5.94   		   		
10732   			7.09   		   		
10738   			6.69   		   		
10744   			6.90   		   		
10749   			6.78   		   		
10755   			6.04   		   		
10761   			6.67   		   		
10767   			6.67   		   		
10772   			5.83   		   		
10778   			6.75   		   		
10784   			7.09   		   		
10789   			7.38   		   		
10795   			6.69   		   		
10801   			6.98   		   		
10807   			6.80   		   		
10812   			7.55   		   		
10818   			7.44   		   		
10824   			7.78   		   		
10829   			7.03   		   		
10835   			7.09   		   		
10841   			6.86   		   		
10847   			6.57   		   		
10852   			6.57   		   		
10858   			6.52   		   		
10864   			6.92   		   		
10870   			7.32   		   		
10875   			7.38   		   		
10881   			6.86   		   		
10887   			5.29   		   		
10892   			7.42   		   		
10898   			7.59   		   		
10904   			7.47   		   		
10910   			7.53   		   		
10915   			6.88   		   		
10921   			7.22   		   		
10927   			6.65   		   		
10933   			7.28   		   		
10938   			7.34   		   		
10944   			6.52   		   		
10950   			6.40   		   		
10955   			8.18   		   		
10961   			7.38   		   		
10967   			7.44   		   		
10973   			6.75   		   		
10978   			6.69   		   		
10984   			7.49   		   		
10990   			7.26   		   		
10996   			7.72   		   		
11001   			6.78   		   		
11007   			7.07   		   		
11013   			7.59   		   		
11018   			6.84   		   		
11024   			6.73   		   		
11030   			7.01   		   		
11036   			7.13   		   		
11041   			7.30   		   		
11047   			8.16   		   		
11053   			8.33   		   		
11059   			8.18   		   		
11064   			8.24   		   		
11070   			7.95   		   		
11076   			7.84   		   		
11081   			8.47   		   		
11087   			7.76   		   		
11093   			8.22   		   		
11099   			7.42   		   		
11104   			7.13   		   		
11110   			7.88   		   		
11116   			8.16   		   		
11122   			8.05   		   		
11127   			7.30   		   		
11133   			8.68   		   		
11139   			9.25   		   		
11144   			8.94   		   		
11150   			7.97   		   		
11156   			9.17   		   		
11162   			8.03   		   		
11167   			8.66   		   		
11173   			8.61   		   		
11179   			9.01   		   		
11185   			8.89   		   		
11190   			9.24   		   		
11196   			8.84   		   		
11202   			8.10   		   		
11207   			8.05   		   		
11213   			7.76   		   		
11219   			7.65   		   		
11225   			7.70   		   		
11230   			7.72   		   		
11236   			8.53   		   		
11242   			9.44   		   		
11248   			8.30   		   		
11253   			8.36   		   		
11259   			8.33   		   		
11265   			8.91   		   		
11270   			8.22   		   		
11276   			7.93   		   		
11282   			8.10   		   		
11288   			7.84   		   		
11293   			8.70   		   		
11299   			7.78   		   		
11305   			7.61   		   		
11311   			7.78   		   		
11316   			7.82   		   		
11322   			7.53   		   		
11328   			7.19   		   		
11333   			7.99   		   		
11339   			7.93   		   		
11345   			7.74   		   		
11351   			7.97   		   		
11356   			7.97   		   		
11362   			7.97   		   		
11368   			7.28   		   		
11374   			7.82   		   		
11379   			7.59   		   		
11385   			7.70   		   		
11391   			8.22   		   		
11396   			8.56   		   		
11402   			7.84   		   		
11408   			7.61   		   		
11414   			7.61   		   		
11419   			8.30   		   		
11425   			7.78   		   		
11431   			7.88   		   		
11437   			7.42   		   		
11442   			7.59   		   		
11448   			7.99   		   		
11454   			6.61   		   		
11459   			7.30   		   		
11465   			7.70   		   		
11471   			7.36   		   		
11477   			7.30   		   		
11482   			7.24   		   		
11488   			7.59   		   		
11494   			7.88   		   		
11500   			8.10   		   		
11505   			8.33   		   		
11511   			8.39   		   		
11517   			9.16   		   		
11522   			8.41   		   		
11528   			8.41   		   		
11534   			7.67   		   		
11540   			8.30   		   		
11545   			7.99   		   		
11551   			8.22   		   		
11557   			9.48   		   		
11563   			8.74   		   		
11568   			7.65   		   		
11574   			8.28   		   		
11580   			8.39   		   		
11585   			8.10   		   		
11591   			9.02   		   		
11597   			7.82   		   		
11603   			7.61   		   		
11608   			7.55   		   		
11614   			7.61   		   		
11620   			8.13   		   		
11626   			8.13   		   		
11631   			7.88   		   		
11637   			7.93   		   		
11643   			7.30   		   		
11648   			7.76   		   		
11654   			8.16   		   		
11660   			8.07   		   		
11666   			8.01   		   		
11671   			7.95   		   		
11677   			7.72   		   		
11683   			6.92   		   		
11688   			6.90   		   		
11694   			7.24   		   		
11700   			6.78   		   		
11706   			6.55   		   		
11711   			6.90   		   		
11717   			7.07   		   		
11723   			7.13   		   		
11729   			6.67   		   		
11734   			6.61   		   		
11740   			7.19   		   		
11746   			8.33   		   		
11751   			7.01   		   		
11757   			6.32   		   		
11763   			5.86   		   		
11769   			6.21   		   		
11774   			5.92   		   		
11780   			6.50   		   		
11786   			7.53   		   		
11792   			6.67   		   		
11797   			7.70   		   		
11803   			7.42   		   		
11809   			5.75   		   		
11814   			7.36   		   		
11820   			6.09   		   		
11826   			6.27   		   		
11832   			5.55   		   		
11837   			6.36   		   		
11843   			6.36   		   		
11849   			6.82   		   		
11855   			6.42   		   		
11860   			6.04   		   		
11866   			6.61   		   		
11872   			4.88   		   		
11877   			5.81   		   		
11883   			5.58   		   		
11889   			6.42   		   		
11895   			6.94   		   		
11900   			6.65   		   		
11906   			6.83   		   		
11912   			7.17   		   		
11918   			8.26   		   		
11923   			7.92   		   		
11929   			7.46   		   		
11935   			5.91   		   		
11940   			7.69   		   		
11946   			7.30   		   		
11952   			7.65   		   		
11958   			7.65   		   		
11963   			6.55   		   		
11969   			7.36   		   		
11975   			7.65   		   		
11981   			7.88   		   		
11986   			7.24   		   		
11992   			7.59   		   		
11998   			6.96   		   		
12003   			7.70   		   		
12009   			7.93   		   		
12015   			7.24   		   		
12021   			7.24   		   		
12026   			8.10   		   		
12032   			7.74   		   		
12038   			7.34   		   		
12044   			7.06   		   		
12049   			7.23   		   		
12055   			7.63   		   		
12061   			7.76   		   		
12066   			7.36   		   		
12072   			7.42   		   		
12078   			7.24   		   		
12084   			8.10   		   		
12089   			6.69   		   		
12095   			5.88   		   		
12101   			6.29   		   		
12107   			6.23   		   		
12112   			6.86   		   		
12118   			6.88   		   		
12124   			6.71   		   		
12129   			6.94   		   		
12135   			6.83   		   		
12141   			7.46   		   		
12147   			6.90   		   		
12152   			7.30   		   		
12158   			7.93   		   		
12164   			7.13   		   		
12170   			6.84   		   		
12175   			6.96   		   		
12181   			6.96   		   		
12187   			7.59   		   		
12192   			7.19   		   		
12198   			7.13   		   		
12204   			6.55   		   		
12210   			7.07   		   		
12215   			7.30   		   		
12221   			6.84   		   		
12227   			6.67   		   		
12233   			6.48   		   		
12238   			6.88   		   		
12244   			6.65   		   		
12250   			6.48   		   		
12255   			6.94   		   		
12261   			6.42   		   		
12267   			7.51   		   		
12273   			6.88   		   		
12278   			6.59   		   		
12284   			7.05   		   		
12290   			6.44   		   		
12296   			6.90   		   		
12301   			6.32   		   		
12307   			6.67   		   		
12313   			6.61   		   		
12318   			6.61   		   		
12324   			7.13   		   		
12330   			6.38   		   		
12336   			7.24   		   		
12341   			7.53   		   		
12347   			6.86   		   		
12353   			6.98   		   		
12359   			6.86   		   		
12364   			6.98   		   		
12370   			6.98   		   		
12376   			7.03   		   		
12381   			6.57   		   		
12387   			6.40   		   		
12393   			7.38   		   		
12399   			6.29   		   		
12404   			6.54   		   		
12410   			7.57   		   		
12416   			7.80   		   		
12422   			7.52   		   		
12427   			7.40   		   		
12433   			8.01   		   		
12439   			7.09   		   		
12444   			7.21   		   		
12450   			7.21   		   		
12456   			7.21   		   		
12462   			6.86   		   		
12467   			7.21   		   		
12473   			6.98   		   		
12479   			7.21   		   		
12485   			6.34   		   		
12490   			6.23   		   		
12496   			6.40   		   		
12502   			6.29   		   		
12507   			6.29   		   		
12513   			5.94   		   		
12519   			5.75   		   		
12525   			6.96   		   		
12530   			6.09   		   		
12536   			5.69   		   		
12542   			6.44   		   		
12548   			5.77   		   		
12553   			6.92   		   		
12559   			6.29   		   		
12565   			6.75   		   		
12570   			6.92   		   		
12576   			6.38   		   		
12582   			7.82   		   		
12588   			7.30   		   		
12593   			7.36   		   		
12599   			6.96   		   		
12605   			7.72   		   		
12611   			7.78   		   		
12616   			6.69   		   		
12622   			7.21   		   		
12628   			7.67   		   		
12633   			8.01   		   		
12639   			6.40   		   		
12645   			6.29   		   		
12651   			6.69   		   		
12656   			6.06   		   		
12662   			6.34   		   		
12668   			6.69   		   		
12674   			6.11   		   		
12679   			5.94   		   		
12685   			6.06   		   		
12691   			6.69   		   		
12696   			7.32   		   		
12702   			6.34   		   		
12708   			7.03   		   		
12714   			6.34   		   		
12719   			5.77   		   		
12725   			7.26   		   		
12731   			7.32   		   		
12737   			7.09   		   		
12742   			6.34   		   		
12748   			6.40   		   		
12754   			6.06   		   		
12759   			6.46   		   		
12765   			6.92   		   		
12771   			6.69   		   		
12777   			6.80   		   		
12782   			5.88   		   		
12788   			6.63   		   		
12794   			4.50   		   		
12799   			6.98   		   		
12805   			6.17   		   		
12811   			6.69   		   		
12817   			6.57   		   		
12822   			6.75   		   		
12828   			5.54   		   		
12834   			6.00   		   		
12840   			6.06   		   		
12845   			6.00   		   		
12851   			7.03   		   		
12857   			4.96   		   		
12862   			6.23   		   		
12868   			6.11   		   		
12874   			6.69   		   		
12880   			6.63   		   		
12885   			7.09   		   		
12891   			6.40   		   		
12897   			6.00   		   		
12903   			6.92   		   		
12908   			7.09   		   		
12914   			6.23   		   		
12920   			4.50   		   		
12925   			6.98   		   		
12931   			6.52   		   		
12937   			7.38   		   		
12943   			6.17   		   		
12948   			6.23   		   		
12954   			7.09   		   		
12960   			6.92   		   		
12966   			6.11   		   		
12971   			5.94   		   		
12977   			6.00   		   		
12983   			6.69   		   		
12988   			6.75   		   		
12994   			6.86   		   		
13000   			7.26   		   		
13006   			6.98   		   		
13011   			6.86   		   		
13017   			6.06   		   		
13023   			6.57   		   		
13029   			6.80   		   		
13034   			6.88   		   		
13040   			7.34   		   		
13046   			6.53   		   		
13051   			6.65   		   		
13057   			7.28   		   		
13063   			6.63   		   		
13069   			7.72   		   		
13074   			6.98   		   		
13080   			7.26   		   		
13086   			6.63   		   		
13092   			6.27   		   		
13097   			5.86   		   		
13103   			6.96   		   		
13109   			6.27   		   		
13114   			6.78   		   		
13120   			6.57   		   		
13126   			6.98   		   		
13132   			7.09   		   		
13137   			6.63   		   		
13143   			6.69   		   		
13149   			5.83   		   		
13155   			6.75   		   		
13160   			6.29   		   		
13166   			6.52   		   		
13172   			6.06   		   		
13177   			5.60   		   		
13183   			5.88   		   		
13189   			6.92   		   		
13195   			6.11   		   		
13200   			6.75   		   		
13206   			6.92   		   		
13212   			6.98   		   		
13218   			6.46   		   		
13223   			6.40   		   		
13229   			5.94   		   		
13235   			6.75   		   		
13240   			6.34   		   		
13246   			6.06   		   		
13252   			6.29   		   		
13258   			7.15   		   		
13263   			6.57   		   		
13269   			6.34   		   		
13275   			6.80   		   		
13281   			6.29   		   		
13286   			6.46   		   		
13292   			6.17   		   		
13298   			6.11   		   		
13303   			5.88   		   		
13309   			6.46   		   		
13315   			6.75   		   		
13321   			6.80   		   		
13326   			7.09   		   		
13332   			7.03   		   		
13338   			7.44   		   		
13344   			6.11   		   		
13349   			6.17   		   		
13355   			6.17   		   		
13361   			5.54   		   		
13366   			5.54   		   		
13372   			6.00   		   		
13378   			6.61   		   		
13384   			6.04   		   		
13389   			6.21   		   		
13395   			6.27   		   		
13401   			4.19   		   		
13406   			6.44   		   		
13412   			5.86   		   		
13418   			5.52   		   		
13424   			5.40   		   		
13429   			5.69   		   		
13435   			5.88   		   		
13441   			5.94   		   		
13447   			6.11   		   		
13452   			6.00   		   		
13458   			6.23   		   		
13464   			3.71   		   		
13469   			5.32   		   		
13475   			5.32   		   		
13481   			5.78   		   		
13487   			6.02   		   		
13492   			5.81   		   		
13498   			6.09   		   		
13504   			6.15   		   		
13510   			6.32   		   		
13515   			7.36   		   		
13521   			7.53   		   		
13527   			7.47   		   		
13532   			6.61   		   		
13538   			5.58   		   		
13544   			6.44   		   		
13550   			6.55   		   		
13555   			7.30   		   		
13561   			6.50   		   		
13567   			7.65   		   		
13573   			6.61   		   		
13578   			6.40   		   		
13584   			5.88   		   		
13590   			6.69   		   		
13595   			6.00   		   		
13601   			7.38   		   		
13607   			6.90   		   		
13613   			6.27   		   		
13618   			6.27   		   		
13624   			6.16   		   		
13630   			6.62   		   		
13636   			6.55   		   		
13641   			7.01   		   		
13647   			6.61   		   		
13653   			7.36   		   		
13658   			6.73   		   		
13664   			6.69   		   		
13670   			6.63   		   		
13676   			7.55   		   		
13681   			6.23   		   		
13687   			6.92   		   		
13693   			7.15   		   		
13699   			6.75   		   		
13704   			6.98   		   		
13710   			7.15   		   		
13716   			7.26   		   		
13721   			7.01   		   		
13727   			6.96   		   		
13733   			7.88   		   		
13739   			7.42   		   		
13744   			6.96   		   		
13750   			7.32   		   		
13756   			7.26   		   		
13762   			7.03   		   		
13767   			8.07   		   		
13773   			7.95   		   		
13779   			7.52   		   		
13784   			7.17   		   		
13790   			6.77   		   		
13796   			7.34   		   		
13802   			5.96   		   		
13807   			6.19   		   		
13813   			6.37   		   		
13819   			6.71   		   		
13825   			6.37   		   		
13830   			6.25   		   		
13836   			5.42   		   		
13842   			6.29   		   		
13847   			6.06   		   		
13853   			6.46   		   		
13859   			6.98   		   		
13865   			5.65   		   		
13870   			7.26   		   		
13876   			7.26   		   		
13882   			6.57   		   		
13888   			6.75   		   		
13893   			6.86   		   		
13899   			6.92   		   		
13905   			7.32   		   		
13910   			7.38   		   		
13916   			7.21   		   		
13922   			7.44   		   		
13928   			7.38   		   		
13933   			6.75   		   		
13939   			7.78   		   		
13945   			7.67   		   		
13951   			7.42   		   		
13956   			6.78   		   		
13962   			6.84   		   		
13968   			6.84   		   		
13973   			6.38   		   		
13979   			6.63   		   		
13985   			7.26   		   		
13991   			7.26   		   		
13996   			7.15   		   		
14002   			7.72   		   		
14008   			7.03   		   		
14014   			7.09   		   		
14019   			6.06   		   		
14025   			6.69   		   		
14031   			7.15   		   		
14036   			6.94   		   		
14042   			6.83   		   		
14048   			7.63   		   		
14054   			7.80   		   		
14059   			7.00   		   		
14065   			7.78   		   		
14071   			7.90   		   		
14076   			6.86   		   		
14082   			7.61   		   		
14088   			6.34   		   		
14094   			6.46   		   		
14099   			6.69   		   		
14105   			6.06   		   		
14111   			6.23   		   		
14117   			7.49   		   		
14122   			6.84   		   		
14128   			7.19   		   		
14134   			5.06   		   		
14139   			6.44   		   		
14145   			6.61   		   		
14151   			6.44   		   		
14157   			6.90   		   		
14162   			6.44   		   		
14168   			6.55   		   		
14174   			7.53   		   		
14180   			7.52   		   		
14185   			7.00   		   		
14191   			7.34   		   		
14197   			5.85   		   		
14202   			7.17   		   		
14208   			7.03   		   		
14214   			7.49   		   		
14220   			7.26   		   		
14225   			6.80   		   		
14231   			6.75   		   		
14237   			6.69   		   		
14243   			7.78   		   		
14248   			7.38   		   		
14254   			7.44   		   		
14260   			5.14   		   		
14265   			7.36   		   		
14271   			6.84   		   		
14277   			8.28   		   		
14283   			7.82   		   		
14288   			7.19   		   		
14294   			7.03   		   		
14300   			7.32   		   		
14306   			7.78   		   		
14311   			7.09   		   		
14317   			7.55   		   		
14323   			7.30   		   		
14328   			7.01   		   		
14334   			6.90   		   		
14340   			6.84   		   		
14346   			7.70   		   		
14351   			7.95   		   		
14357   			6.80   		   		
14363   			7.38   		   		
14369   			6.63   		   		
14374   			7.21   		   		
14380   			6.34   		   		
14386   			6.57   		   		
14391   			5.77   		   		
14397   			5.94   		   		
14403   			6.40   		   		
14409   			7.19   		   		
14414   			6.78   		   		
14420   			6.61   		   		
14426   			6.78   		   		
14432   			7.47   		   		
14437   			8.10   		   		
14443   			7.13   		   		
14449   			7.01   		   		
14454   			7.53   		   		
14460   			7.65   		   		
14466   			6.67   		   		
14472   			6.84   		   		
14477   			6.73   		   		
14483   			5.69   		   		
14489   			6.78   		   		
14495   			6.44   		   		
14500   			6.44   		   		
14506   			6.50   		   		
14512   			6.55   		   		
14517   			6.09   		   		
14523   			6.54   		   		
14529   			6.54   		   		
14535   			6.88   		   		
14540   			6.60   		   		
14546   			5.96   		   		
14552   			6.69   		   		
14558   			6.98   		   		
14563   			7.26   		   		
14569   			6.23   		   		
14575   			5.94   		   		
14580   			6.50   		   		
14586   			6.50   		   		
14592   			7.42   		   		
14598   			6.90   		   		
14603   			6.96   		   		
14609   			6.52   		   		
14615   			6.23   		   		
14621   			6.86   		   		
14626   			7.26   		   		
14632   			6.52   		   		
14638   			6.84   		   		
14643   			7.24   		   		
14649   			6.73   		   		
14655   			7.13   		   		
14661   			6.73   		   		
14666   			6.63   		   		
14672   			5.83   		   		
14678   			6.11   		   		
14684   			7.09   		   		
14689   			7.32   		   		
14695   			7.45   		   		
14701   			6.82   		   		
14706   			6.48   		   		
14712   			6.82   		   		
14718   			6.82   		   		
14724   			6.50   		   		
14729   			6.55   		   		
14735   			6.73   		   		
14741   			7.42   		   		
14747   			7.59   		   		
14752   			7.03   		   		
14758   			7.72   		   		
14764   			6.98   		   		
14769   			6.52   		   		
14775   			6.23   		   		
14781   			7.11   		   		
14787   			6.14   		   		
14792   			7.00   		   		
14798   			6.83   		   		
14804   			7.29   		   		
14810   			7.15   		   		
14815   			5.65   		   		
14821   			6.63   		   		
14827   			6.34   		   		
14832   			6.29   		   		
14838   			7.32   		   		
14844   			6.86   		   		
14850   			6.92   		   		
14855   			6.80   		   		
14861   			7.15   		   		
14867   			5.29   		   		
14872   			7.76   		   		
14878   			6.50   		   		
14884   			6.44   		   		
14890   			7.88   		   		
14895   			7.13   		   		
14901   			7.42   		   		
14907   			6.44   		   		
14913   			7.13   		   		
14918   			7.76   		   		
14924   			7.78   		   		
14930   			5.77   		   		
14935   			8.01   		   		
14941   			7.84   		   		
14947   			8.24   		   		
14953   			7.45   		   		
14958   			8.08   		   		
14964   			7.22   		   		
14970   			6.88   		   		
14976   			7.45   		   		
14981   			7.24   		   		
14987   			6.67   		   		
14993   			7.30   		   		
14998   			6.78   		   		
15004   			6.44   		   		
15010   			7.72   		   		
15016   			7.72   		   		
15021   			7.38   		   		
15027   			6.40   		   		
15033   			7.90   		   		
15039   			7.65   		   		
15044   			7.24   		   		
15050   			7.07   		   		
15056   			7.07   		   		
15061   			7.59   		   		
15067   			6.52   		   		
15073   			6.63   		   		
15079   			6.63   		   		
15084   			7.03   		   		
15090   			7.09   		   		
15096   			6.73   		   		
15102   			6.84   		   		
15107   			6.84   		   		
15113   			6.15   		   		
15119   			6.44   		   		
15124   			6.98   		   		
15130   			6.57   		   		
15136   			7.44   		   		
15142   			7.72   		   		
15147   			7.15   		   		
15153   			7.13   		   		
15159   			7.53   		   		
15165   			7.01   		   		
15170   			6.61   		   		
15176   			6.50   		   		
15182   			6.55   		   		
15187   			6.44   		   		
15193   			7.01   		   		
15199   			7.07   		   		
15205   			7.53   		   		
15210   			6.96   		   		
15216   			6.73   		   		
15222   			7.01   		   		
15228   			6.32   		   		
15233   			6.44   		   		
15239   			6.65   		   		
15245   			6.19   		   		
15250   			6.48   		   		
15256   			5.79   		   		
15262   			6.31   		   		
15268   			6.57   		   		
15273   			6.06   		   		
15279   			5.71   		   		
15285   			5.94   		   		
15291   			6.63   		   		
15296   			6.17   		   		
15302   			6.11   		   		
15308   			6.17   		   		
15313   			5.65   		   		
15319   			5.71   		   		
15325   			5.81   		   		
15331   			5.75   		   		
15336   			5.40   		   		
15342   			5.06   		   		
15348   			5.98   		   		
15354   			5.37   		   		
15359   			5.83   		   		
15365   			5.08   		   		
15371   			5.31   		   		
15376   			5.02   		   		
15382   			5.42   		   		
15388   			5.19   		   		
15394   			4.85   		   		
15399   			4.79   		   		
15405   			4.39   		   		
15411   			5.02   		   		
15417   			4.27   		   		
15422   			4.62   		   		
15428   			4.73   		   		
15434   			4.50   		   		
15439   			3.87   		   		
15445   			5.08   		   		
15451   			4.39   		   		
15457   			3.46   		   		
15462   			3.87   		   		
15468   			4.02   		   		
15474   			3.39   		   		
15480   			3.21   		   		
15485   			3.16   		   		
15491   			2.87   		   		
15497   			1.96   		   		
15502   			1.91   		   		
15508   			1.85   		   		
15514   			2.19   		   		
15520   			2.43   		   		
15525   			2.14   		   		
15531   			2.31   		   		
15537   			2.60   		   		
15543   			0.92   		   		
15548   			1.10   		   		
15554   			1.64   		   		
15560   			2.04   		   		
15565   			2.27   		   		
15571   			1.64   		   		
15577   			2.10   		   		
15583   			1.67   		   		
15588   			1.91   		   		
15594   			1.27   		   		
15600   			1.21   		   		
15606   			1.33   		   		
15611   			1.27   		   		
15617   			1.56   		   		
15623   			1.73   		   		
15628   			1.50   		   		
15634   			1.73   		   		
15640   			1.36   		   		
15646   			1.36   		   		
15651   			1.83   		   		
15657   			1.48   		   		
15663   			0.84   		   		
15669   			1.33   		   		
15674   			1.10   		   		
15680   			0.46   		   		
15686   			0.92   		   		
15691   			0.05   		   		
15697   			0.67   		   		
15703   			0.79   		   		
15709   			0.15   		   		
15714   			-0.26   		   		
15720   			-0.14   		   		
15726   			-1.72   		   		
15731   			0.48   		   		
15737   			0.36   		   		
15743   			0.48   		   		
15749   			0.89   		   		
15754   			0.38   		   		
15760   			0.96   		   		
15766   			0.55   		   		
15772   			0.79   		   		
15777   			0.09   		   		
15783   			0.55   		   		
15789   			0.79   		   		
15794   			1.02   		   		
15800   			1.13   		   		
15806   			1.71   		   		
15812   			1.36   		   		
15817   			1.31   		   		
15823   			1.48   		   		
15829   			0.55   		   		
15835   			0.03   		   		
15840   			-0.02   		   		
15846   			-1.42   		   		
15852   			-2.63   		   		
15857   			-0.89   		   		
15863   			-0.55   		   		
15869   			-0.68   		   		
15875   			0.02   		   		
15880   			-0.50   		   		
15886   			-1.03   		   		
15892   			-0.91   		   		
15898   			0.32   		   		
15903   			-0.66   		   		
15909   			-1.18   		   		
15915   			-2.93   		   		
15920   			-0.55   		   		
15926   			-0.41   		   		
15932   			-0.70   		   		
15938   			-0.29   		   		
15943   			-0.29   		   		
15949   			-0.12   		   		
15955   			-0.14   		   		
15961   			-0.31   		   		
15966   			-0.26   		   		
15972   			-0.95   		   		
15978   			-2.40   		   		
15983   			-0.72   		   		
15989   			-1.36   		   		
15995   			-0.89   		   		
16001   			-1.65   		   		
16006   			-1.18   		   		
16012   			-1.32   		   		
16018   			-2.01   		   		
16024   			-1.66   		   		
16029   			-1.72   		   		
16035   			-1.61   		   		
16041   			-3.00   		   		
16046   			-1.72   		   		
16052   			-1.84   		   		
16058   			-1.78   		   		
16064   			-2.30   		   		
16069   			-1.51   		   		
16075   			-2.32   		   		
16081   			-2.09   		   		
16087   			-1.16   		   		
16092   			-1.51   		   		
16098   			-1.51   		   		
16104   			-2.09   		   		
16109   			-0.81   		   		
16115   			-0.99   		   		
16121   			-2.38   		   		
16127   			-2.27   		   		
16132   			-1.51   		   		
16138   			-2.27   		   		
16144   			-1.45   		   		
16150   			-0.76   		   		
16155   			-1.47   		   		
16161   			-1.82   		   		
16167   			-0.66   		   		
16172   			-1.82   		   		
16178   			-1.88   		   		
16184   			-1.24   		   		
16190   			-2.11   		   		
16195   			-1.82   		   		
16201   			-1.82   		   		
16207   			-1.53   		   		
16213   			-1.45   		   		
16218   			-1.63   		   		
16224   			-1.51   		   		
16230   			-1.10   		   		
16235   			-1.34   		   		
16241   			-1.34   		   		
16247   			-1.80   		   		
16253   			-1.86   		   		
16258   			-1.97   		   		
16264   			-2.27   		   		
16270   			-3.08   		   		
16276   			-2.32   		   		
16281   			-2.50   		   		
16287   			-1.97   		   		
16293   			-3.31   		   		
16298   			-2.56   		   		
16304   			-2.38   		   		
16310   			-2.15   		   		
16316   			-2.44   		   		
16321   			-2.44   		   		
16327   			-1.78   		   		
16333   			-2.08   		   		
16339   			-2.48   		   		
16344   			-2.54   		   		
16350   			-3.00   		   		
16356   			-2.44   		   		
16361   			-2.44   		   		
16367   			-3.54   		   		
16373   			-1.97   		   		
16379   			-1.97   		   		
16384   			-1.55   		   		
16390   			-2.48   		   		
16396   			-1.66   		   		
16402   			-2.59   		   		
16407   			-2.88   		   		
16413   			-2.29   		   		
16419   			-1.01   		   		
16424   			-1.42   		   		
16430   			-1.42   		   		
16436   			-2.00   		   		
16442   			-2.63   		   		
16447   			-2.34   		   		
16453   			-2.93   		   		
16459   			-2.34   		   		
16465   			-2.11   		   		
16470   			-2.46   		   		
16476   			-1.82   		   		
16482   			-1.82   		   		
16487   			-1.59   		   		
16493   			-1.59   		   		
16499   			-1.45   		   		
16505   			-2.96   		   		
16510   			-2.38   		   		
16516   			-1.86   		   		
16522   			-1.97   		   		
16528   			-2.61   		   		
16533   			-2.67   		   		
16539   			-2.03   		   		
16545   			-2.50   		   		
16550   			-2.56   		   		
16556   			-2.46   		   		
16562   			-2.34   		   		
16568   			-1.59   		   		
16573   			-1.42   		   		
16579   			-2.29   		   		
16585   			-2.61   		   		
16591   			-1.97   		   		
16596   			-2.73   		   		
16602   			-2.56   		   		
16608   			-2.56   		   		
16613   			-3.14   		   		
16619   			-1.57   		   		
16625   			-2.96   		   		
16631   			-3.19   		   		
16636   			-3.02   		   		
16642   			-2.00   		   		
16648   			-3.45   		   		
16653   			-2.40   		   		
16659   			-2.23   		   		
16665   			-2.52   		   		
16671   			-2.56   		   		
16676   			-3.37   		   		
16682   			-3.02   		   		
16688   			-1.86   		   		
16694   			-2.90   		   		
16699   			-3.54   		   		
16705   			-2.38   		   		
16711   			-4.01   		   		
16716   			-2.73   		   		
16722   			-2.90   		   		
16728   			-2.61   		   		
16734   			-1.97   		   		
16739   			-1.39   		   		
16745   			-1.97   		   		
16751   			-1.39   		   		
16757   			-1.76   		   		
16762   			-1.42   		   		
16768   			-1.18   		   		
16774   			-3.22   		   		
16779   			-2.11   		   		
16785   			-2.50   		   		
16791   			-2.61   		   		
16797   			-2.38   		   		
16802   			-2.67   		   		
16808   			-1.97   		   		
16814   			-2.34   		   		
16820   			-2.29   		   		
16825   			-2.52   		   		
16831   			-3.16   		   		
16837   			-3.22   		   		
16842   			-1.53   		   		
16848   			-1.82   		   		
16854   			-1.94   		   		
16860   			-1.82   		   		
16865   			-2.11   		   		
16871   			-2.46   		   		
16877   			-1.94   		   		
16883   			-2.23   		   		
16888   			-2.75   		   		
16894   			-2.05   		   		
16900   			-3.86   		   		
16905   			-1.13   		   		
16911   			-1.07   		   		
16917   			-1.88   		   		
16923   			-1.76   		   		
16928   			-2.13   		   		
16934   			-2.36   		   		
16940   			-1.78   		   		
16946   			-1.66   		   		
16951   			-1.61   		   		
16957   			-1.59   		   		
16963   			-1.94   		   		
16968   			-1.88   		   		
16974   			-2.05   		   		
16980   			-2.34   		   		
16986   			-2.27   		   		
16991   			-1.80   		   		
16997   			-1.57   		   		
17003   			-2.03   		   		
17009   			-2.61   		   		
17014   			-1.59   		   		
17020   			-0.84   		   		
17026   			-2.34   		   		
17031   			-1.88   		   		
17037   			-0.55   		   		
17043   			-1.71   		   		
17049   			-1.71   		   		
17054   			-2.23   		   		
17060   			-1.76   		   		
17066   			-1.47   		   		
17072   			-1.88   		   		
17077   			-1.07   		   		
17083   			-0.72   		   		
17089   			-1.82   		   		
17094   			-1.36   		   		
17100   			-0.58   		   		
17106   			-0.93   		   		
17112   			-1.51   		   		
17117   			-1.45   		   		
17123   			-0.93   		   		
17129   			-1.24   		   		
17135   			-1.76   		   		
17140   			-1.82   		   		
17146   			-1.65   		   		
17152   			-1.53   		   		
17157   			-1.63   		   		
17163   			-1.74   		   		
17169   			-1.80   		   		
17175   			-1.63   		   		
17180   			-1.39   		   		
17186   			-1.47   		   		
17192   			-0.95   		   		
17198   			-1.47   		   		
17203   			-1.30   		   		
17209   			-1.82   		   		
17215   			-2.23   		   		
17220   			-1.82   		   		
17226   			-2.81   		   		
17232   			-1.88   		   		
17238   			-1.82   		   		
17243   			-1.61   		   		
17249   			-1.09   		   		
17255   			-2.02   		   		
17261   			-2.02   		   		
17266   			-1.73   		   		
17272   			-2.90   		   		
17278   			-2.32   		   		
17283   			-2.15   		   		
17289   			-1.63   		   		
17295   			-1.86   		   		
17301   			-1.68   		   		
17306   			-1.22   		   		
17312   			-1.57   		   		
17318   			-1.16   		   		
17324   			-2.21   		   		
17329   			-1.42   		   		
17335   			-2.11   		   		
17341   			-2.23   		   		
17346   			-1.65   		   		
17352   			-2.11   		   		
17358   			-1.34   		   		
17364   			-1.68   		   		
17369   			-1.97   		   		
17375   			-0.99   		   		
17381   			-2.15   		   		
17387   			-1.51   		   		
17392   			-1.68   		   		
17398   			-1.80   		   		
17404   			-0.87   		   		
17409   			-1.28   		   		
17415   			-2.09   		   		
17421   			-1.63   		   		
17427   			-1.68   		   		
17432   			-0.64   		   		
17438   			-0.99   		   		
17444   			-1.01   		   		
17450   			-0.55   		   		
17455   			-1.30   		   		
17461   			-0.55   		   		
17467   			-0.37   		   		
17472   			-1.78   		   		
17478   			-0.33   		   		
17484   			-0.74   		   		
17490   			-1.49   		   		
17495   			-0.50   		   		
17501   			-1.39   		   		
17507   			-1.05   		   		
17513   			-1.57   		   		
17518   			-1.45   		   		
17524   			-1.57   		   		
17530   			-1.28   		   		
17535   			-1.51   		   		
17541   			-1.22   		   		
17547   			-1.34   		   		
17553   			-2.09   		   		
17558   			-1.45   		   		
17564   			-1.86   		   		
17570   			-1.97   		   		
17576   			-1.16   		   		
17581   			-1.92   		   		
17587   			-1.80   		   		
17593   			-1.92   		   		
17598   			-1.86   		   		
17604   			-2.15   		   		
17610   			-1.45   		   		
17616   			-1.74   		   		
17621   			-1.57   		   		
17627   			-1.97   		   		
17633   			-1.57   		   		
17639   			-1.63   		   		
17644   			-0.84   		   		
17650   			-0.95   		   		
17656   			-1.18   		   		
17661   			-0.95   		   		
17667   			-1.13   		   		
17673   			-1.38   		   		
17679   			-1.67   		   		
17684   			-1.67   		   		
17690   			-0.97   		   		
17696   			-1.09   		   		
17702   			-1.80   		   		
17707   			-1.68   		   		
17713   			-1.39   		   		
17719   			-0.81   		   		
17724   			-1.10   		   		
17730   			-1.07   		   		
17736   			-0.66   		   		
17742   			-0.26   		   		
17747   			-1.30   		   		
17753   			-1.76   		   		
17759   			-4.24   		   		
17764   			-2.21   		   		
17770   			-2.32   		   		
17776   			-2.32   		   		
17782   			-1.86   		   		
17787   			-2.05   		   		
17793   			-1.94   		   		
17799   			-2.23   		   		
17805   			-1.76   		   		
17810   			-1.76   		   		
17816   			-2.63   		   		
17822   			-3.33   		   		
17827   			-2.11   		   		
17833   			-2.69   		   		
17839   			-2.98   		   		
17845   			-1.59   		   		
17850   			-1.42   		   		
17856   			-1.65   		   		
17862   			-1.47   		   		
17868   			-1.94   		   		
17873   			-2.23   		   		
17879   			-2.17   		   		
17885   			-1.71   		   		
17890   			-1.24   		   		
17896   			-1.07   		   		
17902   			-1.05   		   		
17908   			-1.22   		   		
17913   			-1.74   		   		
17919   			-2.03   		   		
17925   			-2.73   		   		
17931   			-1.90   		   		
17936   			-1.67   		   		
17942   			-0.39   		   		
17948   			-2.02   		   		
17953   			-1.90   		   		
17959   			-1.80   		   		
17965   			-1.45   		   		
17971   			-1.92   		   		
17976   			-1.86   		   		
17982   			-1.68   		   		
17988   			-1.80   		   		
17994   			-1.97   		   		
17999   			-1.80   		   		
18005   			-1.10   		   		
18011   			-0.99   		   		
18016   			-1.84   		   		
18022   			-1.78   		   		
18028   			-1.78   		   		
18034   			-2.48   		   		
18039   			-1.95   		   		
18045   			-2.75   		   		
18051   			-1.01   		   		
18057   			-1.88   		   		
18062   			-1.76   		   		
18068   			-1.76   		   		
18074   			-2.25   		   		
18079   			-2.02   		   		
18085   			-1.67   		   		
18091   			-1.73   		   		
18097   			-2.02   		   		
18102   			-2.05   		   		
18108   			-1.76   		   		
18114   			-1.94   		   		
18120   			-1.76   		   		
18125   			-2.11   		   		
18131   			-1.82   		   		
18137   			-2.17   		   		
18142   			-0.95   		   		
18148   			-1.65   		   		
18154   			-1.13   		   		
18160   			-1.15   		   		
18165   			-1.44   		   		
18171   			-1.32   		   		
18177   			-1.49   		   		
18183   			-1.15   		   		
18188   			-1.68   		   		
18194   			-1.51   		   		
18200   			-2.38   		   		
18205   			-1.92   		   		
18211   			-1.45   		   		
18217   			-0.60   		   		
18223   			-0.66   		   		
18228   			-1.13   		   		
18234   			-1.47   		   		
18240   			-0.26   		   		
18246   			-1.01   		   		
18251   			-0.78   		   		
18257   			-0.84   		   		
18263   			-1.01   		   		
18268   			-2.17   		   		
18274   			-1.45   		   		
18280   			-1.05   		   		
18286   			-0.99   		   		
18291   			-1.16   		   		
18297   			-1.39   		   		
18303   			-1.36   		   		
18309   			-1.01   		   		
18314   			-1.88   		   		
18320   			-1.36   		   		
18326   			-1.53   		   		
18331   			-1.37   		   		
18337   			-2.19   		   		
18343   			-1.03   		   		
18349   			-1.37   		   		
18354   			-0.79   		   		
18360   			-0.95   		   		
18366   			-1.53   		   		
18372   			-1.53   		   		
18377   			-0.78   		   		
18383   			-0.55   		   		
18389   			-1.51   		   		
18394   			-1.05   		   		
18400   			-1.57   		   		
18406   			-2.21   		   		
18412   			-1.34   		   		
18417   			-1.22   		   		
18423   			-1.45   		   		
18429   			-2.21   		   		
18435   			-1.63   		   		
18440   			-1.39   		   		
18446   			-1.30   		   		
18452   			-0.84   		   		
18457   			-1.30   		   		
18463   			-1.42   		   		
18469   			-0.26   		   		
18475   			-0.95   		   		
18480   			-0.49   		   		
18486   			-0.95   		   		
18492   			-0.78   		   		
18498   			-0.55   		   		
18503   			-0.24   		   		
18509   			-0.53   		   		
18515   			-0.35   		   		
18520   			0.05   		   		
18526   			-0.76   		   		
18532   			-0.81   		   		
18538   			-1.16   		   		
18543   			-1.92   		   		
18549   			-1.28   		   		
18555   			-1.68   		   		
18561   			-0.72   		   		
18566   			-1.24   		   		
18572   			-1.88   		   		
18578   			-1.24   		   		
18583   			-1.07   		   		
18589   			-1.45   		   		
18595   			-0.99   		   		
18601   			-1.51   		   		
18606   			-1.68   		   		
18612   			-0.99   		   		
18618   			-3.35   		   		
18623   			-1.15   		   		
18629   			-1.09   		   		
18635   			-0.74   		   		
18641   			-1.61   		   		
18646   			-1.07   		   		
18652   			-0.20   		   		
18658   			-0.78   		   		
18664   			-1.30   		   		
18669   			-0.60   		   		
18675   			-1.59   		   		
18681   			-2.40   		   		
18686   			-0.84   		   		
18692   			-1.13   		   		
18698   			-2.05   		   		
18704   			-1.36   		   		
18709   			-0.84   		   		
18715   			-0.49   		   		
18721   			-1.47   		   		
18727   			-1.59   		   		
18732   			-2.23   		   		
18738   			-1.71   		   		
18744   			-3.27   		   		
18749   			-1.71   		   		
18755   			-1.88   		   		
18761   			-1.57   		   		
18767   			-1.74   		   		
18772   			-1.68   		   		
18778   			-1.68   		   		
18784   			-1.92   		   		
18790   			-1.22   		   		
18795   			-1.57   		   		
18801   			-1.10   		   		
18807   			-1.57   		   		
18812   			-0.87   		   		
18818   			-1.39   		   		
18824   			-0.87   		   		
18830   			-1.57   		   		
18835   			-1.05   		   		
18841   			-1.45   		   		
18847   			-1.16   		   		
18853   			-0.53   		   		
18858   			-0.87   		   		
18864   			-1.05   		   		
18870   			-1.51   		   		
18875   			-1.26   		   		
18881   			-0.45   		   		
18887   			-1.20   		   		
18893   			-1.32   		   		
18898   			-0.51   		   		
18904   			-1.28   		   		
18910   			0.29   		   		
18916   			-0.70   		   		
18921   			-0.81   		   		
18927   			-0.64   		   		
18933   			-0.57   		   		
18938   			-0.57   		   		
18944   			-0.05   		   		
18950   			-0.57   		   		
18956   			-1.09   		   		
18961   			-0.62   		   		
18967   			-1.08   		   		
18973   			-1.20   		   		
18979   			-1.37   		   		
18984   			-0.74   		   		
18990   			-1.71   		   		
18996   			-1.65   		   		
19001   			-2.05   		   		
19007   			-0.72   		   		
19013   			-0.66   		   		
19019   			-0.81   		   		
19024   			-1.74   		   		
19030   			-0.81   		   		
19036   			0.00   		   		
19042   			-0.70   		   		
19047   			-0.99   		   		
19053   			-1.51   		   		
19059   			-1.51   		   		
19064   			-0.81   		   		
19070   			-0.64   		   		
19076   			-1.28   		   		
19082   			-1.39   		   		
19087   			-1.92   		   		
19093   			-2.61   		   		
19099   			-2.38   		   		
19105   			-2.79   		   		
19110   			-3.02   		   		
19116   			-1.97   		   		
19122   			-0.64   		   		
19127   			-2.09   		   		
19133   			-1.68   		   		
19139   			-1.57   		   		
19145   			-2.44   		   		
19150   			-1.86   		   		
19156   			-1.63   		   		
19162   			-2.96   		   		
19167   			-1.39   		   		
19173   			-1.16   		   		
19179   			-1.28   		   		
19185   			-1.74   		   		
19190   			-1.61   		   		
19196   			-1.61   		   		
19202   			-1.61   		   		
19208   			-1.55   		   		
19213   			-2.71   		   		
19219   			-1.78   		   		
19225   			-3.29   		   		
19230   			-1.49   		   		
19236   			-1.49   		   		
19242   			-1.20   		   		
19248   			-1.45   		   		
19253   			-1.51   		   		
19259   			-2.67   		   		
19265   			-2.32   		   		
19271   			-3.37   		   		
19276   			-2.38   		   		
19282   			-2.32   		   		
19288   			-3.72   		   		
19293   			-2.50   		   		
19299   			-2.15   		   		
19305   			-1.71   		   		
19311   			-2.29   		   		
19316   			-3.16   		   		
19322   			-3.16   		   		
19328   			-2.81   		   		
19334   			-3.35   		   		
19339   			-2.88   		   		
19345   			-2.30   		   		
19351   			-2.19   		   		
19356   			-1.26   		   		
19362   			-1.51   		   		
19368   			-1.45   		   		
19374   			-1.51   		   		
19379   			-2.09   		   		
19385   			-2.73   		   		
19391   			-2.21   		   		
19397   			-2.15   		   		
19402   			-2.09   		   		
19408   			-2.50   		   		
19414   			-2.79   		   		
19419   			-2.60   		   		
19425   			-2.42   		   		
19431   			-2.95   		   		
19437   			-3.12   		   		
19442   			-2.25   		   		
19448   			-1.82   		   		
19454   			-2.00   		   		
19460   			-2.52   		   		
19465   			-2.63   		   		
19471   			-1.59   		   		
19477   			-0.93   		   		
19482   			-0.24   		   		
19488   			-0.64   		   		
19494   			-1.39   		   		
19500   			-0.99   		   		
19505   			-1.47   		   		
19511   			-1.18   		   		
19517   			-1.71   		   		
19523   			-1.13   		   		
19528   			-1.36   		   		
19534   			-0.81   		   		
19540   			-2.27   		   		
19545   			-2.50   		   		
19551   			-2.56   		   		
19557   			-2.15   		   		
19563   			-1.47   		   		
19568   			-1.53   		   		
19574   			-1.13   		   		
19580   			-1.82   		   		
19586   			-0.66   		   		
19591   			-1.28   		   		
19597   			-1.68   		   		
19603   			-2.73   		   		
19608   			-0.76   		   		
19614   			-1.28   		   		
19620   			-1.16   		   		
19626   			-0.81   		   		
19631   			-1.28   		   		
19637   			-1.63   		   		
19643   			-2.21   		   		
19649   			-0.41   		   		
19654   			-1.39   		   		
19660   			-1.97   		   		
19666   			-1.10   		   		
19671   			-0.64   		   		
19677   			-1.32   		   		
19683   			-0.85   		   		
19689   			-1.03   		   		
19694   			-1.08   		   		
19700   			-0.85   		   		
19706   			-0.81   		   		
19712   			-0.58   		   		
19717   			-0.64   		   		
19723   			-0.41   		   		
19729   			-1.34   		   		
19734   			-1.86   		   		
19740   			-1.05   		   		
19746   			-2.03   		   		
19752   			-2.73   		   		
19757   			-2.38   		   		
19763   			-1.97   		   		
19769   			-1.63   		   		
19775   			-1.74   		   		
19780   			-0.81   		   		
19786   			-1.16   		   		
19792   			-1.39   		   		
19797   			-1.74   		   		
19803   			-1.57   		   		
19809   			-1.74   		   		
19815   			-1.57   		   		
19820   			-1.30   		   		
19826   			-0.78   		   		
19832   			-1.07   		   		
19838   			-1.18   		   		
19843   			-1.65   		   		
19849   			-1.92   		   		
19855   			-2.09   		   		
19860   			-2.03   		   		
19866   			-1.86   		   		
19872   			-1.68   		   		
19878   			-1.47   		   		
19883   			-1.71   		   		
19889   			-1.71   		   		
19895   			-1.24   		   		
19901   			-2.11   		   		
19906   			-1.80   		   		
19912   			-1.22   		   		
19918   			-1.45   		   		
19923   			-1.80   		   		
19929   			-1.74   		   		
19935   			-0.18   		   		
19941   			-1.63   		   		
19946   			-1.16   		   		
19952   			-1.86   		   		
19958   			-1.51   		   		
19964   			-1.36   		   		
19969   			-1.24   		   		
19975   			-1.65   		   		
19981   			-1.47   		   		
19986   			-1.42   		   		
19992   			-0.87   		   		
19998   			-0.64   		   		
20004   			-1.68   		   		
20009   			-1.68   		   		
20015   			-2.03   		   		
20021   			-1.92   		   		
20027   			-1.45   		   		
20032   			-0.53   		   		
20038   			-1.34   		   		
20044   			-1.63   		   		
20049   			-0.66   		   		
20055   			-1.47   		   		
20061   			-1.53   		   		
20067   			-1.88   		   		
20072   			-1.36   		   		
20078   			-0.91   		   		
20084   			-2.30   		   		
20089   			-0.97   		   		
20095   			-0.68   		   		
20101   			-0.79   		   		
20107   			-0.70   		   		
20112   			-1.45   		   		
20118   			-1.10   		   		
20124   			-1.05   		   		
20130   			-0.58   		   		
20135   			-0.99   		   		
20141   			-1.51   		   		
20147   			-3.19   		   		
20152   			-2.09   		   		
20158   			-1.63   		   		
20164   			-1.28   		   		
20170   			-1.92   		   		
20175   			-2.03   		   		
20181   			-2.09   		   		
20187   			-2.09   		   		
20193   			-1.82   		   		
20198   			-1.01   		   		
20204   			-1.24   		   		
20210   			-2.23   		   		
20215   			-1.01   		   		
20221   			-0.58   		   		
20227   			-1.39   		   		
20233   			-1.45   		   		
20238   			-1.51   		   		
20244   			-1.68   		   		
20250   			-1.92   		   		
20256   			-1.05   		   		
20261   			-0.76   		   		
20267   			-1.10   		   		
20273   			-1.80   		   		
20278   			-1.45   		   		
20284   			-0.58   		   		
20290   			-0.81   		   		
20296   			-1.80   		   		
20301   			-1.68   		   		
20307   			-1.34   		   		
20313   			-1.86   		   		
20319   			-0.99   		   		
20324   			-1.39   		   		
20330   			-0.93   		   		
20336   			-0.14   		   		
20341   			-0.08   		   		
20347   			-0.20   		   		
20353   			-1.13   		   		
20359   			-0.31   		   		
20364   			0.01   		   		
20370   			-0.68   		   		
20376   			-0.51   		   		
20382   			-0.74   		   		
20387   			-0.51   		   		
20393   			-0.62   		   		
20399   			-0.16   		   		
20404   			-0.91   		   		
20410   			-0.91   		   		
20416   			-0.56   		   		
20422   			-0.84   		   		
20427   			-0.95   		   		
20433   			-0.78   		   		
20439   			-0.95   		   		
20445   			-0.84   		   		
20450   			-0.84   		   		
20456   			-0.66   		   		
20462   			-1.07   		   		
20467   			-0.84   		   		
20473   			-1.24   		   		
20479   			-1.45   		   		
20485   			-1.16   		   		
20490   			-1.51   		   		
20496   			-1.05   		   		
20502   			-1.10   		   		
20508   			-0.87   		   		
20513   			-1.39   		   		
