Timestamp		Force Z		Comments
0   			0.74   		   		
6   			1.16   		   		
11   			0.18   		   		
17   			0.01   		   		
23   			0.41   		   		
28   			0.64   		   		
34   			0.24   		   		
40   			0.01   		   		
46   			0.64   		   		
51   			0.18   		   		
57   			0.18   		   		
63   			0.39   		   		
69   			0.91   		   		
74   			-0.54   		   		
80   			-0.02   		   		
86   			0.45   		   		
91   			0.55   		   		
97   			0.43   		   		
103   			-0.15   		   		
109   			0.32   		   		
114   			-0.67   		   		
120   			0.30   		   		
126   			0.18   		   		
132   			-0.28   		   		
137   			0.18   		   		
143   			-0.46   		   		
149   			0.10   		   		
154   			0.80   		   		
160   			0.68   		   		
166   			0.45   		   		
172   			0.91   		   		
177   			0.62   		   		
183   			1.03   		   		
189   			0.45   		   		
195   			-0.13   		   		
200   			-0.71   		   		
206   			-0.59   		   		
212   			0.27   		   		
217   			0.33   		   		
223   			0.97   		   		
229   			0.16   		   		
235   			-0.36   		   		
240   			-0.71   		   		
246   			-0.88   		   		
252   			-1.35   		   		
258   			-1.23   		   		
263   			-1.21   		   		
269   			-1.39   		   		
275   			-1.15   		   		
280   			-0.75   		   		
286   			-0.92   		   		
292   			0.47   		   		
298   			0.12   		   		
303   			-0.81   		   		
309   			0.01   		   		
315   			-0.75   		   		
321   			0.39   		   		
326   			0.10   		   		
332   			0.39   		   		
338   			1.14   		   		
343   			-0.02   		   		
349   			0.53   		   		
355   			0.47   		   		
361   			-0.57   		   		
366   			0.87   		   		
372   			1.05   		   		
378   			0.47   		   		
384   			-0.28   		   		
389   			-0.40   		   		
395   			0.01   		   		
401   			0.06   		   		
406   			0.49   		   		
412   			-0.03   		   		
418   			0.61   		   		
424   			0.26   		   		
429   			0.43   		   		
435   			0.87   		   		
441   			0.12   		   		
447   			-0.46   		   		
452   			-0.40   		   		
458   			0.35   		   		
464   			0.26   		   		
469   			0.66   		   		
475   			0.03   		   		
481   			-0.78   		   		
487   			-0.32   		   		
492   			-0.21   		   		
498   			0.84   		   		
504   			-0.09   		   		
510   			0.20   		   		
515   			0.49   		   		
521   			0.24   		   		
527   			0.58   		   		
532   			0.64   		   		
538   			0.35   		   		
544   			0.01   		   		
550   			-0.32   		   		
555   			0.14   		   		
561   			-0.32   		   		
567   			-1.66   		   		
572   			0.32   		   		
578   			0.53   		   		
584   			0.70   		   		
590   			-0.11   		   		
595   			-0.40   		   		
601   			-0.46   		   		
607   			-0.57   		   		
613   			0.82   		   		
618   			0.35   		   		
624   			0.12   		   		
630   			-1.27   		   		
635   			-0.05   		   		
641   			0.18   		   		
647   			0.01   		   		
653   			0.30   		   		
658   			-0.11   		   		
664   			0.35   		   		
670   			0.41   		   		
676   			0.12   		   		
681   			0.06   		   		
687   			-0.23   		   		
693   			-1.21   		   		
698   			-0.23   		   		
704   			-0.23   		   		
710   			-0.05   		   		
716   			0.99   		   		
721   			-0.32   		   		
727   			-0.26   		   		
733   			0.49   		   		
739   			1.18   		   		
744   			0.20   		   		
750   			0.41   		   		
756   			-1.39   		   		
761   			0.01   		   		
767   			-0.17   		   		
773   			0.01   		   		
779   			-0.28   		   		
784   			-0.23   		   		
790   			-0.34   		   		
796   			-0.40   		   		
802   			0.01   		   		
807   			0.70   		   		
813   			1.11   		   		
819   			0.58   		   		
824   			0.24   		   		
830   			0.47   		   		
836   			0.80   		   		
842   			0.68   		   		
847   			0.74   		   		
853   			0.27   		   		
859   			-0.30   		   		
865   			-0.34   		   		
870   			0.01   		   		
876   			-0.34   		   		
882   			0.35   		   		
887   			0.41   		   		
893   			0.01   		   		
899   			-0.28   		   		
905   			-0.28   		   		
910   			-0.05   		   		
916   			0.58   		   		
922   			0.47   		   		
928   			0.06   		   		
933   			-0.34   		   		
939   			-0.86   		   		
945   			1.40   		   		
950   			-0.03   		   		
956   			0.14   		   		
962   			-0.21   		   		
968   			0.14   		   		
973   			-0.32   		   		
979   			0.30   		   		
985   			-0.05   		   		
991   			-0.57   		   		
996   			0.01   		   		
1002   			1.28   		   		
1008   			0.58   		   		
1013   			0.53   		   		
1019   			0.06   		   		
1025   			0.24   		   		
1031   			0.47   		   		
1036   			-0.86   		   		
1042   			-0.40   		   		
1048   			0.30   		   		
1054   			0.01   		   		
1059   			-0.28   		   		
1065   			-0.63   		   		
1071   			-0.34   		   		
1076   			0.18   		   		
1082   			-0.46   		   		
1088   			-0.05   		   		
1094   			0.55   		   		
1099   			-0.26   		   		
1105   			0.08   		   		
1111   			0.32   		   		
1117   			0.08   		   		
1122   			0.56   		   		
1128   			-0.13   		   		
1134   			-0.07   		   		
1139   			-0.42   		   		
1145   			0.45   		   		
1151   			0.84   		   		
1157   			0.61   		   		
1162   			1.07   		   		
1168   			0.14   		   		
1174   			0.08   		   		
1180   			0.30   		   		
1185   			-0.05   		   		
1191   			0.93   		   		
1197   			-0.11   		   		
1202   			0.35   		   		
1208   			0.49   		   		
1214   			0.20   		   		
1220   			-0.15   		   		
1225   			0.55   		   		
1231   			0.72   		   		
1237   			0.28   		   		
1243   			0.51   		   		
1248   			0.45   		   		
1254   			1.38   		   		
1260   			1.50   		   		
1265   			0.14   		   		
1271   			1.13   		   		
1277   			0.32   		   		
1283   			1.07   		   		
1288   			0.78   		   		
1294   			0.20   		   		
1300   			0.78   		   		
1306   			0.78   		   		
1311   			0.90   		   		
1317   			0.26   		   		
1323   			0.87   		   		
1328   			0.53   		   		
1334   			0.87   		   		
1340   			-0.23   		   		
1346   			0.12   		   		
1351   			0.64   		   		
1357   			0.47   		   		
1363   			0.70   		   		
1369   			0.58   		   		
1374   			0.41   		   		
1380   			0.32   		   		
1386   			0.49   		   		
1391   			0.32   		   		
1397   			-0.21   		   		
1403   			0.49   		   		
1409   			0.18   		   		
1414   			-0.17   		   		
1420   			0.64   		   		
1426   			0.76   		   		
1432   			0.01   		   		
1437   			-0.17   		   		
1443   			0.93   		   		
1449   			-0.69   		   		
1454   			0.12   		   		
1460   			0.35   		   		
1466   			0.39   		   		
1472   			0.45   		   		
1477   			0.51   		   		
1483   			0.68   		   		
1489   			-0.48   		   		
1494   			-0.52   		   		
1500   			-0.23   		   		
1506   			0.76   		   		
1512   			0.58   		   		
1517   			-0.28   		   		
1523   			0.82   		   		
1529   			0.87   		   		
1535   			0.47   		   		
1540   			-0.34   		   		
1546   			0.47   		   		
1552   			-1.60   		   		
1557   			0.20   		   		
1563   			1.07   		   		
1569   			0.26   		   		
1575   			-0.67   		   		
1580   			0.76   		   		
1586   			0.41   		   		
1592   			0.64   		   		
1598   			1.22   		   		
1603   			1.05   		   		
1609   			0.26   		   		
1615   			-0.84   		   		
1620   			-0.15   		   		
1626   			0.78   		   		
1632   			0.84   		   		
1638   			1.51   		   		
1643   			1.22   		   		
1649   			0.76   		   		
1655   			0.53   		   		
1661   			0.99   		   		
1666   			0.03   		   		
1672   			0.49   		   		
1678   			-1.13   		   		
1683   			0.49   		   		
1689   			0.32   		   		
1695   			0.45   		   		
1701   			-0.48   		   		
1706   			0.22   		   		
1712   			0.97   		   		
1718   			0.27   		   		
1724   			0.35   		   		
1729   			0.93   		   		
1735   			0.24   		   		
1741   			0.82   		   		
1746   			0.99   		   		
1752   			0.76   		   		
1758   			0.93   		   		
1764   			0.58   		   		
1769   			0.01   		   		
1775   			0.64   		   		
1781   			1.24   		   		
1787   			0.20   		   		
1792   			-0.32   		   		
1798   			-0.26   		   		
1804   			0.32   		   		
1809   			1.07   		   		
1815   			0.32   		   		
1821   			0.72   		   		
1827   			-0.26   		   		
1832   			-0.49   		   		
1838   			-0.09   		   		
1844   			0.61   		   		
1850   			0.08   		   		
1855   			-0.21   		   		
1861   			-0.03   		   		
1867   			0.01   		   		
1872   			-0.17   		   		
1878   			0.12   		   		
1884   			0.01   		   		
1890   			0.47   		   		
1895   			0.53   		   		
1901   			-0.23   		   		
1907   			-0.52   		   		
1913   			0.06   		   		
1918   			0.01   		   		
1924   			0.30   		   		
1930   			0.30   		   		
1935   			0.87   		   		
1941   			0.58   		   		
1947   			0.24   		   		
1953   			0.99   		   		
1958   			0.70   		   		
1964   			0.18   		   		
1970   			0.47   		   		
1976   			0.01   		   		
1981   			0.03   		   		
1987   			0.20   		   		
1993   			0.03   		   		
1998   			0.26   		   		
2004   			-0.03   		   		
2010   			-0.28   		   		
2016   			-0.46   		   		
2021   			0.41   		   		
2027   			-0.17   		   		
2033   			0.12   		   		
2039   			-0.17   		   		
2044   			-0.05   		   		
2050   			0.12   		   		
2056   			-0.05   		   		
2061   			-0.81   		   		
2067   			-0.42   		   		
2073   			-0.25   		   		
2079   			0.74   		   		
2084   			0.85   		   		
2090   			1.32   		   		
2096   			1.69   		   		
2102   			1.11   		   		
2107   			0.76   		   		
2113   			0.76   		   		
2119   			1.11   		   		
2124   			0.82   		   		
2130   			0.58   		   		
2136   			0.53   		   		
2142   			1.05   		   		
2147   			0.76   		   		
2153   			1.71   		   		
2159   			0.90   		   		
2165   			1.59   		   		
2170   			0.78   		   		
2176   			0.72   		   		
2182   			0.87   		   		
2187   			0.24   		   		
2193   			1.40   		   		
2199   			0.01   		   		
2205   			0.24   		   		
2210   			0.30   		   		
2216   			0.01   		   		
2222   			-2.43   		   		
2227   			-0.28   		   		
2233   			0.41   		   		
2239   			0.12   		   		
2245   			0.47   		   		
2250   			0.47   		   		
2256   			-0.05   		   		
2262   			0.82   		   		
2268   			0.22   		   		
2273   			0.85   		   		
2279   			0.04   		   		
2285   			-1.17   		   		
2290   			0.04   		   		
2296   			0.35   		   		
2302   			1.34   		   		
2308   			1.11   		   		
2313   			0.18   		   		
2319   			0.35   		   		
2325   			0.47   		   		
2331   			-0.05   		   		
2336   			0.70   		   		
2342   			-0.17   		   		
2348   			-0.57   		   		
2353   			-0.55   		   		
2359   			-0.26   		   		
2365   			-0.38   		   		
2371   			0.26   		   		
2376   			-0.15   		   		
2382   			0.35   		   		
2388   			0.06   		   		
2394   			-0.17   		   		
2399   			-0.46   		   		
2405   			-0.17   		   		
2411   			-0.15   		   		
2416   			-0.32   		   		
2422   			1.24   		   		
2428   			0.95   		   		
2434   			0.14   		   		
2439   			0.06   		   		
2445   			0.64   		   		
2451   			-0.11   		   		
2457   			0.70   		   		
2462   			-0.11   		   		
2468   			0.01   		   		
2474   			0.41   		   		
2479   			0.47   		   		
2485   			0.35   		   		
2491   			1.05   		   		
2497   			1.22   		   		
2502   			-0.28   		   		
2508   			1.28   		   		
2514   			1.63   		   		
2520   			1.45   		   		
2525   			1.80   		   		
2531   			1.05   		   		
2537   			0.53   		   		
2542   			1.05   		   		
2548   			0.24   		   		
2554   			0.55   		   		
2560   			0.95   		   		
2565   			0.08   		   		
2571   			0.20   		   		
2577   			0.95   		   		
2583   			1.20   		   		
2588   			1.03   		   		
2594   			0.33   		   		
2600   			-0.02   		   		
2605   			0.74   		   		
2611   			1.45   		   		
2617   			1.28   		   		
2623   			2.20   		   		
2628   			1.51   		   		
2634   			1.28   		   		
2640   			1.09   		   		
2646   			1.44   		   		
2651   			0.97   		   		
2657   			1.21   		   		
2663   			0.74   		   		
2668   			0.85   		   		
2674   			1.61   		   		
2680   			0.85   		   		
2686   			0.80   		   		
2691   			1.32   		   		
2697   			1.18   		   		
2703   			1.18   		   		
2709   			0.84   		   		
2714   			0.49   		   		
2720   			0.72   		   		
2726   			0.53   		   		
2731   			1.45   		   		
2737   			1.11   		   		
2743   			0.87   		   		
2749   			1.11   		   		
2754   			1.93   		   		
2760   			0.95   		   		
2766   			0.54   		   		
2772   			0.54   		   		
2777   			0.08   		   		
2783   			0.10   		   		
2789   			0.10   		   		
2794   			-0.07   		   		
2800   			0.33   		   		
2806   			1.43   		   		
2812   			1.05   		   		
2817   			0.18   		   		
2823   			1.22   		   		
2829   			-1.56   		   		
2834   			0.82   		   		
2840   			0.90   		   		
2846   			0.55   		   		
2852   			0.78   		   		
2857   			0.43   		   		
2863   			0.37   		   		
2869   			0.95   		   		
2875   			0.43   		   		
2880   			0.03   		   		
2886   			0.14   		   		
2892   			-2.00   		   		
2897   			0.64   		   		
2903   			1.05   		   		
2909   			0.35   		   		
2915   			0.58   		   		
2920   			0.41   		   		
2926   			1.09   		   		
2932   			0.63   		   		
2938   			1.44   		   		
2943   			0.51   		   		
2949   			0.28   		   		
2955   			-1.44   		   		
2960   			0.82   		   		
2966   			0.99   		   		
2972   			1.11   		   		
2978   			1.34   		   		
2983   			1.20   		   		
2989   			1.03   		   		
2995   			0.85   		   		
3001   			0.91   		   		
3006   			1.20   		   		
3012   			0.22   		   		
3018   			-0.30   		   		
3023   			1.20   		   		
3029   			0.91   		   		
3035   			0.80   		   		
3041   			0.91   		   		
3046   			0.45   		   		
3052   			0.74   		   		
3058   			0.85   		   		
3064   			1.26   		   		
3069   			1.03   		   		
3075   			1.20   		   		
3081   			0.85   		   		
3086   			1.20   		   		
3092   			1.37   		   		
3098   			1.03   		   		
3104   			0.51   		   		
3109   			0.68   		   		
3115   			0.56   		   		
3121   			0.04   		   		
3127   			0.56   		   		
3132   			1.78   		   		
3138   			0.74   		   		
3144   			1.32   		   		
3149   			0.45   		   		
3155   			0.33   		   		
3161   			0.56   		   		
3167   			0.74   		   		
3172   			0.97   		   		
3178   			0.56   		   		
3184   			0.06   		   		
3190   			-0.05   		   		
3195   			0.41   		   		
3201   			0.76   		   		
3207   			0.70   		   		
3212   			0.97   		   		
3218   			0.80   		   		
3224   			0.27   		   		
3230   			0.22   		   		
3235   			0.04   		   		
3241   			0.87   		   		
3247   			0.99   		   		
3253   			0.82   		   		
3258   			0.70   		   		
3264   			1.11   		   		
3270   			0.62   		   		
3275   			0.22   		   		
3281   			0.27   		   		
3287   			1.14   		   		
3293   			0.85   		   		
3298   			0.74   		   		
3304   			0.45   		   		
3310   			1.03   		   		
3316   			0.22   		   		
3321   			1.26   		   		
3327   			1.40   		   		
3333   			0.87   		   		
3338   			0.76   		   		
3344   			0.64   		   		
3350   			1.28   		   		
3356   			1.18   		   		
3361   			1.65   		   		
3367   			1.42   		   		
3373   			1.13   		   		
3379   			0.78   		   		
3384   			0.70   		   		
3390   			1.16   		   		
3396   			1.45   		   		
3401   			0.87   		   		
3407   			1.80   		   		
3413   			1.11   		   		
3419   			1.34   		   		
3424   			1.40   		   		
3430   			1.63   		   		
3436   			0.93   		   		
3442   			1.45   		   		
3447   			1.28   		   		
3453   			1.45   		   		
3459   			1.16   		   		
3464   			0.53   		   		
3470   			0.95   		   		
3476   			1.76   		   		
3482   			1.47   		   		
3487   			0.49   		   		
3493   			0.72   		   		
3499   			1.11   		   		
3505   			1.05   		   		
3510   			0.24   		   		
3516   			0.47   		   		
3522   			0.58   		   		
3527   			1.05   		   		
3533   			0.47   		   		
3539   			-0.05   		   		
3545   			0.47   		   		
3550   			1.16   		   		
3556   			1.51   		   		
3562   			1.11   		   		
3568   			0.35   		   		
3573   			0.47   		   		
3579   			0.41   		   		
3585   			1.68   		   		
3590   			0.70   		   		
3596   			1.34   		   		
3602   			0.82   		   		
3608   			1.68   		   		
3613   			1.49   		   		
3619   			1.84   		   		
3625   			1.43   		   		
3631   			1.26   		   		
3636   			1.37   		   		
3642   			0.99   		   		
3648   			0.82   		   		
3653   			0.47   		   		
3659   			0.58   		   		
3665   			1.05   		   		
3671   			0.76   		   		
3676   			1.63   		   		
3682   			1.97   		   		
3688   			1.40   		   		
3694   			0.41   		   		
3699   			1.05   		   		
3705   			1.34   		   		
3711   			1.92   		   		
3716   			1.34   		   		
3722   			1.05   		   		
3728   			0.24   		   		
3734   			0.99   		   		
3739   			0.87   		   		
3745   			0.01   		   		
3751   			0.64   		   		
3757   			1.43   		   		
3762   			0.39   		   		
3768   			1.26   		   		
3774   			0.45   		   		
3779   			1.61   		   		
3785   			0.76   		   		
3791   			1.51   		   		
3797   			0.99   		   		
3802   			1.34   		   		
3808   			1.74   		   		
3814   			1.51   		   		
3819   			2.09   		   		
3825   			1.28   		   		
3831   			0.99   		   		
3837   			1.22   		   		
3842   			1.08   		   		
3848   			1.32   		   		
3854   			1.61   		   		
3860   			0.85   		   		
3865   			1.03   		   		
3871   			1.16   		   		
3877   			-0.34   		   		
3882   			0.18   		   		
3888   			1.16   		   		
3894   			1.28   		   		
3900   			1.08   		   		
3905   			1.20   		   		
3911   			0.91   		   		
3917   			1.08   		   		
3923   			0.97   		   		
3928   			1.11   		   		
3934   			0.30   		   		
3940   			0.41   		   		
3945   			0.58   		   		
3951   			1.05   		   		
3957   			0.40   		   		
3963   			0.68   		   		
3968   			0.51   		   		
3974   			0.05   		   		
3980   			0.57   		   		
3986   			0.70   		   		
3991   			0.12   		   		
3997   			1.16   		   		
4003   			0.01   		   		
4008   			0.76   		   		
4014   			0.58   		   		
4020   			0.53   		   		
4026   			0.47   		   		
4031   			0.64   		   		
4037   			0.82   		   		
4043   			1.11   		   		
4049   			1.16   		   		
4054   			1.05   		   		
4060   			0.58   		   		
4066   			0.41   		   		
4071   			0.49   		   		
4077   			1.13   		   		
4083   			1.07   		   		
4089   			0.84   		   		
4094   			0.32   		   		
4100   			0.93   		   		
4106   			0.58   		   		
4112   			1.16   		   		
4117   			1.57   		   		
4123   			1.63   		   		
4129   			1.55   		   		
4134   			2.30   		   		
4140   			1.21   		   		
4146   			1.78   		   		
4152   			1.32   		   		
4157   			1.49   		   		
4163   			1.08   		   		
4169   			2.01   		   		
4175   			0.74   		   		
4180   			1.08   		   		
4186   			1.37   		   		
4192   			1.32   		   		
4197   			1.43   		   		
4203   			1.14   		   		
4209   			0.51   		   		
4215   			0.87   		   		
4220   			2.09   		   		
4226   			1.97   		   		
4232   			1.45   		   		
4238   			0.93   		   		
4243   			1.34   		   		
4249   			0.93   		   		
4255   			0.76   		   		
4260   			1.57   		   		
4266   			1.05   		   		
4272   			1.92   		   		
4278   			1.57   		   		
4283   			1.34   		   		
4289   			1.68   		   		
4295   			1.16   		   		
4301   			1.68   		   		
4306   			2.20   		   		
4312   			2.03   		   		
4318   			1.34   		   		
4323   			1.11   		   		
4329   			1.34   		   		
4335   			1.05   		   		
4341   			1.28   		   		
4346   			0.82   		   		
4352   			1.22   		   		
4358   			-1.10   		   		
4363   			0.53   		   		
4369   			-0.28   		   		
4375   			0.70   		   		
4381   			0.93   		   		
4386   			1.18   		   		
4392   			0.72   		   		
4398   			0.14   		   		
4404   			0.61   		   		
4409   			0.37   		   		
4415   			0.85   		   		
4421   			-0.94   		   		
4426   			1.20   		   		
4432   			1.55   		   		
4438   			0.68   		   		
4444   			1.40   		   		
4449   			0.47   		   		
4455   			0.12   		   		
4461   			-0.11   		   		
4467   			0.24   		   		
4472   			-0.21   		   		
4478   			0.37   		   		
4484   			-1.36   		   		
4489   			0.84   		   		
4495   			0.84   		   		
4501   			1.32   		   		
4507   			-0.07   		   		
4512   			-0.36   		   		
4518   			0.68   		   		
4524   			0.39   		   		
4530   			0.66   		   		
4535   			0.90   		   		
4541   			0.72   		   		
4547   			0.95   		   		
4552   			-0.03   		   		
4558   			0.45   		   		
4564   			0.45   		   		
4570   			0.22   		   		
4575   			0.22   		   		
4581   			1.14   		   		
4587   			0.58   		   		
4593   			1.57   		   		
4598   			1.34   		   		
4604   			1.45   		   		
4610   			1.68   		   		
4615   			0.39   		   		
4621   			0.80   		   		
4627   			0.74   		   		
4633   			0.74   		   		
4638   			0.91   		   		
4644   			1.14   		   		
4650   			1.49   		   		
4656   			1.08   		   		
4661   			1.37   		   		
4667   			0.91   		   		
4673   			0.41   		   		
4678   			0.53   		   		
4684   			0.82   		   		
4690   			0.70   		   		
4696   			0.47   		   		
4701   			1.28   		   		
4707   			0.76   		   		
4713   			1.40   		   		
4719   			1.22   		   		
4724   			1.28   		   		
4730   			1.55   		   		
4736   			0.51   		   		
4741   			0.80   		   		
4747   			0.63   		   		
4753   			1.21   		   		
4759   			1.32   		   		
4764   			1.08   		   		
4770   			0.97   		   		
4776   			0.80   		   		
4782   			0.62   		   		
4787   			-0.13   		   		
4793   			-0.02   		   		
4799   			0.16   		   		
4804   			0.56   		   		
4810   			0.80   		   		
4816   			1.05   		   		
4822   			0.41   		   		
4827   			0.93   		   		
4833   			1.16   		   		
4839   			0.24   		   		
4845   			0.45   		   		
4850   			0.62   		   		
4856   			0.33   		   		
4862   			0.39   		   		
4867   			1.03   		   		
4873   			0.54   		   		
4879   			0.25   		   		
4885   			-0.21   		   		
4890   			-0.04   		   		
4896   			0.72   		   		
4902   			-0.13   		   		
4908   			0.33   		   		
4913   			0.45   		   		
4919   			0.68   		   		
4925   			0.04   		   		
4930   			-0.61   		   		
4936   			0.32   		   		
4942   			0.90   		   		
4948   			-0.15   		   		
4953   			0.20   		   		
4959   			0.70   		   		
4965   			1.28   		   		
4971   			1.11   		   		
4976   			0.53   		   		
4982   			-0.23   		   		
4988   			-0.71   		   		
4993   			0.10   		   		
4999   			-0.48   		   		
5005   			-0.07   		   		
5011   			0.27   		   		
5016   			-0.05   		   		
5022   			0.30   		   		
5028   			0.58   		   		
5034   			0.18   		   		
5039   			1.28   		   		
5045   			1.03   		   		
5051   			0.91   		   		
5056   			1.14   		   		
5062   			1.20   		   		
5068   			0.16   		   		
5074   			0.95   		   		
5079   			0.20   		   		
5085   			0.89   		   		
5091   			0.49   		   		
5097   			-0.27   		   		
5102   			-0.59   		   		
5108   			-0.42   		   		
5114   			-0.54   		   		
5119   			0.45   		   		
5125   			0.68   		   		
5131   			0.51   		   		
5137   			-0.13   		   		
5142   			0.22   		   		
5148   			0.39   		   		
5154   			0.22   		   		
5160   			-0.34   		   		
5165   			0.47   		   		
5171   			0.12   		   		
5177   			0.99   		   		
5182   			0.12   		   		
5188   			1.34   		   		
5194   			0.93   		   		
5200   			0.01   		   		
5205   			0.18   		   		
5211   			0.24   		   		
5217   			0.16   		   		
5223   			0.39   		   		
5228   			0.22   		   		
5234   			0.85   		   		
5240   			-0.36   		   		
5245   			0.82   		   		
5251   			0.30   		   		
5257   			-0.69   		   		
5263   			-0.63   		   		
5268   			-0.46   		   		
5274   			-0.30   		   		
5280   			-1.52   		   		
5285   			0.63   		   		
5291   			0.80   		   		
5297   			0.97   		   		
5303   			0.01   		   		
5308   			0.53   		   		
5314   			0.87   		   		
5320   			0.53   		   		
5326   			0.64   		   		
5331   			1.74   		   		
5337   			0.93   		   		
5343   			-1.91   		   		
5348   			1.11   		   		
5354   			0.70   		   		
5360   			0.41   		   		
5366   			0.99   		   		
5371   			1.68   		   		
5377   			0.35   		   		
5383   			0.41   		   		
5389   			0.56   		   		
5394   			0.91   		   		
5400   			1.32   		   		
5406   			0.68   		   		
5411   			-0.07   		   		
5417   			0.68   		   		
5423   			0.56   		   		
5429   			0.45   		   		
5434   			1.14   		   		
5440   			0.80   		   		
5446   			0.39   		   		
5452   			0.80   		   		
5457   			0.22   		   		
5463   			0.16   		   		
5469   			0.22   		   		
5474   			1.37   		   		
5480   			1.84   		   		
5486   			1.78   		   		
5492   			1.20   		   		
5497   			0.68   		   		
5503   			1.05   		   		
5509   			0.30   		   		
5515   			0.93   		   		
5520   			1.45   		   		
5526   			1.51   		   		
5532   			1.71   		   		
5537   			1.30   		   		
5543   			1.30   		   		
5549   			0.55   		   		
5555   			1.01   		   		
5560   			1.05   		   		
5566   			1.40   		   		
5572   			0.64   		   		
5578   			1.05   		   		
5583   			1.51   		   		
5589   			0.87   		   		
5595   			0.99   		   		
5600   			0.76   		   		
5606   			0.41   		   		
5612   			0.87   		   		
5618   			0.64   		   		
5623   			0.93   		   		
5629   			1.28   		   		
5635   			1.97   		   		
5641   			1.80   		   		
5646   			1.50   		   		
5652   			-0.13   		   		
5658   			0.63   		   		
5663   			-0.01   		   		
5669   			-0.07   		   		
5675   			0.76   		   		
5681   			0.53   		   		
5686   			1.05   		   		
5692   			0.93   		   		
5698   			1.74   		   		
5704   			1.14   		   		
5709   			1.20   		   		
5715   			2.01   		   		
5721   			0.97   		   		
5726   			1.55   		   		
5732   			1.68   		   		
5738   			1.68   		   		
5744   			1.63   		   		
5749   			2.03   		   		
5755   			1.68   		   		
5761   			1.61   		   		
5767   			2.30   		   		
5772   			2.07   		   		
5778   			3.28   		   		
5784   			2.47   		   		
5789   			3.13   		   		
5795   			2.84   		   		
5801   			2.67   		   		
5807   			3.07   		   		
5812   			2.55   		   		
5818   			3.03   		   		
5824   			1.18   		   		
5830   			2.69   		   		
5835   			3.78   		   		
5841   			3.27   		   		
5847   			2.84   		   		
5852   			3.53   		   		
5858   			3.59   		   		
5864   			2.67   		   		
5870   			3.30   		   		
5875   			3.90   		   		
5881   			4.94   		   		
5887   			1.36   		   		
5892   			2.80   		   		
5898   			2.63   		   		
5904   			3.30   		   		
5910   			2.72   		   		
5915   			3.30   		   		
5921   			2.38   		   		
5927   			3.13   		   		
5933   			2.75   		   		
5938   			3.09   		   		
5944   			4.25   		   		
5950   			2.17   		   		
5955   			3.32   		   		
5961   			3.46   		   		
5967   			3.81   		   		
5973   			4.21   		   		
5978   			4.33   		   		
5984   			3.81   		   		
5990   			3.84   		   		
5996   			3.73   		   		
6001   			4.53   		   		
6007   			4.94   		   		
6013   			2.92   		   		
6018   			4.15   		   		
6024   			3.63   		   		
6030   			4.32   		   		
6036   			4.20   		   		
6041   			4.15   		   		
6047   			4.23   		   		
6053   			4.34   		   		
6059   			4.17   		   		
6064   			4.28   		   		
6070   			3.99   		   		
6076   			4.13   		   		
6081   			4.19   		   		
6087   			4.02   		   		
6093   			4.59   		   		
6099   			4.53   		   		
6104   			5.13   		   		
6110   			4.61   		   		
6116   			3.80   		   		
6122   			4.15   		   		
6127   			4.78   		   		
6133   			4.34   		   		
6139   			4.57   		   		
6144   			4.51   		   		
6150   			4.23   		   		
6156   			3.42   		   		
6162   			4.32   		   		
6167   			4.09   		   		
6173   			5.18   		   		
6179   			5.13   		   		
6185   			5.88   		   		
6190   			4.97   		   		
6196   			5.61   		   		
6202   			5.61   		   		
6207   			5.32   		   		
6213   			5.03   		   		
6219   			4.88   		   		
6225   			6.03   		   		
6230   			5.51   		   		
6236   			6.32   		   		
6242   			5.86   		   		
6248   			6.61   		   		
6253   			5.23   		   		
6259   			4.42   		   		
6265   			5.97   		   		
6270   			6.49   		   		
6276   			5.90   		   		
6282   			6.24   		   		
6288   			5.15   		   		
6293   			5.38   		   		
6299   			5.09   		   		
6305   			5.44   		   		
6311   			6.36   		   		
6316   			6.59   		   		
6322   			6.36   		   		
6328   			5.78   		   		
6333   			6.30   		   		
6339   			5.61   		   		
6345   			5.03   		   		
6351   			4.80   		   		
6356   			4.97   		   		
6362   			6.59   		   		
6368   			5.49   		   		
6374   			5.72   		   		
6379   			5.72   		   		
6385   			4.69   		   		
6391   			5.41   		   		
6396   			5.93   		   		
6402   			5.70   		   		
6408   			6.22   		   		
6414   			5.41   		   		
6419   			6.51   		   		
6425   			6.34   		   		
6431   			6.34   		   		
6437   			6.85   		   		
6442   			7.49   		   		
6448   			7.03   		   		
6454   			7.03   		   		
6459   			6.05   		   		
6465   			6.69   		   		
6471   			6.97   		   		
6477   			6.26   		   		
6482   			7.13   		   		
6488   			5.97   		   		
6494   			6.72   		   		
6500   			6.90   		   		
6505   			6.93   		   		
6511   			7.05   		   		
6517   			6.47   		   		
6522   			7.51   		   		
6528   			7.39   		   		
6534   			7.49   		   		
6540   			7.95   		   		
6545   			8.35   		   		
6551   			8.63   		   		
6557   			7.26   		   		
6563   			7.79   		   		
6568   			7.68   		   		
6574   			7.68   		   		
6580   			8.37   		   		
6585   			7.39   		   		
6591   			8.10   		   		
6597   			8.33   		   		
6603   			7.76   		   		
6608   			7.99   		   		
6614   			7.87   		   		
6620   			6.05   		   		
6625   			8.58   		   		
6631   			8.70   		   		
6637   			8.35   		   		
6643   			8.70   		   		
6648   			9.15   		   		
6654   			8.86   		   		
6660   			8.23   		   		
6666   			9.09   		   		
6671   			8.52   		   		
6677   			8.77   		   		
6683   			9.23   		   		
6688   			8.83   		   		
6694   			9.52   		   		
6700   			8.83   		   		
6706   			9.11   		   		
6711   			8.77   		   		
6717   			9.29   		   		
6723   			8.71   		   		
6729   			9.63   		   		
6734   			8.85   		   		
6740   			8.79   		   		
6746   			6.84   		   		
6751   			8.68   		   		
6757   			8.56   		   		
6763   			9.29   		   		
6769   			9.06   		   		
6774   			9.34   		   		
6780   			9.74   		   		
6786   			8.65   		   		
6792   			9.26   		   		
6797   			9.32   		   		
6803   			9.55   		   		
6809   			7.72   		   		
6814   			9.26   		   		
6820   			9.23   		   		
6826   			9.92   		   		
6832   			9.34   		   		
6837   			8.77   		   		
6843   			8.77   		   		
6849   			8.83   		   		
6855   			9.40   		   		
6860   			8.83   		   		
6866   			9.11   		   		
6872   			6.41   		   		
6877   			9.21   		   		
6883   			8.63   		   		
6889   			9.49   		   		
6895   			10.18   		   		
6900   			9.26   		   		
6906   			9.06   		   		
6912   			9.46   		   		
6918   			9.29   		   		
6923   			9.11   		   		
6929   			9.86   		   		
6935   			7.79   		   		
6940   			9.69   		   		
6946   			10.32   		   		
6952   			9.29   		   		
6958   			9.74   		   		
6963   			9.71   		   		
6969   			10.80   		   		
6975   			11.66   		   		
6981   			10.68   		   		
6986   			9.99   		   		
6992   			10.51   		   		
6998   			10.68   		   		
7003   			11.83   		   		
7009   			11.48   		   		
7015   			11.37   		   		
7021   			11.37   		   		
7026   			11.83   		   		
7032   			11.77   		   		
7038   			12.06   		   		
7044   			12.11   		   		
7049   			11.75   		   		
7055   			12.15   		   		
7061   			12.55   		   		
7066   			11.81   		   		
7072   			12.09   		   		
7078   			11.75   		   		
7084   			12.49   		   		
7089   			11.98   		   		
7095   			13.01   		   		
7101   			12.21   		   		
7107   			13.14   		   		
7112   			12.28   		   		
7118   			12.85   		   		
7124   			12.74   		   		
7129   			12.45   		   		
7135   			13.08   		   		
7141   			12.63   		   		
7147   			12.68   		   		
7152   			13.14   		   		
7158   			12.00   		   		
7164   			12.93   		   		
7170   			13.10   		   		
7175   			13.33   		   		
7181   			13.16   		   		
7187   			12.41   		   		
7192   			12.81   		   		
7198   			12.07   		   		
7204   			12.47   		   		
7210   			13.38   		   		
7215   			13.38   		   		
7221   			12.72   		   		
7227   			13.41   		   		
7233   			12.78   		   		
7238   			13.06   		   		
7244   			13.12   		   		
7250   			14.05   		   		
7255   			13.37   		   		
7261   			13.88   		   		
7267   			12.28   		   		
7273   			13.54   		   		
7278   			13.65   		   		
7284   			13.71   		   		
7290   			14.45   		   		
7295   			13.76   		   		
7301   			14.05   		   		
7307   			13.65   		   		
7313   			13.88   		   		
7318   			13.65   		   		
7324   			13.77   		   		
7330   			14.11   		   		
7336   			13.61   		   		
7341   			13.96   		   		
7347   			13.38   		   		
7353   			13.73   		   		
7358   			13.96   		   		
7364   			13.77   		   		
7370   			14.11   		   		
7376   			13.31   		   		
7381   			13.43   		   		
7387   			13.60   		   		
7393   			13.16   		   		
7399   			13.27   		   		
7404   			14.58   		   		
7410   			14.35   		   		
7416   			13.27   		   		
7421   			13.65   		   		
7427   			13.54   		   		
7433   			14.57   		   		
7439   			13.77   		   		
7444   			13.94   		   		
7450   			14.15   		   		
7456   			13.63   		   		
7462   			13.41   		   		
7467   			13.58   		   		
7473   			13.69   		   		
7479   			13.26   		   		
7484   			14.28   		   		
7490   			13.65   		   		
7496   			14.62   		   		
7502   			14.51   		   		
7507   			13.54   		   		
7513   			13.83   		   		
7519   			14.00   		   		
7525   			14.00   		   		
7530   			13.14   		   		
7536   			13.18   		   		
7542   			11.23   		   		
7547   			13.46   		   		
7553   			13.01   		   		
7559   			12.66   		   		
7565   			13.26   		   		
7570   			14.00   		   		
7576   			12.74   		   		
7582   			13.37   		   		
7588   			13.08   		   		
7593   			12.76   		   		
7599   			13.62   		   		
7605   			11.50   		   		
7610   			14.02   		   		
7616   			13.28   		   		
7622   			13.21   		   		
7628   			12.64   		   		
7633   			13.56   		   		
7639   			12.18   		   		
7645   			13.21   		   		
7651   			13.18   		   		
7656   			13.12   		   		
7662   			13.23   		   		
7668   			12.09   		   		
7673   			12.55   		   		
7679   			13.12   		   		
7685   			13.18   		   		
7691   			12.78   		   		
7696   			12.72   		   		
7702   			13.75   		   		
7708   			13.63   		   		
7714   			13.63   		   		
7719   			13.06   		   		
7725   			13.12   		   		
7731   			12.89   		   		
7736   			13.18   		   		
7742   			13.35   		   		
7748   			13.01   		   		
7754   			12.78   		   		
7759   			13.75   		   		
7765   			13.06   		   		
7771   			13.18   		   		
7777   			12.38   		   		
7782   			13.46   		   		
7788   			12.15   		   		
7794   			12.47   		   		
7799   			12.18   		   		
7805   			12.53   		   		
7811   			12.01   		   		
7817   			11.27   		   		
7822   			10.26   		   		
7828   			11.63   		   		
7834   			12.38   		   		
7840   			12.09   		   		
7845   			12.66   		   		
7851   			12.66   		   		
7857   			11.86   		   		
7862   			13.18   		   		
7868   			13.29   		   		
7874   			13.23   		   		
7880   			12.34   		   		
7885   			12.34   		   		
7891   			12.28   		   		
7897   			12.40   		   		
7903   			12.74   		   		
7908   			12.66   		   		
7914   			12.95   		   		
7920   			12.83   		   		
7925   			13.46   		   		
7931   			13.52   		   		
7937   			12.89   		   		
7943   			11.92   		   		
7948   			11.81   		   		
7954   			12.09   		   		
7960   			12.89   		   		
7966   			12.66   		   		
7971   			12.61   		   		
7977   			12.49   		   		
7983   			12.43   		   		
7988   			12.09   		   		
7994   			12.21   		   		
8000   			12.61   		   		
8006   			12.55   		   		
8011   			12.15   		   		
8017   			12.43   		   		
8023   			11.44   		   		
8029   			11.33   		   		
8034   			11.90   		   		
8040   			11.78   		   		
8046   			12.30   		   		
8051   			12.61   		   		
8057   			12.83   		   		
8063   			13.41   		   		
8069   			14.03   		   		
8074   			13.58   		   		
8080   			13.33   		   		
8086   			12.93   		   		
8092   			12.31   		   		
8097   			13.56   		   		
8103   			12.82   		   		
8109   			12.15   		   		
8114   			12.38   		   		
8120   			12.09   		   		
8126   			12.89   		   		
8132   			12.03   		   		
8137   			12.02   		   		
8143   			12.31   		   		
8149   			12.99   		   		
8155   			12.65   		   		
8160   			12.88   		   		
8166   			13.03   		   		
8172   			13.03   		   		
8177   			13.48   		   		
8183   			13.65   		   		
8189   			13.31   		   		
8195   			13.61   		   		
8200   			13.10   		   		
8206   			13.67   		   		
8212   			13.27   		   		
8218   			12.41   		   		
8223   			13.19   		   		
8229   			12.91   		   		
8235   			13.19   		   		
8240   			13.25   		   		
8246   			13.76   		   		
8252   			13.86   		   		
8258   			13.01   		   		
8263   			12.32   		   		
8269   			12.83   		   		
8275   			10.78   		   		
8280   			13.10   		   		
8286   			12.58   		   		
8292   			12.36   		   		
8298   			13.27   		   		
8303   			13.04   		   		
8309   			13.48   		   		
8315   			13.60   		   		
8321   			12.28   		   		
8326   			12.57   		   		
8332   			13.20   		   		
8338   			7.79   		   		
8343   			12.61   		   		
8349   			13.41   		   		
8355   			12.32   		   		
8361   			12.61   		   		
8366   			12.47   		   		
8372   			13.16   		   		
8378   			12.47   		   		
8384   			12.47   		   		
8389   			13.50   		   		
8395   			12.49   		   		
8401   			12.78   		   		
8406   			11.58   		   		
8412   			11.92   		   		
8418   			11.81   		   		
8424   			11.35   		   		
8429   			11.92   		   		
8435   			12.38   		   		
8441   			12.95   		   		
8447   			11.98   		   		
8452   			11.71   		   		
8458   			11.88   		   		
8464   			12.23   		   		
8469   			12.86   		   		
8475   			12.51   		   		
8481   			12.49   		   		
8487   			12.03   		   		
8492   			12.43   		   		
8498   			11.75   		   		
8504   			12.38   		   		
8510   			12.07   		   		
8515   			12.18   		   		
8521   			12.13   		   		
8527   			12.13   		   		
8532   			11.73   		   		
8538   			11.52   		   		
8544   			12.95   		   		
8550   			12.55   		   		
8555   			12.32   		   		
8561   			11.98   		   		
8567   			12.70   		   		
8573   			12.58   		   		
8578   			12.93   		   		
8584   			13.38   		   		
8590   			12.98   		   		
8595   			13.29   		   		
8601   			13.86   		   		
8607   			14.03   		   		
8613   			13.75   		   		
8618   			13.23   		   		
8624   			13.41   		   		
8630   			13.01   		   		
8636   			13.58   		   		
8641   			13.80   		   		
8647   			12.83   		   		
8653   			13.10   		   		
8658   			12.18   		   		
8664   			12.93   		   		
8670   			12.18   		   		
8676   			12.98   		   		
8681   			12.95   		   		
8687   			13.23   		   		
8693   			12.55   		   		
8698   			11.86   		   		
8704   			12.03   		   		
8710   			11.98   		   		
8716   			12.55   		   		
8721   			13.23   		   		
8727   			13.35   		   		
8733   			12.49   		   		
8739   			12.43   		   		
8744   			13.12   		   		
8750   			12.15   		   		
8756   			10.78   		   		
8761   			12.72   		   		
8767   			12.72   		   		
8773   			12.32   		   		
8779   			12.26   		   		
8784   			13.12   		   		
8790   			12.55   		   		
8796   			12.46   		   		
8802   			12.97   		   		
8807   			12.74   		   		
8813   			12.40   		   		
8819   			10.80   		   		
8824   			12.89   		   		
8830   			12.95   		   		
8836   			13.18   		   		
8842   			12.66   		   		
8847   			12.61   		   		
8853   			13.60   		   		
8859   			13.14   		   		
8865   			12.86   		   		
8870   			13.37   		   		
8876   			12.86   		   		
8882   			13.54   		   		
8887   			13.60   		   		
8893   			13.83   		   		
8899   			14.17   		   		
8905   			12.91   		   		
8910   			12.76   		   		
8916   			13.27   		   		
8922   			12.76   		   		
8928   			13.21   		   		
8933   			13.27   		   		
8939   			12.28   		   		
8945   			13.31   		   		
8950   			12.86   		   		
8956   			13.43   		   		
8962   			13.77   		   		
8968   			13.58   		   		
8973   			13.29   		   		
8979   			14.15   		   		
8985   			13.23   		   		
8991   			13.06   		   		
8996   			12.87   		   		
9002   			12.81   		   		
9008   			13.44   		   		
9013   			13.10   		   		
9019   			12.87   		   		
9025   			12.43   		   		
9031   			12.09   		   		
9036   			13.01   		   		
9042   			12.32   		   		
9048   			12.26   		   		
9054   			12.38   		   		
9059   			13.52   		   		
9065   			12.43   		   		
9071   			12.78   		   		
9076   			13.58   		   		
9082   			12.66   		   		
9088   			12.43   		   		
9094   			13.01   		   		
9099   			12.72   		   		
9105   			13.18   		   		
9111   			13.84   		   		
9117   			12.64   		   		
9122   			13.56   		   		
9128   			12.93   		   		
9134   			12.70   		   		
9139   			13.92   		   		
9145   			14.09   		   		
9151   			13.46   		   		
9157   			13.80   		   		
9162   			13.06   		   		
9168   			13.56   		   		
9174   			13.67   		   		
9180   			14.07   		   		
9185   			13.50   		   		
9191   			13.61   		   		
9197   			12.93   		   		
9202   			13.73   		   		
9208   			13.73   		   		
9214   			13.16   		   		
9220   			12.58   		   		
9225   			13.35   		   		
9231   			13.18   		   		
9237   			7.68   		   		
9242   			12.09   		   		
9248   			11.86   		   		
9254   			12.07   		   		
9260   			11.38   		   		
9265   			11.33   		   		
9271   			12.64   		   		
9277   			12.07   		   		
9283   			12.68   		   		
9288   			12.57   		   		
9294   			12.86   		   		
9300   			7.30   		   		
9305   			12.23   		   		
9311   			11.90   		   		
9317   			12.41   		   		
9323   			11.67   		   		
9328   			11.50   		   		
9334   			10.98   		   		
9340   			12.07   		   		
9346   			12.13   		   		
9351   			11.56   		   		
9357   			11.16   		   		
9363   			6.80   		   		
9368   			12.26   		   		
9374   			11.69   		   		
9380   			11.98   		   		
9386   			12.09   		   		
9391   			11.69   		   		
9397   			11.69   		   		
9403   			11.58   		   		
9409   			12.09   		   		
9414   			12.78   		   		
9420   			12.21   		   		
9426   			11.77   		   		
9431   			11.31   		   		
9437   			12.23   		   		
9443   			11.66   		   		
9449   			11.88   		   		
9454   			11.00   		   		
9460   			11.18   		   		
9466   			11.75   		   		
9472   			11.06   		   		
9477   			11.06   		   		
9483   			11.69   		   		
9489   			10.66   		   		
9494   			11.06   		   		
9500   			11.75   		   		
9506   			11.86   		   		
9512   			12.83   		   		
9517   			11.92   		   		
9523   			11.86   		   		
9529   			11.29   		   		
9535   			10.78   		   		
9540   			11.63   		   		
9546   			11.63   		   		
9552   			11.46   		   		
9557   			11.41   		   		
9563   			11.12   		   		
9569   			11.16   		   		
9575   			11.50   		   		
9580   			11.38   		   		
9586   			11.78   		   		
9592   			11.16   		   		
9598   			11.12   		   		
9603   			11.29   		   		
9609   			11.52   		   		
9615   			11.18   		   		
9620   			11.69   		   		
9626   			11.29   		   		
9632   			11.06   		   		
9638   			10.95   		   		
9643   			11.69   		   		
9649   			12.03   		   		
9655   			11.52   		   		
9661   			11.75   		   		
9666   			11.92   		   		
9672   			11.75   		   		
9678   			10.95   		   		
9683   			10.99   		   		
9689   			11.05   		   		
9695   			11.05   		   		
9701   			11.56   		   		
9706   			12.25   		   		
9712   			11.35   		   		
9718   			11.92   		   		
9723   			11.63   		   		
9729   			11.52   		   		
9735   			11.52   		   		
9741   			11.29   		   		
9746   			12.09   		   		
9752   			11.98   		   		
9758   			10.89   		   		
9764   			11.41   		   		
9769   			11.27   		   		
9775   			10.41   		   		
9781   			9.72   		   		
9786   			12.01   		   		
9792   			11.27   		   		
9798   			11.98   		   		
9804   			11.35   		   		
9809   			10.66   		   		
9815   			10.95   		   		
9821   			12.03   		   		
9827   			11.18   		   		
9832   			11.29   		   		
9838   			11.63   		   		
9844   			10.83   		   		
9849   			11.58   		   		
9855   			11.86   		   		
9861   			11.63   		   		
9867   			11.18   		   		
9872   			12.03   		   		
9878   			12.61   		   		
9884   			11.58   		   		
9890   			12.15   		   		
9895   			11.35   		   		
9901   			11.06   		   		
9907   			11.92   		   		
9912   			12.95   		   		
9918   			11.81   		   		
9924   			12.95   		   		
9930   			11.98   		   		
9935   			11.86   		   		
9941   			12.17   		   		
9947   			12.97   		   		
9953   			12.17   		   		
9958   			11.66   		   		
9964   			12.00   		   		
9970   			13.12   		   		
9975   			11.98   		   		
9981   			12.89   		   		
9987   			11.41   		   		
9993   			11.98   		   		
9998   			12.09   		   		
10004   			11.52   		   		
10010   			11.69   		   		
10016   			11.63   		   		
10021   			12.32   		   		
10027   			12.24   		   		
10033   			11.73   		   		
10038   			12.07   		   		
10044   			11.90   		   		
10050   			12.07   		   		
10056   			10.28   		   		
10061   			11.77   		   		
10067   			12.23   		   		
10073   			11.54   		   		
10079   			12.40   		   		
10084   			12.31   		   		
10090   			12.02   		   		
10096   			11.62   		   		
10101   			11.85   		   		
10107   			10.87   		   		
10113   			11.58   		   		
10119   			11.06   		   		
10124   			11.29   		   		
10130   			11.00   		   		
10136   			11.23   		   		
10142   			11.06   		   		
10147   			11.52   		   		
10153   			11.35   		   		
10159   			11.63   		   		
10164   			11.06   		   		
10170   			12.03   		   		
10176   			11.06   		   		
10182   			11.46   		   		
10187   			12.38   		   		
10193   			11.69   		   		
10199   			11.58   		   		
10205   			12.32   		   		
10210   			11.98   		   		
10216   			12.61   		   		
10222   			11.63   		   		
10227   			12.03   		   		
10233   			12.43   		   		
10239   			12.15   		   		
10245   			11.75   		   		
10250   			11.86   		   		
10256   			11.29   		   		
10262   			11.58   		   		
10268   			11.41   		   		
10273   			11.29   		   		
10279   			11.35   		   		
10285   			11.46   		   		
10290   			11.29   		   		
10296   			11.12   		   		
10302   			12.15   		   		
10308   			11.75   		   		
10313   			12.26   		   		
10319   			12.21   		   		
10325   			10.26   		   		
10330   			11.23   		   		
10336   			12.09   		   		
10342   			11.96   		   		
10348   			12.31   		   		
10353   			12.48   		   		
10359   			12.71   		   		
10365   			12.99   		   		
10371   			12.81   		   		
10376   			12.70   		   		
10382   			13.21   		   		
10388   			11.04   		   		
10393   			12.76   		   		
10399   			13.12   		   		
10405   			12.61   		   		
10411   			12.66   		   		
10416   			12.03   		   		
10422   			12.32   		   		
10428   			11.58   		   		
10434   			12.72   		   		
10439   			11.92   		   		
10445   			11.86   		   		
10451   			10.20   		   		
10456   			11.18   		   		
10462   			11.81   		   		
10468   			11.52   		   		
10474   			11.75   		   		
10479   			11.86   		   		
10485   			11.81   		   		
10491   			11.58   		   		
10497   			12.38   		   		
10502   			12.26   		   		
10508   			11.98   		   		
10514   			11.81   		   		
10519   			11.58   		   		
10525   			12.09   		   		
10531   			11.23   		   		
10537   			10.95   		   		
10542   			11.41   		   		
10548   			11.69   		   		
10554   			11.52   		   		
10560   			11.69   		   		
10565   			11.98   		   		
10571   			12.76   		   		
10577   			12.18   		   		
10582   			12.01   		   		
10588   			12.53   		   		
10594   			12.93   		   		
10600   			11.92   		   		
10605   			12.66   		   		
10611   			11.35   		   		
10617   			11.41   		   		
10623   			11.52   		   		
10628   			11.73   		   		
10634   			11.16   		   		
10640   			11.38   		   		
10645   			12.30   		   		
10651   			12.24   		   		
10657   			11.52   		   		
10663   			11.52   		   		
10668   			11.75   		   		
10674   			12.03   		   		
10680   			12.32   		   		
10686   			10.72   		   		
10691   			11.46   		   		
10697   			11.46   		   		
10703   			12.43   		   		
10708   			11.86   		   		
10714   			12.15   		   		
10720   			11.98   		   		
10726   			10.60   		   		
10731   			11.23   		   		
10737   			11.29   		   		
10743   			12.21   		   		
10749   			10.95   		   		
10754   			11.06   		   		
10760   			10.95   		   		
10766   			11.58   		   		
10771   			11.46   		   		
10777   			11.12   		   		
10783   			11.52   		   		
10789   			11.06   		   		
10794   			11.29   		   		
10800   			11.71   		   		
10806   			11.77   		   		
10812   			10.97   		   		
10817   			10.68   		   		
10823   			11.14   		   		
10829   			11.00   		   		
10834   			11.06   		   		
10840   			11.12   		   		
10846   			11.41   		   		
10852   			11.00   		   		
10857   			11.41   		   		
10863   			11.58   		   		
10869   			11.30   		   		
10874   			11.07   		   		
10880   			11.53   		   		
10886   			10.55   		   		
10892   			11.46   		   		
10897   			11.06   		   		
10903   			10.55   		   		
10909   			10.78   		   		
10915   			11.29   		   		
10920   			11.58   		   		
10926   			11.75   		   		
10932   			9.97   		   		
10937   			10.95   		   		
10943   			10.76   		   		
10949   			10.30   		   		
10955   			11.45   		   		
10960   			10.76   		   		
10966   			11.96   		   		
10972   			11.58   		   		
10978   			10.89   		   		
10983   			11.98   		   		
10989   			11.63   		   		
10995   			11.18   		   		
11000   			12.00   		   		
11006   			11.54   		   		
11012   			10.62   		   		
11018   			11.48   		   		
11023   			12.00   		   		
11029   			11.10   		   		
11035   			11.16   		   		
11041   			11.96   		   		
11046   			12.30   		   		
11052   			11.10   		   		
11058   			11.18   		   		
11063   			11.41   		   		
11069   			11.81   		   		
11075   			11.18   		   		
11081   			11.58   		   		
11086   			12.21   		   		
11092   			11.81   		   		
11098   			11.46   		   		
11104   			12.03   		   		
11109   			12.32   		   		
11115   			11.63   		   		
11121   			11.41   		   		
11126   			11.46   		   		
11132   			11.81   		   		
11138   			10.95   		   		
11144   			11.18   		   		
11149   			12.15   		   		
11155   			11.92   		   		
11161   			11.23   		   		
11167   			11.29   		   		
11172   			11.43   		   		
11178   			11.43   		   		
11184   			11.37   		   		
11189   			11.43   		   		
11195   			11.88   		   		
11201   			11.16   		   		
11207   			11.21   		   		
11212   			10.87   		   		
11218   			10.64   		   		
11224   			10.41   		   		
11230   			10.03   		   		
11235   			10.66   		   		
11241   			10.83   		   		
11247   			11.41   		   		
11252   			10.60   		   		
11258   			10.80   		   		
11264   			9.94   		   		
11270   			10.80   		   		
11275   			11.25   		   		
11281   			10.91   		   		
11287   			10.87   		   		
11293   			11.04   		   		
11298   			11.16   		   		
11304   			11.04   		   		
11310   			11.27   		   		
11315   			10.45   		   		
11321   			10.85   		   		
11327   			9.88   		   		
11333   			9.94   		   		
11338   			9.88   		   		
11344   			10.15   		   		
11350   			10.37   		   		
11356   			10.55   		   		
11361   			10.26   		   		
11367   			10.26   		   		
11373   			9.92   		   		
11378   			10.49   		   		
11384   			10.49   		   		
11390   			8.94   		   		
11396   			10.49   		   		
11401   			10.49   		   		
11407   			10.03   		   		
11413   			9.00   		   		
11418   			8.94   		   		
11424   			9.29   		   		
11430   			10.01   		   		
11436   			10.93   		   		
11441   			10.64   		   		
11447   			10.24   		   		
11453   			10.64   		   		
11459   			10.26   		   		
11464   			11.06   		   		
11470   			11.46   		   		
11476   			8.94   		   		
11481   			10.83   		   		
11487   			10.15   		   		
11493   			10.43   		   		
11499   			10.83   		   		
11504   			10.66   		   		
11510   			10.83   		   		
11516   			10.70   		   		
11522   			11.16   		   		
11527   			10.47   		   		
11533   			9.73   		   		
11539   			10.07   		   		
11544   			9.95   		   		
11550   			10.12   		   		
11556   			10.41   		   		
11562   			10.58   		   		
11567   			11.10   		   		
11573   			10.91   		   		
11579   			10.28   		   		
11585   			11.71   		   		
11590   			10.80   		   		
11596   			10.62   		   		
11602   			10.15   		   		
11607   			10.89   		   		
11613   			9.97   		   		
11619   			9.97   		   		
11625   			9.63   		   		
11630   			9.78   		   		
11636   			10.12   		   		
11642   			10.64   		   		
11648   			11.27   		   		
11653   			11.10   		   		
11659   			11.14   		   		
11665   			11.37   		   		
11670   			10.68   		   		
11676   			10.91   		   		
11682   			11.43   		   		
11688   			11.10   		   		
11693   			11.38   		   		
11699   			11.73   		   		
11705   			10.87   		   		
11711   			11.04   		   		
11716   			11.10   		   		
11722   			11.10   		   		
11728   			10.12   		   		
11733   			11.56   		   		
11739   			11.21   		   		
11745   			10.62   		   		
11751   			10.40   		   		
11756   			11.25   		   		
11762   			11.03   		   		
11768   			10.62   		   		
11774   			9.54   		   		
11779   			10.28   		   		
11785   			10.91   		   		
11791   			10.45   		   		
11796   			10.40   		   		
11802   			10.91   		   		
11808   			11.13   		   		
11814   			10.39   		   		
11819   			11.48   		   		
11825   			10.68   		   		
11831   			11.16   		   		
11837   			10.98   		   		
11842   			10.81   		   		
11848   			11.27   		   		
11854   			11.10   		   		
11859   			10.37   		   		
11865   			10.83   		   		
11871   			11.52   		   		
11877   			11.41   		   		
11882   			12.03   		   		
11888   			10.80   		   		
11894   			9.77   		   		
11899   			11.20   		   		
11905   			10.62   		   		
11911   			11.03   		   		
11917   			11.61   		   		
11922   			11.10   		   		
11928   			11.56   		   		
11934   			11.38   		   		
11940   			10.81   		   		
11945   			11.18   		   		
11951   			9.86   		   		
11957   			9.29   		   		
11962   			10.03   		   		
11968   			11.06   		   		
11974   			11.16   		   		
11980   			10.99   		   		
11985   			10.47   		   		
11991   			11.10   		   		
11997   			11.22   		   		
12003   			10.91   		   		
12008   			11.65   		   		
12014   			11.65   		   		
12020   			10.96   		   		
12025   			11.48   		   		
12031   			11.06   		   		
12037   			11.06   		   		
12043   			11.81   		   		
12048   			11.29   		   		
12054   			10.20   		   		
12060   			11.81   		   		
12066   			11.81   		   		
12071   			10.89   		   		
12077   			11.41   		   		
12083   			11.18   		   		
12088   			11.29   		   		
12094   			11.58   		   		
12100   			11.46   		   		
12106   			12.32   		   		
12111   			11.12   		   		
12117   			10.98   		   		
12123   			10.98   		   		
12129   			10.53   		   		
12134   			10.70   		   		
12140   			10.24   		   		
12146   			10.49   		   		
12151   			10.95   		   		
12157   			9.86   		   		
12163   			9.63   		   		
12169   			10.83   		   		
12174   			10.89   		   		
12180   			10.78   		   		
12186   			10.55   		   		
12192   			10.26   		   		
12197   			10.72   		   		
12203   			10.93   		   		
12209   			10.24   		   		
12214   			9.78   		   		
12220   			9.55   		   		
12226   			9.67   		   		
12232   			10.03   		   		
12237   			9.52   		   		
12243   			10.49   		   		
12249   			10.55   		   		
12255   			10.49   		   		
12260   			10.01   		   		
12266   			10.01   		   		
12272   			10.81   		   		
12277   			10.07   		   		
12283   			10.07   		   		
12289   			10.87   		   		
12295   			11.21   		   		
12300   			10.01   		   		
12306   			10.07   		   		
12312   			10.75   		   		
12317   			10.55   		   		
12323   			11.46   		   		
12329   			10.60   		   		
12335   			10.72   		   		
12340   			10.26   		   		
12346   			11.12   		   		
12352   			10.60   		   		
12358   			10.49   		   		
12363   			10.60   		   		
12369   			10.66   		   		
12375   			9.15   		   		
12380   			10.18   		   		
12386   			10.47   		   		
12392   			10.64   		   		
12398   			10.98   		   		
12403   			11.58   		   		
12409   			11.52   		   		
12415   			11.06   		   		
12421   			11.00   		   		
12426   			10.20   		   		
12432   			11.29   		   		
12438   			10.49   		   		
12443   			11.23   		   		
12449   			10.83   		   		
12455   			11.52   		   		
12461   			11.50   		   		
12466   			11.04   		   		
12472   			10.98   		   		
12478   			10.41   		   		
12484   			10.53   		   		
12489   			11.08   		   		
12495   			12.00   		   		
12501   			11.31   		   		
12506   			11.31   		   		
12512   			11.08   		   		
12518   			11.29   		   		
12524   			11.69   		   		
12529   			11.23   		   		
12535   			12.09   		   		
12541   			11.69   		   		
12547   			11.00   		   		
12552   			11.12   		   		
12558   			12.21   		   		
12564   			11.58   		   		
12569   			11.12   		   		
12575   			11.43   		   		
12581   			10.91   		   		
12587   			11.03   		   		
12592   			10.34   		   		
12598   			10.85   		   		
12604   			10.89   		   		
12610   			11.06   		   		
12615   			11.58   		   		
12621   			10.83   		   		
12627   			11.35   		   		
12632   			10.66   		   		
12638   			11.69   		   		
12644   			11.00   		   		
12650   			10.43   		   		
12655   			11.00   		   		
12661   			10.43   		   		
12667   			12.21   		   		
12672   			11.75   		   		
12678   			10.43   		   		
12684   			10.26   		   		
12690   			11.12   		   		
12695   			10.37   		   		
12701   			10.55   		   		
12707   			10.20   		   		
12713   			10.49   		   		
12718   			10.68   		   		
12724   			10.05   		   		
12730   			8.22   		   		
12735   			9.88   		   		
12741   			9.82   		   		
12747   			9.48   		   		
12753   			9.71   		   		
12758   			9.25   		   		
12764   			10.40   		   		
12770   			10.17   		   		
12776   			9.80   		   		
12781   			10.15   		   		
12787   			10.43   		   		
12793   			8.43   		   		
12798   			10.09   		   		
12804   			10.26   		   		
12810   			11.46   		   		
12816   			10.66   		   		
12821   			10.78   		   		
12827   			10.49   		   		
12833   			11.92   		   		
12839   			10.95   		   		
12844   			11.46   		   		
12850   			11.41   		   		
12856   			11.63   		   		
12861   			10.95   		   		
12867   			11.29   		   		
12873   			10.60   		   		
12879   			10.83   		   		
12884   			11.06   		   		
12890   			10.22   		   		
12896   			11.03   		   		
12902   			10.05   		   		
12907   			10.11   		   		
12913   			10.91   		   		
12919   			10.55   		   		
12924   			10.95   		   		
12930   			10.37   		   		
12936   			10.72   		   		
12942   			10.89   		   		
12947   			11.06   		   		
12953   			10.43   		   		
12959   			10.49   		   		
12965   			10.60   		   		
12970   			10.66   		   		
12976   			10.75   		   		
12982   			10.87   		   		
12987   			10.30   		   		
12993   			11.16   		   		
12999   			11.16   		   		
13005   			10.83   		   		
13010   			9.97   		   		
13016   			10.26   		   		
13022   			9.80   		   		
13028   			9.63   		   		
13033   			9.92   		   		
13039   			9.74   		   		
13045   			10.03   		   		
13050   			10.15   		   		
13056   			10.72   		   		
13062   			10.41   		   		
13068   			10.41   		   		
13073   			10.64   		   		
13079   			9.78   		   		
13085   			9.61   		   		
13091   			9.57   		   		
13096   			10.09   		   		
13102   			10.83   		   		
13108   			10.66   		   		
13113   			10.32   		   		
13119   			11.03   		   		
13125   			11.14   		   		
13131   			11.43   		   		
13136   			10.91   		   		
13142   			9.82   		   		
13148   			11.12   		   		
13154   			10.09   		   		
13159   			10.20   		   		
13165   			10.60   		   		
13171   			10.60   		   		
13176   			11.23   		   		
13182   			11.23   		   		
13188   			11.35   		   		
13194   			11.29   		   		
13199   			11.86   		   		
13205   			11.18   		   		
13211   			9.57   		   		
13216   			10.95   		   		
13222   			11.18   		   		
13228   			11.00   		   		
13234   			10.89   		   		
13239   			11.58   		   		
13245   			11.75   		   		
13251   			10.60   		   		
13257   			11.06   		   		
13262   			10.66   		   		
13268   			10.72   		   		
13274   			9.40   		   		
13279   			10.83   		   		
13285   			10.26   		   		
13291   			10.66   		   		
13297   			10.43   		   		
13302   			10.09   		   		
13308   			10.03   		   		
13314   			10.32   		   		
13320   			9.74   		   		
13325   			9.57   		   		
13331   			10.32   		   		
13337   			10.89   		   		
13342   			10.37   		   		
13348   			9.86   		   		
13354   			9.86   		   		
13360   			10.83   		   		
13365   			10.66   		   		
13371   			9.97   		   		
13377   			9.86   		   		
13383   			10.26   		   		
13388   			10.09   		   		
13394   			10.26   		   		
13400   			9.92   		   		
13405   			10.12   		   		
13411   			10.81   		   		
13417   			10.47   		   		
13423   			10.47   		   		
13428   			10.58   		   		
13434   			10.19   		   		
13440   			10.70   		   		
13446   			11.05   		   		
13451   			10.07   		   		
13457   			9.90   		   		
13463   			10.07   		   		
13468   			10.07   		   		
13474   			10.07   		   		
13480   			11.21   		   		
13486   			11.56   		   		
13491   			10.97   		   		
13497   			10.05   		   		
13503   			10.11   		   		
13509   			10.68   		   		
13514   			10.45   		   		
13520   			10.83   		   		
13526   			10.83   		   		
13531   			10.66   		   		
13537   			9.46   		   		
13543   			10.15   		   		
13549   			9.86   		   		
13554   			9.29   		   		
13560   			10.15   		   		
13566   			10.15   		   		
13572   			10.15   		   		
13577   			9.84   		   		
13583   			10.41   		   		
13589   			10.47   		   		
13594   			9.21   		   		
13600   			10.30   		   		
13606   			9.46   		   		
13612   			9.86   		   		
13617   			9.57   		   		
13623   			10.55   		   		
13629   			9.92   		   		
13635   			9.06   		   		
13640   			9.17   		   		
13646   			9.63   		   		
13652   			10.15   		   		
13657   			9.92   		   		
13663   			9.86   		   		
13669   			9.80   		   		
13675   			9.97   		   		
13680   			9.17   		   		
13686   			8.48   		   		
13692   			6.84   		   		
13697   			8.68   		   		
13703   			8.73   		   		
13709   			9.48   		   		
13715   			8.79   		   		
13720   			10.09   		   		
13726   			10.43   		   		
13732   			9.34   		   		
13738   			10.55   		   		
13743   			9.46   		   		
13749   			9.92   		   		
13755   			8.31   		   		
13760   			9.86   		   		
13766   			10.43   		   		
13772   			10.32   		   		
13778   			11.12   		   		
13783   			9.86   		   		
13789   			10.20   		   		
13795   			9.86   		   		
13801   			9.86   		   		
13806   			9.73   		   		
13812   			9.56   		   		
13818   			10.70   		   		
13823   			10.30   		   		
13829   			10.36   		   		
13835   			10.28   		   		
13841   			9.99   		   		
13846   			9.88   		   		
13852   			10.45   		   		
13858   			9.99   		   		
13864   			9.63   		   		
13869   			9.97   		   		
13875   			9.40   		   		
13881   			9.69   		   		
13886   			10.83   		   		
13892   			10.47   		   		
13898   			9.84   		   		
13904   			10.59   		   		
13909   			9.39   		   		
13915   			10.13   		   		
13921   			8.88   		   		
13927   			9.63   		   		
13932   			9.86   		   		
13938   			9.29   		   		
13944   			9.63   		   		
13949   			9.86   		   		
13955   			9.80   		   		
13961   			10.09   		   		
13967   			10.49   		   		
13972   			9.63   		   		
13978   			10.20   		   		
13984   			10.78   		   		
13990   			10.03   		   		
13995   			10.09   		   		
14001   			9.52   		   		
14007   			8.50   		   		
14012   			9.54   		   		
14018   			9.54   		   		
14024   			9.19   		   		
14030   			9.59   		   		
14035   			9.84   		   		
14041   			10.36   		   		
14047   			10.25   		   		
14053   			9.90   		   		
14058   			10.82   		   		
14064   			9.80   		   		
14070   			9.97   		   		
14075   			8.94   		   		
14081   			9.92   		   		
14087   			9.92   		   		
14093   			10.13   		   		
14098   			9.84   		   		
14104   			10.36   		   		
14110   			9.79   		   		
14116   			9.50   		   		
14121   			9.79   		   		
14127   			9.67   		   		
14133   			9.67   		   		
14138   			10.47   		   		
14144   			9.10   		   		
14150   			8.94   		   		
14156   			9.80   		   		
14161   			9.63   		   		
14167   			9.92   		   		
14173   			10.43   		   		
14179   			9.99   		   		
14184   			9.71   		   		
14190   			10.34   		   		
14196   			9.19   		   		
14201   			9.65   		   		
14207   			9.77   		   		
14213   			10.62   		   		
14219   			11.08   		   		
14224   			10.51   		   		
14230   			9.71   		   		
14236   			9.97   		   		
14242   			9.69   		   		
14247   			10.09   		   		
14253   			10.72   		   		
14259   			10.89   		   		
14264   			10.83   		   		
14270   			10.49   		   		
14276   			10.55   		   		
14282   			11.18   		   		
14287   			10.83   		   		
14293   			11.03   		   		
14299   			10.57   		   		
14304   			10.74   		   		
14310   			10.68   		   		
14316   			10.57   		   		
14322   			10.70   		   		
14327   			10.93   		   		
14333   			10.93   		   		
14339   			11.27   		   		
14345   			12.41   		   		
14350   			11.12   		   		
14356   			11.35   		   		
14362   			9.92   		   		
14367   			10.83   		   		
14373   			11.63   		   		
14379   			10.43   		   		
14385   			10.60   		   		
14390   			11.63   		   		
14396   			11.12   		   		
14402   			10.66   		   		
14408   			10.89   		   		
14413   			11.12   		   		
14419   			10.55   		   		
14425   			8.48   		   		
14430   			10.03   		   		
14436   			9.69   		   		
14442   			10.43   		   		
14448   			9.97   		   		
14453   			9.46   		   		
14459   			10.09   		   		
14465   			10.09   		   		
14471   			9.92   		   		
14476   			9.80   		   		
14482   			10.37   		   		
14488   			7.97   		   		
14493   			10.64   		   		
14499   			10.35   		   		
14505   			10.01   		   		
14511   			10.87   		   		
14516   			10.41   		   		
14522   			10.43   		   		
14528   			10.83   		   		
14534   			11.46   		   		
14539   			10.55   		   		
14545   			10.32   		   		
14551   			9.42   		   		
14556   			11.31   		   		
14562   			10.91   		   		
14568   			10.74   		   		
14574   			11.20   		   		
14579   			10.28   		   		
14585   			11.08   		   		
14591   			10.57   		   		
14597   			11.43   		   		
14602   			10.85   		   		
14608   			10.66   		   		
14614   			10.37   		   		
14619   			10.55   		   		
14625   			10.43   		   		
14631   			10.43   		   		
14637   			9.32   		   		
14642   			10.75   		   		
14648   			10.87   		   		
14654   			10.64   		   		
14660   			10.58   		   		
14665   			10.87   		   		
14671   			10.75   		   		
14677   			10.64   		   		
14682   			10.70   		   		
14688   			10.93   		   		
14694   			9.90   		   		
14700   			10.47   		   		
14705   			9.78   		   		
14711   			10.35   		   		
14717   			10.30   		   		
14723   			10.95   		   		
14728   			9.86   		   		
14734   			9.92   		   		
14740   			11.29   		   		
14745   			10.32   		   		
14751   			10.89   		   		
14757   			10.09   		   		
14763   			10.15   		   		
14768   			10.32   		   		
14774   			9.92   		   		
14780   			10.17   		   		
14786   			9.99   		   		
14791   			10.68   		   		
14797   			11.08   		   		
14803   			10.74   		   		
14808   			9.49   		   		
14814   			10.41   		   		
14820   			10.12   		   		
14826   			10.64   		   		
14831   			10.24   		   		
14837   			10.37   		   		
14843   			10.55   		   		
14849   			10.37   		   		
14854   			10.43   		   		
14860   			9.40   		   		
14866   			10.55   		   		
14871   			10.60   		   		
14877   			9.63   		   		
14883   			10.32   		   		
14889   			10.72   		   		
14894   			10.47   		   		
14900   			10.47   		   		
14906   			8.35   		   		
14911   			9.27   		   		
14917   			9.16   		   		
14923   			9.52   		   		
14929   			9.92   		   		
14934   			10.26   		   		
14940   			11.00   		   		
14946   			10.15   		   		
14952   			10.60   		   		
14957   			10.55   		   		
14963   			10.78   		   		
14969   			9.29   		   		
14974   			11.29   		   		
14980   			10.78   		   		
14986   			10.26   		   		
14992   			10.20   		   		
14997   			10.32   		   		
15003   			10.37   		   		
15009   			10.41   		   		
15015   			10.30   		   		
15020   			10.58   		   		
15026   			11.16   		   		
15032   			8.69   		   		
15037   			10.32   		   		
15043   			10.09   		   		
15049   			10.89   		   		
15055   			10.37   		   		
15060   			10.55   		   		
15066   			10.72   		   		
15072   			10.03   		   		
15078   			10.66   		   		
15083   			10.37   		   		
15089   			10.55   		   		
15095   			10.43   		   		
15100   			10.49   		   		
15106   			10.26   		   		
15112   			10.09   		   		
15118   			10.20   		   		
15123   			10.64   		   		
15129   			10.35   		   		
15135   			10.98   		   		
15141   			10.87   		   		
15146   			10.24   		   		
15152   			11.03   		   		
15158   			9.99   		   		
15163   			9.88   		   		
15169   			9.77   		   		
15175   			9.88   		   		
15181   			11.44   		   		
15186   			10.75   		   		
15192   			10.81   		   		
15198   			10.41   		   		
15204   			11.10   		   		
15209   			11.06   		   		
15215   			11.41   		   		
15221   			10.60   		   		
15226   			10.49   		   		
15232   			10.66   		   		
15238   			10.97   		   		
15244   			11.03   		   		
15249   			11.25   		   		
15255   			11.03   		   		
15261   			10.80   		   		
15267   			10.03   		   		
15272   			12.21   		   		
15278   			11.35   		   		
15284   			11.46   		   		
15289   			11.46   		   		
15295   			10.89   		   		
15301   			11.92   		   		
15307   			10.95   		   		
15312   			10.49   		   		
15318   			10.49   		   		
15324   			10.70   		   		
15329   			11.50   		   		
15335   			11.44   		   		
15341   			11.38   		   		
15347   			11.33   		   		
15352   			11.16   		   		
15358   			10.75   		   		
15364   			10.64   		   		
15370   			10.93   		   		
15375   			11.10   		   		
15381   			11.18   		   		
15387   			8.83   		   		
15392   			9.86   		   		
15398   			10.66   		   		
15404   			9.06   		   		
15410   			10.66   		   		
15415   			11.52   		   		
15421   			11.29   		   		
15427   			11.12   		   		
15433   			11.06   		   		
15438   			11.77   		   		
15444   			10.91   		   		
15450   			9.99   		   		
15455   			11.20   		   		
15461   			10.80   		   		
15467   			11.08   		   		
15473   			11.71   		   		
15478   			10.85   		   		
15484   			12.63   		   		
15490   			12.23   		   		
15496   			12.93   		   		
15501   			13.16   		   		
15507   			12.01   		   		
15513   			10.01   		   		
15518   			12.18   		   		
15524   			11.77   		   		
15530   			11.88   		   		
15536   			12.00   		   		
15541   			10.91   		   		
15547   			11.25   		   		
15553   			10.83   		   		
15559   			11.12   		   		
15564   			11.06   		   		
15570   			10.43   		   		
15576   			11.35   		   		
15581   			11.63   		   		
15587   			11.92   		   		
15593   			11.58   		   		
15599   			11.52   		   		
15604   			12.09   		   		
15610   			11.46   		   		
15616   			11.58   		   		
15622   			11.35   		   		
15627   			11.75   		   		
15633   			11.63   		   		
15639   			11.86   		   		
15644   			13.12   		   		
15650   			12.66   		   		
15656   			11.75   		   		
15662   			12.32   		   		
15667   			12.51   		   		
15673   			11.71   		   		
15679   			12.51   		   		
15685   			11.83   		   		
15690   			12.46   		   		
15696   			12.49   		   		
15702   			11.98   		   		
15707   			11.46   		   		
15713   			11.86   		   		
15719   			11.29   		   		
15725   			11.81   		   		
15730   			11.41   		   		
15736   			11.46   		   		
15742   			10.83   		   		
15748   			11.46   		   		
15753   			10.87   		   		
15759   			11.38   		   		
15765   			11.04   		   		
15770   			10.93   		   		
15776   			10.87   		   		
15782   			11.69   		   		
15788   			11.81   		   		
15793   			10.60   		   		
15799   			11.41   		   		
15805   			10.49   		   		
15811   			11.52   		   		
15816   			11.41   		   		
15822   			11.92   		   		
15828   			10.43   		   		
15833   			10.55   		   		
15839   			11.39   		   		
15845   			11.85   		   		
15851   			11.85   		   		
15856   			11.68   		   		
15862   			11.22   		   		
15868   			11.69   		   		
15874   			11.98   		   		
15879   			11.81   		   		
15885   			11.41   		   		
15891   			11.52   		   		
15896   			10.81   		   		
15902   			10.64   		   		
15908   			10.01   		   		
15914   			10.41   		   		
15919   			10.01   		   		
15925   			10.53   		   		
15931   			10.82   		   		
15936   			10.30   		   		
15942   			10.02   		   		
15948   			9.50   		   		
15954   			9.84   		   		
15959   			9.44   		   		
15965   			9.95   		   		
15971   			10.01   		   		
15977   			10.01   		   		
15982   			9.06   		   		
15988   			9.23   		   		
15994   			6.99   		   		
15999   			9.69   		   		
16005   			8.14   		   		
16011   			7.85   		   		
16017   			8.71   		   		
16022   			8.31   		   		
16028   			8.43   		   		
16034   			7.10   		   		
16040   			8.15   		   		
16045   			8.56   		   		
16051   			7.92   		   		
16057   			6.37   		   		
16062   			8.15   		   		
16068   			7.41   		   		
16074   			7.13   		   		
16080   			7.24   		   		
16085   			7.76   		   		
16091   			8.27   		   		
16097   			7.56   		   		
16103   			8.37   		   		
16108   			7.22   		   		
16114   			7.68   		   		
16120   			5.84   		   		
16125   			6.99   		   		
16131   			6.99   		   		
16137   			7.10   		   		
16143   			6.59   		   		
16148   			6.07   		   		
16154   			6.38   		   		
16160   			6.09   		   		
16166   			5.92   		   		
16171   			5.46   		   		
16177   			5.40   		   		
16183   			3.76   		   		
16188   			6.53   		   		
16194   			4.86   		   		
16200   			5.78   		   		
16206   			6.36   		   		
16211   			5.80   		   		
16217   			5.57   		   		
16223   			5.51   		   		
16229   			6.38   		   		
16234   			5.69   		   		
16240   			6.05   		   		
16246   			4.15   		   		
16251   			6.05   		   		
16257   			5.53   		   		
16263   			6.22   		   		
16269   			5.67   		   		
16274   			5.72   		   		
16280   			5.49   		   		
16286   			5.21   		   		
16292   			5.78   		   		
16297   			5.55   		   		
16303   			5.32   		   		
16309   			4.51   		   		
16314   			5.55   		   		
16320   			5.90   		   		
16326   			5.32   		   		
16332   			4.57   		   		
16337   			5.21   		   		
16343   			5.03   		   		
16349   			4.69   		   		
16355   			6.18   		   		
16360   			5.49   		   		
16366   			5.21   		   		
16372   			4.74   		   		
16377   			5.55   		   		
16383   			4.34   		   		
16389   			4.51   		   		
16395   			4.80   		   		
16400   			4.80   		   		
16406   			5.49   		   		
16412   			4.46   		   		
16418   			4.11   		   		
16423   			4.23   		   		
16429   			3.76   		   		
16435   			3.88   		   		
16440   			4.03   		   		
16446   			4.38   		   		
16452   			4.38   		   		
16458   			4.15   		   		
16463   			4.61   		   		
16469   			4.74   		   		
16475   			4.63   		   		
16481   			3.88   		   		
16486   			3.07   		   		
16492   			4.34   		   		
16498   			3.24   		   		
16503   			2.72   		   		
16509   			3.65   		   		
16515   			3.71   		   		
16521   			4.17   		   		
16526   			3.74   		   		
16532   			3.40   		   		
16538   			2.65   		   		
16544   			2.24   		   		
16549   			2.36   		   		
16555   			2.67   		   		
16561   			2.44   		   		
16566   			2.78   		   		
16572   			2.32   		   		
16578   			2.03   		   		
16584   			2.53   		   		
16589   			2.99   		   		
16595   			2.76   		   		
16601   			2.41   		   		
16607   			2.88   		   		
16612   			1.95   		   		
16618   			2.88   		   		
16624   			1.95   		   		
16629   			1.95   		   		
16635   			2.53   		   		
16641   			2.69   		   		
16647   			1.99   		   		
16652   			1.82   		   		
16658   			1.88   		   		
16664   			1.99   		   		
16670   			1.53   		   		
16675   			1.12   		   		
16681   			1.41   		   		
16687   			1.76   		   		
16692   			2.39   		   		
16698   			3.19   		   		
16704   			2.09   		   		
16710   			2.67   		   		
16715   			2.38   		   		
16721   			3.13   		   		
16727   			2.70   		   		
16733   			1.95   		   		
16738   			1.20   		   		
16744   			1.84   		   		
16750   			2.24   		   		
16755   			2.13   		   		
16761   			2.07   		   		
16767   			1.49   		   		
16773   			1.14   		   		
16778   			1.37   		   		
16784   			0.90   		   		
16790   			0.95   		   		
16795   			1.01   		   		
16801   			1.18   		   		
16807   			1.13   		   		
16813   			1.05   		   		
16818   			1.57   		   		
16824   			0.99   		   		
16830   			0.41   		   		
16836   			0.35   		   		
16841   			0.82   		   		
16847   			0.64   		   		
16853   			-0.92   		   		
16858   			0.58   		   		
16864   			1.68   		   		
16870   			0.82   		   		
16876   			1.05   		   		
16881   			1.28   		   		
16887   			1.22   		   		
16893   			0.58   		   		
16899   			2.09   		   		
16904   			1.97   		   		
16910   			1.92   		   		
16916   			-0.34   		   		
16921   			1.11   		   		
16927   			0.58   		   		
16933   			1.40   		   		
16939   			0.64   		   		
16944   			1.40   		   		
16950   			1.40   		   		
16956   			2.67   		   		
16962   			1.74   		   		
16967   			1.86   		   		
16973   			1.86   		   		
16979   			-0.11   		   		
16984   			1.45   		   		
16990   			1.97   		   		
16996   			1.22   		   		
17002   			1.22   		   		
17007   			-0.11   		   		
17013   			0.72   		   		
17019   			-0.09   		   		
17025   			-0.32   		   		
17030   			0.72   		   		
17036   			1.13   		   		
17042   			-0.69   		   		
17047   			1.22   		   		
17053   			0.87   		   		
17059   			0.58   		   		
17065   			0.47   		   		
17070   			0.95   		   		
17076   			-0.09   		   		
17082   			-0.67   		   		
17088   			0.43   		   		
17093   			-0.03   		   		
17099   			-0.15   		   		
17105   			-1.36   		   		
17110   			0.61   		   		
17116   			0.84   		   		
17122   			0.55   		   		
17128   			-0.52   		   		
17133   			-0.05   		   		
17139   			-0.63   		   		
17145   			0.47   		   		
17151   			0.24   		   		
17156   			0.27   		   		
17162   			0.10   		   		
17168   			-1.70   		   		
17173   			-0.25   		   		
17179   			-0.48   		   		
17185   			-0.52   		   		
17191   			0.35   		   		
17196   			-0.05   		   		
17202   			-0.11   		   		
17208   			0.24   		   		
17214   			0.39   		   		
17219   			-0.07   		   		
17225   			0.04   		   		
17231   			-2.28   		   		
17236   			-0.88   		   		
17242   			-0.34   		   		
17248   			-0.81   		   		
17254   			0.12   		   		
17259   			0.30   		   		
17265   			0.12   		   		
17271   			0.74   		   		
17277   			0.45   		   		
17282   			1.14   		   		
17288   			0.51   		   		
17294   			-1.12   		   		
17299   			-0.11   		   		
17305   			-0.05   		   		
17311   			0.06   		   		
17317   			0.47   		   		
17322   			0.18   		   		
17328   			-0.02   		   		
17334   			-0.13   		   		
17340   			0.74   		   		
17345   			0.27   		   		
17351   			-0.07   		   		
17357   			-1.73   		   		
17362   			0.24   		   		
17368   			-0.40   		   		
17374   			0.30   		   		
17380   			1.11   		   		
17385   			0.47   		   		
17391   			0.06   		   		
17397   			0.12   		   		
17403   			-0.81   		   		
17408   			-0.34   		   		
17414   			-0.40   		   		
17420   			-1.56   		   		
17425   			-0.75   		   		
17431   			-0.23   		   		
17437   			0.01   		   		
17443   			-0.44   		   		
17448   			-0.32   		   		
17454   			-0.67   		   		
17460   			-0.96   		   		
17466   			-0.15   		   		
17471   			-0.11   		   		
17477   			-0.75   		   		
17483   			-1.33   		   		
17488   			-0.46   		   		
17494   			0.70   		   		
17500   			0.30   		   		
17506   			0.76   		   		
17511   			-0.34   		   		
17517   			-0.17   		   		
17523   			-0.05   		   		
17529   			-0.92   		   		
17534   			0.01   		   		
17540   			-0.46   		   		
17546   			0.24   		   		
17551   			0.76   		   		
17557   			1.18   		   		
17563   			0.78   		   		
17569   			0.49   		   		
17574   			0.95   		   		
17580   			0.32   		   		
17586   			0.72   		   		
17592   			0.90   		   		
17597   			1.13   		   		
17603   			0.66   		   		
17609   			0.37   		   		
17614   			1.93   		   		
17620   			1.06   		   		
17626   			0.43   		   		
17632   			1.35   		   		
17637   			1.41   		   		
17643   			1.53   		   		
17649   			1.07   		   		
17655   			1.30   		   		
17660   			1.18   		   		
17666   			1.47   		   		
17672   			0.99   		   		
17677   			1.22   		   		
17683   			1.57   		   		
17689   			1.57   		   		
17695   			1.22   		   		
17700   			1.57   		   		
17706   			1.74   		   		
17712   			1.40   		   		
17718   			1.40   		   		
17723   			2.20   		   		
17729   			1.92   		   		
17735   			0.70   		   		
17740   			2.09   		   		
17746   			2.49   		   		
17752   			2.09   		   		
17758   			1.92   		   		
17763   			1.80   		   		
17769   			1.34   		   		
17775   			1.28   		   		
17781   			2.44   		   		
17786   			1.32   		   		
17792   			1.09   		   		
17798   			1.55   		   		
17803   			1.38   		   		
17809   			0.63   		   		
17815   			1.73   		   		
17821   			1.21   		   		
17826   			0.57   		   		
17832   			1.44   		   		
17838   			2.07   		   		
17844   			1.68   		   		
17849   			1.45   		   		
17855   			0.58   		   		
17861   			0.30   		   		
17866   			-0.69   		   		
17872   			-0.81   		   		
17878   			0.18   		   		
17884   			1.11   		   		
17889   			1.86   		   		
17895   			0.99   		   		
17901   			1.63   		   		
17907   			0.64   		   		
17912   			-0.34   		   		
17918   			-0.86   		   		
17924   			0.76   		   		
17929   			-0.15   		   		
17935   			-0.32   		   		
17941   			0.66   		   		
17947   			-0.73   		   		
17952   			1.18   		   		
17958   			0.80   		   		
17964   			1.09   		   		
17970   			0.45   		   		
17975   			0.45   		   		
17981   			0.68   		   		
17987   			0.85   		   		
17992   			-0.48   		   		
17998   			-0.13   		   		
18004   			0.97   		   		
18010   			0.22   		   		
18015   			0.26   		   		
18021   			0.61   		   		
18027   			0.26   		   		
18033   			-0.15   		   		
18038   			0.26   		   		
18044   			-0.65   		   		
18050   			-0.13   		   		
18055   			-0.13   		   		
18061   			0.04   		   		
18067   			0.91   		   		
18073   			1.22   		   		
18078   			0.64   		   		
18084   			0.41   		   		
18090   			0.12   		   		
18096   			0.12   		   		
18101   			0.35   		   		
18107   			0.41   		   		
18113   			0.41   		   		
18118   			0.12   		   		
18124   			-0.40   		   		
18130   			-0.03   		   		
18136   			0.26   		   		
18141   			-0.26   		   		
18147   			-0.21   		   		
18153   			-0.38   		   		
18159   			-0.23   		   		
18164   			0.01   		   		
18170   			0.87   		   		
18176   			0.47   		   		
18181   			-0.57   		   		
18187   			0.39   		   		
18193   			-0.02   		   		
18199   			1.08   		   		
18204   			0.04   		   		
18210   			-0.13   		   		
18216   			-0.28   		   		
18222   			-0.92   		   		
18227   			-0.28   		   		
18233   			-0.17   		   		
18239   			0.58   		   		
18244   			0.54   		   		
18250   			-0.27   		   		
18256   			0.25   		   		
18262   			-0.27   		   		
18267   			-0.21   		   		
18273   			-0.54   		   		
18279   			0.10   		   		
18285   			-0.07   		   		
18290   			0.04   		   		
18296   			0.04   		   		
18302   			-0.09   		   		
18307   			0.32   		   		
18313   			0.37   		   		
18319   			0.14   		   		
18325   			-0.26   		   		
18330   			-0.84   		   		
18336   			-0.67   		   		
18342   			-2.35   		   		
18347   			0.03   		   		
18353   			1.13   		   		
18359   			1.20   		   		
18365   			1.66   		   		
18370   			0.97   		   		
18376   			1.32   		   		
18382   			0.39   		   		
18388   			0.30   		   		
18393   			-0.75   		   		
18399   			-0.69   		   		
18405   			-0.34   		   		
18410   			-0.57   		   		
18416   			0.01   		   		
18422   			-0.11   		   		
18428   			0.53   		   		
18433   			-0.34   		   		
18439   			0.24   		   		
18445   			0.76   		   		
18451   			0.64   		   		
18456   			-0.05   		   		
18462   			-0.57   		   		
18468   			-0.11   		   		
18473   			0.10   		   		
18479   			0.10   		   		
18485   			-1.06   		   		
18491   			-0.65   		   		
18496   			-0.36   		   		
18502   			-0.92   		   		
18508   			-0.86   		   		
18514   			-1.10   		   		
18519   			-0.34   		   		
18525   			-0.46   		   		
18531   			0.68   		   		
18536   			-0.13   		   		
18542   			0.27   		   		
18548   			-0.13   		   		
18554   			0.74   		   		
18559   			0.18   		   		
18565   			0.18   		   		
18571   			0.30   		   		
18577   			-0.28   		   		
18582   			-0.17   		   		
18588   			0.04   		   		
18594   			-0.54   		   		
18599   			0.97   		   		
18605   			0.39   		   		
18611   			0.45   		   		
18617   			0.16   		   		
18622   			1.21   		   		
18628   			0.63   		   		
18634   			1.03   		   		
18640   			1.15   		   		
18645   			0.16   		   		
18651   			0.10   		   		
18657   			0.04   		   		
18662   			0.22   		   		
18668   			1.66   		   		
18674   			0.06   		   		
18680   			0.76   		   		
18685   			0.58   		   		
18691   			-0.11   		   		
18697   			-0.28   		   		
18703   			1.05   		   		
18708   			-0.23   		   		
18714   			0.93   		   		
18720   			1.05   		   		
18725   			0.87   		   		
18731   			0.06   		   		
18737   			0.99   		   		
18743   			0.47   		   		
18748   			1.16   		   		
18754   			0.99   		   		
18760   			0.64   		   		
18766   			0.53   		   		
18771   			-0.17   		   		
18777   			-0.34   		   		
18783   			0.24   		   		
18788   			0.87   		   		
18794   			0.06   		   		
18800   			-0.46   		   		
18806   			0.87   		   		
18811   			1.34   		   		
18817   			0.80   		   		
18823   			0.91   		   		
18829   			1.08   		   		
18834   			0.33   		   		
18840   			0.51   		   		
18846   			0.30   		   		
18851   			0.47   		   		
18857   			0.24   		   		
18863   			0.12   		   		
18869   			0.30   		   		
18874   			0.51   		   		
18880   			0.45   		   		
18886   			0.27   		   		
18892   			0.56   		   		
18897   			0.39   		   		
18903   			-0.23   		   		
18909   			0.82   		   		
18914   			0.58   		   		
18920   			0.30   		   		
18926   			0.87   		   		
18932   			0.74   		   		
18937   			-0.48   		   		
18943   			-1.17   		   		
18949   			-0.71   		   		
18955   			-0.02   		   		
18960   			-0.23   		   		
18966   			0.47   		   		
18972   			0.30   		   		
18977   			0.41   		   		
18983   			0.24   		   		
18989   			0.70   		   		
18995   			0.30   		   		
19000   			0.82   		   		
19006   			0.35   		   		
19012   			1.34   		   		
19018   			0.12   		   		
19023   			0.06   		   		
19029   			0.41   		   		
19035   			0.93   		   		
19040   			0.64   		   		
19046   			0.45   		   		
19052   			0.56   		   		
19058   			0.04   		   		
19063   			0.16   		   		
19069   			-0.02   		   		
19075   			0.58   		   		
19081   			0.64   		   		
19086   			0.41   		   		
19092   			-0.28   		   		
19098   			0.01   		   		
19103   			-0.23   		   		
19109   			0.06   		   		
19115   			0.18   		   		
19121   			0.06   		   		
19126   			0.93   		   		
19132   			0.53   		   		
19138   			0.24   		   		
19144   			-0.11   		   		
19149   			0.35   		   		
19155   			0.99   		   		
19161   			0.93   		   		
19166   			0.01   		   		
19172   			-0.05   		   		
19178   			0.41   		   		
19184   			0.12   		   		
19189   			-0.40   		   		
19195   			0.01   		   		
19201   			0.87   		   		
19207   			0.12   		   		
19212   			-0.05   		   		
19218   			-0.40   		   		
19224   			-0.23   		   		
19229   			0.70   		   		
19235   			-0.11   		   		
19241   			0.53   		   		
19247   			0.16   		   		
19252   			0.33   		   		
19258   			-0.30   		   		
19264   			-0.19   		   		
19270   			0.04   		   		
19275   			-0.71   		   		
19281   			0.05   		   		
19287   			0.22   		   		
19292   			0.74   		   		
19298   			0.11   		   		
19304   			0.06   		   		
19310   			-0.11   		   		
19315   			0.35   		   		
19321   			0.47   		   		
19327   			-0.46   		   		
19333   			-0.63   		   		
19338   			-0.69   		   		
19344   			-0.98   		   		
19350   			-0.57   		   		
19355   			-0.11   		   		
19361   			-0.53   		   		
19367   			-0.13   		   		
19373   			-0.07   		   		
19378   			-0.07   		   		
19384   			-0.30   		   		
19390   			-0.40   		   		
19396   			-0.11   		   		
19401   			0.35   		   		
19407   			-0.11   		   		
19413   			0.30   		   		
19418   			0.58   		   		
19424   			-0.46   		   		
19430   			-0.28   		   		
19436   			0.18   		   		
19441   			1.51   		   		
19447   			1.68   		   		
19453   			1.51   		   		
19459   			1.05   		   		
19464   			1.16   		   		
19470   			0.58   		   		
19476   			0.82   		   		
19481   			1.40   		   		
19487   			0.76   		   		
19493   			0.41   		   		
19499   			1.51   		   		
19504   			0.03   		   		
19510   			0.95   		   		
19516   			-0.32   		   		
19522   			-0.26   		   		
19527   			0.43   		   		
19533   			0.76   		   		
19539   			-0.17   		   		
19544   			0.06   		   		
19550   			0.82   		   		
19556   			0.18   		   		
19562   			0.30   		   		
19567   			-0.40   		   		
19573   			-0.23   		   		
19579   			0.01   		   		
19585   			-0.28   		   		
19590   			0.55   		   		
19596   			0.78   		   		
19602   			0.26   		   		
19607   			0.43   		   		
19613   			0.37   		   		
19619   			0.51   		   		
19625   			-0.07   		   		
19630   			0.04   		   		
19636   			0.10   		   		
19642   			1.14   		   		
19648   			0.68   		   		
19653   			1.37   		   		
19659   			0.33   		   		
19665   			-0.02   		   		
19670   			0.56   		   		
19676   			-0.17   		   		
19682   			0.76   		   		
19688   			-0.17   		   		
19693   			0.01   		   		
19699   			0.82   		   		
19705   			0.39   		   		
19711   			0.22   		   		
19716   			0.10   		   		
19722   			0.16   		   		
19728   			-0.30   		   		
19733   			-0.69   		   		
19739   			0.18   		   		
19745   			-0.05   		   		
19751   			-0.05   		   		
19756   			0.35   		   		
19762   			-0.40   		   		
19768   			0.18   		   		
19774   			0.24   		   		
19779   			-0.11   		   		
19785   			0.18   		   		
19791   			-0.40   		   		
19796   			-0.98   		   		
19802   			-0.05   		   		
19808   			-0.63   		   		
19814   			-1.68   		   		
19819   			-0.57   		   		
19825   			-0.46   		   		
19831   			-0.46   		   		
19837   			0.12   		   		
19842   			-0.34   		   		
19848   			-0.36   		   		
19854   			0.51   		   		
19859   			-0.36   		   		
19865   			0.10   		   		
19871   			0.27   		   		
19877   			0.10   		   		
19882   			-0.36   		   		
19888   			0.22   		   		
19894   			0.27   		   		
19900   			0.80   		   		
19905   			0.64   		   		
19911   			0.76   		   		
19917   			0.35   		   		
19922   			0.35   		   		
19928   			0.24   		   		
19934   			0.39   		   		
19940   			-0.30   		   		
19945   			0.10   		   		
19951   			-0.30   		   		
19957   			-0.25   		   		
19963   			0.43   		   		
19968   			0.37   		   		
19974   			0.32   		   		
19980   			0.20   		   		
19985   			0.20   		   		
19991   			0.41   		   		
19997   			1.34   		   		
20003   			0.41   		   		
20008   			0.64   		   		
20014   			-0.11   		   		
20020   			-1.56   		   		
20025   			0.35   		   		
20031   			0.01   		   		
20037   			0.24   		   		
20043   			-0.23   		   		
20048   			-0.23   		   		
20054   			-0.28   		   		
20060   			0.18   		   		
20066   			0.30   		   		
20071   			0.30   		   		
20077   			0.35   		   		
20083   			-1.21   		   		
20088   			0.01   		   		
20094   			0.18   		   		
20100   			0.76   		   		
20106   			-0.09   		   		
20111   			-0.32   		   		
20117   			-0.61   		   		
20123   			0.14   		   		
20129   			0.37   		   		
20134   			-0.46   		   		
20140   			0.24   		   		
20146   			-2.02   		   		
20151   			-0.05   		   		
20157   			-0.46   		   		
20163   			0.06   		   		
20169   			0.01   		   		
20174   			1.28   		   		
20180   			0.93   		   		
20186   			1.34   		   		
20192   			1.86   		   		
20197   			0.58   		   		
20203   			0.53   		   		
20209   			-1.27   		   		
20214   			0.06   		   		
20220   			0.30   		   		
20226   			0.01   		   		
20232   			0.12   		   		
20237   			0.30   		   		
20243   			0.47   		   		
20249   			0.68   		   		
20255   			0.97   		   		
20260   			0.62   		   		
20266   			1.32   		   		
20272   			-0.88   		   		
20277   			1.28   		   		
20283   			1.45   		   		
20289   			1.57   		   		
20295   			0.82   		   		
20300   			0.99   		   		
20306   			0.87   		   		
20312   			1.45   		   		
20318   			1.16   		   		
20323   			1.22   		   		
20329   			1.51   		   		
20335   			0.95   		   		
20340   			0.90   		   		
20346   			1.99   		   		
20352   			1.30   		   		
20358   			1.36   		   		
20363   			0.99   		   		
20369   			1.34   		   		
20375   			0.93   		   		
20381   			0.41   		   		
20386   			0.87   		   		
20392   			0.70   		   		
20398   			-0.63   		   		
20403   			1.16   		   		
20409   			1.68   		   		
20415   			1.34   		   		
20421   			1.05   		   		
20426   			2.38   		   		
20432   			1.40   		   		
20438   			2.20   		   		
20444   			1.68   		   		
20449   			2.16   		   		
20455   			1.35   		   		
20461   			2.16   		   		
20466   			0.77   		   		
20472   			0.95   		   		
20478   			1.49   		   		
20484   			1.72   		   		
20489   			1.55   		   		
20495   			1.78   		   		
20501   			2.59   		   		
20507   			1.40   		   		
20512   			2.32   		   		
20518   			1.86   		   		
20524   			0.70   		   		
20529   			1.28   		   		
20535   			1.51   		   		
20541   			1.34   		   		
20547   			0.99   		   		
20552   			0.76   		   		
20558   			1.74   		   		
20564   			1.24   		   		
20570   			1.18   		   		
20575   			1.76   		   		
20581   			1.47   		   		
20587   			1.07   		   		
20592   			1.61   		   		
20598   			0.97   		   		
20604   			0.74   		   		
20610   			1.26   		   		
20615   			0.80   		   		
20621   			0.18   		   		
20627   			0.70   		   		
20633   			1.05   		   		
20638   			0.18   		   		
20644   			0.70   		   		
20650   			1.37   		   		
20655   			0.51   		   		
20661   			1.20   		   		
20667   			0.56   		   		
20673   			0.91   		   		
20678   			0.93   		   		
20684   			0.70   		   		
20690   			0.58   		   		
20696   			0.24   		   		
20701   			0.18   		   		
20707   			0.41   		   		
20713   			0.70   		   		
20718   			0.47   		   		
20724   			0.41   		   		
20730   			0.18   		   		
20736   			0.93   		   		
20741   			1.05   		   		
20747   			0.41   		   		
20753   			0.64   		   		
20759   			0.47   		   		
20764   			0.47   		   		
20770   			0.58   		   		
20776   			0.41   		   		
20781   			0.82   		   		
20787   			0.35   		   		
20793   			0.27   		   		
20799   			0.22   		   		
20804   			-0.13   		   		
20810   			-0.30   		   		
20816   			0.39   		   		
20822   			0.58   		   		
20827   			-0.34   		   		
20833   			-0.23   		   		
20839   			0.41   		   		
20844   			0.70   		   		
20850   			0.18   		   		
20856   			0.47   		   		
20862   			1.51   		   		
20867   			0.93   		   		
20873   			0.70   		   		
20879   			1.07   		   		
20885   			0.55   		   		
20890   			0.49   		   		
20896   			1.47   		   		
20902   			0.49   		   		
20907   			1.16   		   		
20913   			0.70   		   		
20919   			0.06   		   		
20925   			0.30   		   		
20930   			1.51   		   		
20936   			0.47   		   		
20942   			1.11   		   		
20948   			-0.05   		   		
20953   			-0.28   		   		
20959   			0.06   		   		
20965   			0.22   		   		
20970   			1.20   		   		
20976   			0.27   		   		
20982   			0.85   		   		
20988   			0.85   		   		
20993   			0.53   		   		
20999   			0.82   		   		
21005   			0.64   		   		
21011   			0.87   		   		
21016   			0.93   		   		
21022   			1.28   		   		
21028   			0.70   		   		
21033   			0.76   		   		
21039   			0.12   		   		
21045   			0.70   		   		
21051   			0.30   		   		
21056   			1.05   		   		
21062   			1.05   		   		
21068   			0.76   		   		
21074   			0.58   		   		
21079   			0.18   		   		
21085   			-0.17   		   		
21091   			0.35   		   		
