Timestamp		Force Z		Comments
0   			0.29   		   		
6   			0.93   		   		
12   			1.56   		   		
17   			1.30   		   		
23   			1.35   		   		
29   			1.58   		   		
35   			1.30   		   		
40   			1.12   		   		
46   			0.17   		   		
52   			1.33   		   		
58   			-0.06   		   		
63   			0.41   		   		
69   			0.58   		   		
75   			1.30   		   		
80   			0.72   		   		
86   			-0.04   		   		
92   			-0.15   		   		
98   			-0.09   		   		
103   			0.00   		   		
109   			-0.17   		   		
115   			-0.12   		   		
121   			-0.29   		   		
126   			-0.06   		   		
132   			-0.87   		   		
138   			-0.81   		   		
143   			0.52   		   		
149   			-0.12   		   		
155   			0.23   		   		
161   			0.45   		   		
166   			0.56   		   		
172   			0.39   		   		
178   			0.22   		   		
184   			0.10   		   		
189   			0.58   		   		
195   			0.00   		   		
201   			1.27   		   		
206   			0.29   		   		
212   			1.10   		   		
218   			1.22   		   		
224   			0.58   		   		
229   			0.81   		   		
235   			0.81   		   		
241   			0.46   		   		
247   			0.93   		   		
252   			0.17   		   		
258   			0.52   		   		
264   			0.46   		   		
269   			-0.46   		   		
275   			0.31   		   		
281   			0.83   		   		
287   			0.31   		   		
292   			0.25   		   		
298   			0.31   		   		
304   			-1.00   		   		
310   			0.10   		   		
315   			0.39   		   		
321   			-0.71   		   		
327   			-1.12   		   		
332   			-0.31   		   		
338   			-0.48   		   		
344   			-0.31   		   		
350   			0.33   		   		
355   			0.15   		   		
361   			0.60   		   		
367   			-1.78   		   		
372   			0.08   		   		
378   			-0.50   		   		
384   			0.20   		   		
390   			0.87   		   		
395   			0.70   		   		
401   			0.29   		   		
407   			0.99   		   		
413   			-0.06   		   		
418   			0.33   		   		
424   			0.15   		   		
430   			-1.24   		   		
435   			-0.48   		   		
441   			0.21   		   		
447   			0.70   		   		
453   			0.64   		   		
458   			0.81   		   		
464   			1.22   		   		
470   			1.33   		   		
476   			1.62   		   		
481   			1.68   		   		
487   			0.93   		   		
493   			-3.02   		   		
498   			0.35   		   		
504   			0.81   		   		
510   			0.35   		   		
516   			0.87   		   		
521   			0.64   		   		
527   			-0.46   		   		
533   			-0.40   		   		
539   			-0.58   		   		
544   			0.93   		   		
550   			-0.29   		   		
556   			0.58   		   		
561   			0.62   		   		
567   			0.44   		   		
573   			0.44   		   		
579   			0.56   		   		
584   			0.04   		   		
590   			0.14   		   		
596   			0.25   		   		
602   			0.72   		   		
607   			0.31   		   		
613   			0.37   		   		
619   			0.04   		   		
624   			0.51   		   		
630   			0.51   		   		
636   			-0.25   		   		
642   			0.74   		   		
647   			0.27   		   		
653   			0.56   		   		
659   			1.66   		   		
665   			1.54   		   		
670   			0.85   		   		
676   			1.53   		   		
682   			1.06   		   		
687   			0.72   		   		
693   			-0.09   		   		
699   			0.02   		   		
705   			-0.43   		   		
710   			-0.37   		   		
716   			0.39   		   		
722   			-0.19   		   		
728   			0.96   		   		
733   			0.87   		   		
739   			0.12   		   		
745   			2.14   		   		
750   			1.04   		   		
756   			0.93   		   		
762   			-0.06   		   		
768   			-0.17   		   		
773   			0.12   		   		
779   			0.64   		   		
785   			1.10   		   		
791   			0.79   		   		
796   			1.02   		   		
802   			0.62   		   		
808   			1.14   		   		
813   			0.44   		   		
819   			0.54   		   		
825   			0.37   		   		
831   			-0.04   		   		
836   			0.25   		   		
842   			1.30   		   		
848   			1.14   		   		
854   			0.27   		   		
859   			0.62   		   		
865   			0.96   		   		
871   			0.56   		   		
876   			-0.16   		   		
882   			1.23   		   		
888   			1.12   		   		
894   			1.52   		   		
899   			0.65   		   		
905   			0.99   		   		
911   			1.16   		   		
917   			1.74   		   		
922   			1.79   		   		
928   			0.29   		   		
934   			0.93   		   		
939   			0.46   		   		
945   			0.70   		   		
951   			1.27   		   		
957   			0.99   		   		
962   			1.08   		   		
968   			1.72   		   		
974   			-4.61   		   		
979   			0.79   		   		
985   			1.48   		   		
991   			1.16   		   		
997   			0.29   		   		
1002   			0.75   		   		
1008   			1.56   		   		
1014   			1.39   		   		
1020   			1.02   		   		
1025   			1.08   		   		
1031   			1.54   		   		
1037   			-4.67   		   		
1042   			1.54   		   		
1048   			1.27   		   		
1054   			0.87   		   		
1060   			0.58   		   		
1065   			1.16   		   		
1071   			0.99   		   		
1077   			0.62   		   		
1083   			1.54   		   		
1088   			2.06   		   		
1094   			1.14   		   		
1100   			-3.79   		   		
1105   			1.24   		   		
1111   			1.58   		   		
1117   			1.24   		   		
1123   			1.30   		   		
1128   			1.24   		   		
1134   			1.22   		   		
1140   			1.51   		   		
1146   			2.03   		   		
1151   			1.68   		   		
1157   			2.26   		   		
1163   			-3.17   		   		
1168   			2.10   		   		
1174   			1.01   		   		
1180   			1.70   		   		
1186   			1.93   		   		
1191   			2.14   		   		
1197   			1.27   		   		
1203   			1.68   		   		
1209   			1.74   		   		
1214   			1.27   		   		
1220   			1.39   		   		
1226   			2.37   		   		
1231   			1.85   		   		
1237   			1.22   		   		
1243   			2.03   		   		
1249   			1.30   		   		
1254   			2.05   		   		
1260   			1.12   		   		
1266   			0.77   		   		
1272   			0.60   		   		
1277   			1.60   		   		
1283   			1.48   		   		
1289   			1.02   		   		
1294   			1.08   		   		
1300   			0.67   		   		
1306   			0.81   		   		
1312   			0.87   		   		
1317   			0.93   		   		
1323   			0.93   		   		
1329   			1.16   		   		
1335   			1.48   		   		
1340   			0.91   		   		
1346   			1.60   		   		
1352   			1.08   		   		
1357   			1.14   		   		
1363   			0.56   		   		
1369   			0.79   		   		
1375   			0.91   		   		
1380   			1.89   		   		
1386   			1.66   		   		
1392   			1.41   		   		
1398   			0.89   		   		
1403   			1.70   		   		
1409   			1.64   		   		
1415   			1.70   		   		
1420   			0.81   		   		
1426   			0.75   		   		
1432   			1.97   		   		
1438   			1.68   		   		
1443   			1.68   		   		
1449   			0.58   		   		
1455   			1.45   		   		
1461   			0.64   		   		
1466   			1.91   		   		
1472   			0.75   		   		
1478   			1.33   		   		
1483   			1.79   		   		
1489   			1.27   		   		
1495   			1.56   		   		
1501   			1.39   		   		
1506   			1.85   		   		
1512   			1.68   		   		
1518   			2.32   		   		
1523   			1.91   		   		
1529   			1.91   		   		
1535   			2.18   		   		
1541   			2.06   		   		
1546   			1.48   		   		
1552   			1.54   		   		
1558   			1.48   		   		
1564   			1.47   		   		
1569   			1.06   		   		
1575   			1.47   		   		
1581   			-3.98   		   		
1586   			0.66   		   		
1592   			0.64   		   		
1598   			1.22   		   		
1604   			0.99   		   		
1609   			0.93   		   		
1615   			1.33   		   		
1621   			1.04   		   		
1627   			0.46   		   		
1632   			1.51   		   		
1638   			0.87   		   		
1644   			1.16   		   		
1649   			0.85   		   		
1655   			1.08   		   		
1661   			1.77   		   		
1667   			1.54   		   		
1672   			1.89   		   		
1678   			0.60   		   		
1684   			0.95   		   		
1690   			1.18   		   		
1695   			2.22   		   		
1701   			1.30   		   		
1707   			1.66   		   		
1712   			1.08   		   		
1718   			1.43   		   		
1724   			0.56   		   		
1730   			0.73   		   		
1735   			1.16   		   		
1741   			0.58   		   		
1747   			1.33   		   		
1753   			1.74   		   		
1758   			1.10   		   		
1764   			1.37   		   		
1770   			2.24   		   		
1775   			1.32   		   		
1781   			1.14   		   		
1787   			1.20   		   		
1793   			0.81   		   		
1798   			0.75   		   		
1804   			0.81   		   		
1810   			-0.23   		   		
1816   			0.41   		   		
1821   			0.46   		   		
1827   			0.75   		   		
1833   			0.58   		   		
1838   			1.04   		   		
1844   			-0.06   		   		
1850   			0.75   		   		
1856   			1.04   		   		
1861   			0.23   		   		
1867   			1.04   		   		
1873   			1.62   		   		
1879   			1.39   		   		
1884   			0.75   		   		
1890   			1.51   		   		
1896   			1.04   		   		
1901   			1.91   		   		
1907   			1.47   		   		
1913   			1.41   		   		
1919   			0.95   		   		
1924   			0.08   		   		
1930   			0.95   		   		
1936   			0.91   		   		
1942   			1.14   		   		
1947   			0.67   		   		
1953   			1.02   		   		
1959   			1.43   		   		
1964   			1.43   		   		
1970   			1.60   		   		
1976   			0.91   		   		
1982   			1.72   		   		
1987   			1.20   		   		
1993   			1.06   		   		
1999   			1.18   		   		
2005   			1.70   		   		
2010   			1.93   		   		
2016   			0.72   		   		
2022   			1.16   		   		
2027   			1.91   		   		
2033   			1.16   		   		
2039   			1.45   		   		
2045   			1.39   		   		
2050   			1.62   		   		
2056   			0.75   		   		
2062   			-2.84   		   		
2067   			1.97   		   		
2073   			1.62   		   		
2079   			1.97   		   		
2085   			2.49   		   		
2090   			1.91   		   		
2096   			2.89   		   		
2102   			1.74   		   		
2108   			1.53   		   		
2113   			1.01   		   		
2119   			1.12   		   		
2125   			-4.28   		   		
2130   			0.77   		   		
2136   			0.87   		   		
2142   			0.75   		   		
2148   			2.08   		   		
2153   			0.46   		   		
2159   			0.99   		   		
2165   			1.22   		   		
2171   			1.33   		   		
2176   			1.33   		   		
2182   			1.33   		   		
2188   			-3.83   		   		
2193   			1.25   		   		
2199   			1.14   		   		
2205   			0.91   		   		
2211   			1.37   		   		
2216   			1.48   		   		
2222   			0.91   		   		
2228   			1.43   		   		
2234   			1.89   		   		
2239   			0.91   		   		
2245   			1.08   		   		
2251   			-3.62   		   		
2256   			1.25   		   		
2262   			1.48   		   		
2268   			1.54   		   		
2274   			1.14   		   		
2279   			1.27   		   		
2285   			1.16   		   		
2291   			0.99   		   		
2297   			1.04   		   		
2302   			2.14   		   		
2308   			1.48   		   		
2314   			0.62   		   		
2319   			1.25   		   		
2325   			1.72   		   		
2331   			1.14   		   		
2337   			0.93   		   		
2342   			0.58   		   		
2348   			0.46   		   		
2354   			0.75   		   		
2360   			1.45   		   		
2365   			1.04   		   		
2371   			1.04   		   		
2377   			1.79   		   		
2382   			1.85   		   		
2388   			2.55   		   		
2394   			0.73   		   		
2400   			1.72   		   		
2405   			1.48   		   		
2411   			0.91   		   		
2417   			1.20   		   		
2423   			0.70   		   		
2428   			0.81   		   		
2434   			0.58   		   		
2440   			1.85   		   		
2445   			1.10   		   		
2451   			0.27   		   		
2457   			0.27   		   		
2463   			1.20   		   		
2468   			1.60   		   		
2474   			1.37   		   		
2480   			1.27   		   		
2486   			1.56   		   		
2491   			0.52   		   		
2497   			1.22   		   		
2503   			0.41   		   		
2508   			0.93   		   		
2514   			0.75   		   		
2520   			0.70   		   		
2526   			0.75   		   		
2531   			1.45   		   		
2537   			0.81   		   		
2543   			0.58   		   		
2549   			0.75   		   		
2554   			0.41   		   		
2560   			0.70   		   		
2566   			0.64   		   		
2571   			1.39   		   		
2577   			-0.12   		   		
2583   			0.52   		   		
2589   			0.87   		   		
2594   			-0.12   		   		
2600   			0.29   		   		
2606   			0.70   		   		
2612   			0.29   		   		
2617   			-0.12   		   		
2623   			-0.23   		   		
2629   			0.81   		   		
2634   			0.75   		   		
2640   			0.87   		   		
2646   			0.41   		   		
2652   			0.77   		   		
2657   			0.20   		   		
2663   			0.54   		   		
2669   			0.77   		   		
2675   			0.77   		   		
2680   			0.87   		   		
2686   			0.75   		   		
2692   			0.12   		   		
2697   			0.29   		   		
2703   			0.23   		   		
2709   			-0.23   		   		
2715   			0.52   		   		
2720   			0.23   		   		
2726   			0.75   		   		
2732   			0.35   		   		
2738   			1.10   		   		
2743   			1.22   		   		
2749   			0.52   		   		
2755   			-0.64   		   		
2760   			-0.52   		   		
2766   			0.04   		   		
2772   			0.39   		   		
2778   			0.56   		   		
2783   			0.56   		   		
2789   			0.96   		   		
2795   			-4.94   		   		
2801   			1.27   		   		
2806   			0.64   		   		
2812   			0.35   		   		
2818   			0.75   		   		
2823   			0.10   		   		
2829   			0.67   		   		
2835   			0.85   		   		
2841   			-0.19   		   		
2846   			0.44   		   		
2852   			0.64   		   		
2858   			-0.35   		   		
2863   			1.27   		   		
2869   			1.33   		   		
2875   			1.56   		   		
2881   			0.54   		   		
2886   			1.24   		   		
2892   			0.43   		   		
2898   			0.72   		   		
2904   			0.25   		   		
2909   			0.19   		   		
2915   			0.71   		   		
2921   			-0.91   		   		
2926   			0.54   		   		
2932   			0.31   		   		
2938   			-0.14   		   		
2944   			0.62   		   		
2949   			0.04   		   		
2955   			-0.02   		   		
2961   			1.14   		   		
2967   			0.83   		   		
2972   			0.37   		   		
2978   			0.66   		   		
2984   			-1.31   		   		
2989   			0.02   		   		
2995   			0.93   		   		
3001   			0.64   		   		
3007   			0.75   		   		
3012   			0.17   		   		
3018   			0.70   		   		
3024   			0.50   		   		
3030   			-0.02   		   		
3035   			1.37   		   		
3041   			0.15   		   		
3047   			-0.48   		   		
3052   			0.43   		   		
3058   			0.89   		   		
3064   			0.49   		   		
3070   			0.02   		   		
3075   			0.14   		   		
3081   			-0.04   		   		
3087   			0.83   		   		
3093   			1.12   		   		
3098   			0.20   		   		
3104   			0.77   		   		
3110   			0.64   		   		
3115   			0.64   		   		
3121   			0.70   		   		
3127   			0.41   		   		
3133   			0.17   		   		
3138   			0.10   		   		
3144   			1.02   		   		
3150   			0.39   		   		
3156   			0.73   		   		
3161   			0.91   		   		
3167   			0.39   		   		
3173   			0.85   		   		
3178   			1.37   		   		
3184   			0.39   		   		
3190   			0.73   		   		
3196   			-0.35   		   		
3201   			0.70   		   		
3207   			0.23   		   		
3213   			1.27   		   		
3219   			0.70   		   		
3224   			1.45   		   		
3230   			0.70   		   		
3236   			1.33   		   		
3241   			0.70   		   		
3247   			1.22   		   		
3253   			1.41   		   		
3259   			1.18   		   		
3264   			0.60   		   		
3270   			0.89   		   		
3276   			1.35   		   		
3281   			0.20   		   		
3287   			0.66   		   		
3293   			-0.38   		   		
3299   			0.20   		   		
3304   			-0.33   		   		
3310   			-0.35   		   		
3316   			0.70   		   		
3322   			-0.75   		   		
3327   			-0.29   		   		
3333   			1.04   		   		
3339   			-1.89   		   		
3344   			0.02   		   		
3350   			0.72   		   		
3356   			0.60   		   		
3362   			0.31   		   		
3367   			0.00   		   		
3373   			-0.12   		   		
3379   			1.27   		   		
3385   			0.12   		   		
3390   			-0.06   		   		
3396   			0.29   		   		
3402   			-1.22   		   		
3407   			-0.23   		   		
3413   			1.27   		   		
3419   			1.22   		   		
3425   			0.23   		   		
3430   			0.64   		   		
3436   			0.93   		   		
3442   			0.06   		   		
3448   			1.10   		   		
3453   			1.22   		   		
3459   			0.75   		   		
3465   			-1.16   		   		
3470   			0.81   		   		
3476   			0.93   		   		
3482   			0.64   		   		
3488   			0.81   		   		
3493   			0.12   		   		
3499   			-0.12   		   		
3505   			1.04   		   		
3511   			0.35   		   		
3516   			0.70   		   		
3522   			0.52   		   		
3528   			0.29   		   		
3533   			0.35   		   		
3539   			-0.29   		   		
3545   			-0.12   		   		
3551   			0.00   		   		
3556   			-0.12   		   		
3562   			-0.75   		   		
3568   			0.64   		   		
3574   			0.64   		   		
3579   			0.23   		   		
3585   			1.10   		   		
3591   			0.81   		   		
3596   			-0.15   		   		
3602   			1.82   		   		
3608   			1.53   		   		
3614   			0.02   		   		
3619   			0.31   		   		
3625   			0.20   		   		
3631   			0.31   		   		
3637   			0.60   		   		
3642   			0.31   		   		
3648   			0.31   		   		
3654   			-0.09   		   		
3659   			1.30   		   		
3665   			1.35   		   		
3671   			1.47   		   		
3677   			0.95   		   		
3682   			1.20   		   		
3688   			0.50   		   		
3694   			1.72   		   		
3700   			1.43   		   		
3705   			1.20   		   		
3711   			0.91   		   		
3717   			1.31   		   		
3722   			0.91   		   		
3728   			0.67   		   		
3734   			0.91   		   		
3740   			1.62   		   		
3745   			1.45   		   		
3751   			1.16   		   		
3757   			1.56   		   		
3763   			1.33   		   		
3768   			0.66   		   		
3774   			1.58   		   		
3780   			0.43   		   		
3785   			0.43   		   		
3791   			0.66   		   		
3797   			1.22   		   		
3803   			1.27   		   		
3808   			0.93   		   		
3814   			1.16   		   		
3820   			0.64   		   		
3826   			1.14   		   		
3831   			0.56   		   		
3837   			0.27   		   		
3843   			1.02   		   		
3848   			0.91   		   		
3854   			0.93   		   		
3860   			0.70   		   		
3866   			1.10   		   		
3871   			0.70   		   		
3877   			1.27   		   		
3883   			1.14   		   		
3889   			0.91   		   		
3894   			0.50   		   		
3900   			0.91   		   		
3906   			1.02   		   		
3911   			0.70   		   		
3917   			1.27   		   		
3923   			0.46   		   		
3929   			0.75   		   		
3934   			-0.06   		   		
3940   			0.66   		   		
3946   			1.30   		   		
3952   			1.47   		   		
3957   			0.66   		   		
3963   			1.01   		   		
3969   			1.45   		   		
3974   			0.35   		   		
3980   			1.22   		   		
3986   			0.46   		   		
3992   			0.81   		   		
3997   			0.89   		   		
4003   			1.24   		   		
4009   			1.35   		   		
4015   			1.12   		   		
4020   			1.06   		   		
4026   			0.93   		   		
4032   			0.52   		   		
4037   			0.99   		   		
4043   			1.04   		   		
4049   			1.68   		   		
4055   			1.33   		   		
4060   			1.62   		   		
4066   			1.22   		   		
4072   			0.00   		   		
4077   			1.33   		   		
4083   			1.37   		   		
4089   			1.89   		   		
4095   			1.77   		   		
4100   			1.37   		   		
4106   			1.89   		   		
4112   			1.39   		   		
4118   			0.99   		   		
4123   			0.99   		   		
4129   			1.10   		   		
4135   			-0.23   		   		
4140   			0.67   		   		
4146   			1.20   		   		
4152   			1.31   		   		
4158   			1.37   		   		
4163   			1.43   		   		
4169   			2.08   		   		
4175   			1.27   		   		
4181   			0.93   		   		
4186   			2.43   		   		
4192   			1.79   		   		
4198   			0.17   		   		
4203   			1.79   		   		
4209   			1.85   		   		
4215   			2.03   		   		
4221   			1.74   		   		
4226   			2.26   		   		
4232   			2.32   		   		
4238   			2.08   		   		
4244   			1.04   		   		
4249   			0.87   		   		
4255   			0.91   		   		
4261   			-0.66   		   		
4266   			1.60   		   		
4272   			2.06   		   		
4278   			1.54   		   		
4284   			1.74   		   		
4289   			1.97   		   		
4295   			1.79   		   		
4301   			1.74   		   		
4307   			1.22   		   		
4312   			1.33   		   		
4318   			1.68   		   		
4324   			1.91   		   		
4329   			1.39   		   		
4335   			1.51   		   		
4341   			1.83   		   		
4347   			1.43   		   		
4352   			1.54   		   		
4358   			1.66   		   		
4364   			1.20   		   		
4370   			1.33   		   		
4375   			2.03   		   		
4381   			1.91   		   		
4387   			2.03   		   		
4392   			2.43   		   		
4398   			2.22   		   		
4404   			2.22   		   		
4410   			1.64   		   		
4415   			1.82   		   		
4421   			2.05   		   		
4427   			1.74   		   		
4433   			1.33   		   		
4438   			2.43   		   		
4444   			1.79   		   		
4450   			1.27   		   		
4455   			1.91   		   		
4461   			2.95   		   		
4467   			1.04   		   		
4473   			1.91   		   		
4478   			1.51   		   		
4484   			1.33   		   		
4490   			1.68   		   		
4496   			1.22   		   		
4501   			0.52   		   		
4507   			0.99   		   		
4513   			0.60   		   		
4518   			1.01   		   		
4524   			2.39   		   		
4530   			2.22   		   		
4536   			1.41   		   		
4541   			2.41   		   		
4547   			2.18   		   		
4553   			2.24   		   		
4559   			1.31   		   		
4564   			1.95   		   		
4570   			2.08   		   		
4576   			1.97   		   		
4581   			1.62   		   		
4587   			0.75   		   		
4593   			1.74   		   		
4599   			1.68   		   		
4604   			1.45   		   		
4610   			1.51   		   		
4616   			1.79   		   		
4621   			1.39   		   		
4627   			2.18   		   		
4633   			1.83   		   		
4639   			2.06   		   		
4644   			1.95   		   		
4650   			1.89   		   		
4656   			1.97   		   		
4662   			1.79   		   		
4667   			2.60   		   		
4673   			3.01   		   		
4679   			0.87   		   		
4684   			2.20   		   		
4690   			2.60   		   		
4696   			2.43   		   		
4702   			2.49   		   		
4707   			2.14   		   		
4713   			1.64   		   		
4719   			2.04   		   		
4725   			2.22   		   		
4730   			1.87   		   		
4736   			1.52   		   		
4742   			0.66   		   		
4747   			2.39   		   		
4753   			2.51   		   		
4759   			2.74   		   		
4765   			2.63   		   		
4770   			1.51   		   		
4776   			1.33   		   		
4782   			0.87   		   		
4788   			2.72   		   		
4793   			1.56   		   		
4799   			1.48   		   		
4805   			0.50   		   		
4810   			2.01   		   		
4816   			2.29   		   		
4822   			2.24   		   		
4828   			1.54   		   		
4833   			2.12   		   		
4839   			1.60   		   		
4845   			2.41   		   		
4851   			2.24   		   		
4856   			1.97   		   		
4862   			1.56   		   		
4868   			2.66   		   		
4873   			2.95   		   		
4879   			2.43   		   		
4885   			2.24   		   		
4891   			1.72   		   		
4896   			1.72   		   		
4902   			1.08   		   		
4908   			2.12   		   		
4914   			2.14   		   		
4919   			1.51   		   		
4925   			1.04   		   		
4931   			1.27   		   		
4936   			1.68   		   		
4942   			1.37   		   		
4948   			1.72   		   		
4954   			2.18   		   		
4959   			1.89   		   		
4965   			1.54   		   		
4971   			2.51   		   		
4977   			2.51   		   		
4982   			3.03   		   		
4988   			2.28   		   		
4994   			3.26   		   		
4999   			1.58   		   		
5005   			1.64   		   		
5011   			1.47   		   		
5017   			1.24   		   		
5022   			1.01   		   		
5028   			1.47   		   		
5034   			0.83   		   		
5040   			0.89   		   		
5045   			1.93   		   		
5051   			1.70   		   		
5057   			1.79   		   		
5062   			1.68   		   		
5068   			1.04   		   		
5074   			1.04   		   		
5080   			2.20   		   		
5085   			1.45   		   		
5091   			2.03   		   		
5097   			2.26   		   		
5103   			2.14   		   		
5108   			1.79   		   		
5114   			1.39   		   		
5120   			1.85   		   		
5125   			0.87   		   		
5131   			1.62   		   		
5137   			0.75   		   		
5143   			1.20   		   		
5148   			1.60   		   		
5154   			1.43   		   		
5160   			1.20   		   		
5166   			0.62   		   		
5171   			1.02   		   		
5177   			1.83   		   		
5183   			0.67   		   		
5188   			1.66   		   		
5194   			2.01   		   		
5200   			2.16   		   		
5206   			1.76   		   		
5211   			1.82   		   		
5217   			1.58   		   		
5223   			-4.16   		   		
5228   			1.45   		   		
5234   			2.78   		   		
5240   			1.62   		   		
5246   			1.16   		   		
5251   			1.85   		   		
5257   			2.14   		   		
5263   			2.37   		   		
5269   			1.74   		   		
5274   			1.97   		   		
5280   			1.68   		   		
5286   			-4.28   		   		
5291   			2.28   		   		
5297   			1.70   		   		
5303   			1.12   		   		
5309   			1.30   		   		
5314   			2.24   		   		
5320   			1.77   		   		
5326   			1.08   		   		
5332   			2.06   		   		
5337   			2.41   		   		
5343   			1.06   		   		
5349   			-3.23   		   		
5354   			1.87   		   		
5360   			1.76   		   		
5366   			1.58   		   		
5372   			1.54   		   		
5377   			1.66   		   		
5383   			1.95   		   		
5389   			2.87   		   		
5395   			1.77   		   		
5400   			0.67   		   		
5406   			1.31   		   		
5412   			1.31   		   		
5417   			1.48   		   		
5423   			1.60   		   		
5429   			2.04   		   		
5435   			1.29   		   		
5440   			0.65   		   		
5446   			0.31   		   		
5452   			1.35   		   		
5458   			1.97   		   		
5463   			1.68   		   		
5469   			1.27   		   		
5475   			1.39   		   		
5480   			1.10   		   		
5486   			1.45   		   		
5492   			2.08   		   		
5498   			1.74   		   		
5503   			0.99   		   		
5509   			1.56   		   		
5515   			1.43   		   		
5521   			1.66   		   		
5526   			1.25   		   		
5532   			1.89   		   		
5538   			1.31   		   		
5543   			1.39   		   		
5549   			1.56   		   		
5555   			-0.40   		   		
5561   			0.00   		   		
5566   			0.58   		   		
5572   			0.29   		   		
5578   			0.64   		   		
5584   			1.45   		   		
5589   			0.75   		   		
5595   			0.93   		   		
5601   			1.45   		   		
5606   			1.62   		   		
5612   			1.33   		   		
5618   			0.58   		   		
5624   			2.03   		   		
5629   			1.39   		   		
5635   			1.04   		   		
5641   			1.62   		   		
5647   			1.68   		   		
5652   			1.79   		   		
5658   			1.22   		   		
5664   			1.97   		   		
5669   			1.39   		   		
5675   			0.70   		   		
5681   			0.87   		   		
5687   			0.79   		   		
5692   			1.20   		   		
5698   			1.66   		   		
5704   			0.67   		   		
5709   			1.54   		   		
5715   			1.06   		   		
5721   			0.71   		   		
5727   			1.23   		   		
5732   			0.60   		   		
5738   			0.89   		   		
5744   			0.73   		   		
5750   			1.08   		   		
5755   			0.44   		   		
5761   			0.91   		   		
5767   			-0.77   		   		
5772   			1.74   		   		
5778   			1.04   		   		
5784   			1.74   		   		
5790   			1.10   		   		
5795   			0.99   		   		
5801   			1.04   		   		
5807   			1.33   		   		
5813   			1.22   		   		
5818   			1.39   		   		
5824   			1.27   		   		
5830   			0.91   		   		
5835   			1.60   		   		
5841   			0.79   		   		
5847   			1.25   		   		
5853   			1.66   		   		
5858   			1.74   		   		
5864   			0.99   		   		
5870   			0.52   		   		
5876   			0.52   		   		
5881   			2.03   		   		
5887   			1.10   		   		
5893   			1.85   		   		
5898   			1.62   		   		
5904   			0.99   		   		
5910   			0.99   		   		
5916   			1.25   		   		
5921   			1.43   		   		
5927   			0.44   		   		
5933   			0.10   		   		
5939   			0.85   		   		
5944   			0.20   		   		
5950   			1.41   		   		
5956   			1.30   		   		
5961   			1.30   		   		
5967   			1.35   		   		
5973   			0.65   		   		
5979   			1.29   		   		
5984   			0.71   		   		
5990   			1.70   		   		
5996   			1.23   		   		
6002   			1.16   		   		
6007   			1.74   		   		
6013   			1.62   		   		
6019   			1.10   		   		
6024   			1.85   		   		
6030   			1.74   		   		
6036   			1.39   		   		
6042   			1.91   		   		
6047   			2.37   		   		
6053   			1.97   		   		
6059   			1.83   		   		
6065   			1.77   		   		
6070   			2.01   		   		
6076   			1.77   		   		
6082   			2.35   		   		
6087   			1.91   		   		
6093   			1.56   		   		
6099   			1.79   		   		
6105   			1.39   		   		
6110   			1.56   		   		
6116   			1.22   		   		
6122   			1.27   		   		
6128   			1.39   		   		
6133   			0.87   		   		
6139   			0.70   		   		
6145   			0.70   		   		
6150   			0.93   		   		
6156   			1.45   		   		
6162   			0.75   		   		
6168   			1.68   		   		
6173   			0.96   		   		
6179   			1.83   		   		
6185   			1.31   		   		
6190   			2.29   		   		
6196   			1.77   		   		
6202   			1.74   		   		
6208   			1.56   		   		
6213   			1.74   		   		
6219   			2.08   		   		
6225   			1.16   		   		
6231   			1.54   		   		
6236   			1.14   		   		
6242   			2.12   		   		
6248   			0.44   		   		
6253   			1.54   		   		
6259   			1.60   		   		
6265   			0.85   		   		
6271   			1.60   		   		
6276   			1.43   		   		
6282   			1.25   		   		
6288   			2.14   		   		
6294   			1.39   		   		
6299   			0.75   		   		
6305   			1.04   		   		
6311   			-0.35   		   		
6316   			1.14   		   		
6322   			2.53   		   		
6328   			2.41   		   		
6334   			2.12   		   		
6339   			1.66   		   		
6345   			1.74   		   		
6351   			1.74   		   		
6357   			1.56   		   		
6362   			1.22   		   		
6368   			2.26   		   		
6374   			1.16   		   		
6379   			0.99   		   		
6385   			0.70   		   		
6391   			0.81   		   		
6397   			1.33   		   		
6402   			0.46   		   		
6408   			0.64   		   		
6414   			-0.35   		   		
6420   			0.46   		   		
6425   			0.64   		   		
6431   			1.16   		   		
6437   			1.45   		   		
6442   			1.33   		   		
6448   			0.06   		   		
6454   			0.41   		   		
6460   			0.23   		   		
6465   			2.03   		   		
6471   			0.93   		   		
6477   			1.16   		   		
6483   			0.75   		   		
6488   			0.85   		   		
6494   			0.56   		   		
6500   			1.31   		   		
6505   			0.44   		   		
6511   			1.43   		   		
6517   			1.16   		   		
6523   			2.43   		   		
6528   			1.51   		   		
6534   			1.45   		   		
6540   			1.56   		   		
6546   			1.45   		   		
6551   			1.39   		   		
6557   			0.70   		   		
6563   			0.64   		   		
6568   			1.39   		   		
6574   			1.22   		   		
6580   			1.45   		   		
6586   			1.16   		   		
6591   			1.04   		   		
6597   			1.22   		   		
6603   			0.64   		   		
6609   			0.12   		   		
6614   			0.41   		   		
6620   			1.45   		   		
6626   			1.45   		   		
6631   			0.72   		   		
6637   			0.60   		   		
6643   			0.60   		   		
6649   			0.49   		   		
6654   			0.37   		   		
6660   			0.52   		   		
6666   			1.16   		   		
6672   			0.75   		   		
6677   			0.29   		   		
6683   			0.81   		   		
6689   			2.01   		   		
6694   			1.02   		   		
6700   			2.24   		   		
6706   			1.20   		   		
6712   			1.72   		   		
6717   			0.64   		   		
6723   			1.39   		   		
6729   			1.91   		   		
6735   			1.39   		   		
6740   			1.56   		   		
6746   			1.22   		   		
6752   			1.56   		   		
6757   			0.75   		   		
6763   			1.16   		   		
6769   			0.52   		   		
6775   			0.64   		   		
6780   			1.91   		   		
6786   			1.10   		   		
6792   			1.22   		   		
6798   			1.68   		   		
6803   			1.22   		   		
6809   			1.51   		   		
6815   			0.00   		   		
6820   			0.29   		   		
6826   			0.81   		   		
6832   			0.54   		   		
6838   			0.54   		   		
6843   			0.72   		   		
6849   			1.01   		   		
6855   			1.47   		   		
6861   			0.58   		   		
6866   			1.45   		   		
6872   			1.45   		   		
6878   			1.33   		   		
6883   			1.56   		   		
6889   			1.41   		   		
6895   			1.47   		   		
6901   			1.24   		   		
6906   			1.53   		   		
6912   			1.12   		   		
6918   			0.81   		   		
6923   			1.56   		   		
6929   			0.64   		   		
6935   			0.41   		   		
6941   			0.52   		   		
6946   			0.15   		   		
6952   			0.33   		   		
6958   			0.85   		   		
6964   			1.02   		   		
6969   			0.91   		   		
6975   			0.29   		   		
6981   			0.99   		   		
6987   			0.17   		   		
6992   			0.64   		   		
6998   			0.75   		   		
7004   			0.87   		   		
7009   			0.81   		   		
7015   			1.16   		   		
7021   			0.87   		   		
7027   			0.81   		   		
7032   			0.56   		   		
7038   			1.14   		   		
7044   			-1.64   		   		
7049   			-0.02   		   		
7055   			0.91   		   		
7061   			0.99   		   		
7067   			1.22   		   		
7072   			0.87   		   		
7078   			0.81   		   		
7084   			1.56   		   		
7090   			1.56   		   		
7095   			1.22   		   		
7101   			1.33   		   		
7107   			-0.40   		   		
7112   			-0.17   		   		
7118   			0.75   		   		
7124   			1.27   		   		
7130   			0.93   		   		
7135   			1.10   		   		
7141   			1.04   		   		
7147   			0.91   		   		
7153   			0.96   		   		
7158   			0.67   		   		
7164   			1.72   		   		
7170   			0.04   		   		
7175   			1.25   		   		
7181   			1.83   		   		
7187   			1.54   		   		
7193   			1.77   		   		
7198   			2.53   		   		
7204   			2.57   		   		
7210   			2.05   		   		
7216   			1.47   		   		
7221   			1.30   		   		
7227   			1.06   		   		
7233   			1.79   		   		
7238   			2.14   		   		
7244   			1.97   		   		
7250   			1.97   		   		
7256   			2.20   		   		
7261   			2.95   		   		
7267   			2.37   		   		
7273   			1.91   		   		
7279   			2.55   		   		
7284   			0.93   		   		
7290   			0.74   		   		
7296   			1.08   		   		
7301   			1.49   		   		
7307   			2.53   		   		
7313   			1.20   		   		
7319   			1.27   		   		
7324   			1.39   		   		
7330   			1.56   		   		
7336   			1.91   		   		
7342   			1.74   		   		
7347   			2.03   		   		
7353   			2.26   		   		
7359   			1.68   		   		
7364   			1.51   		   		
7370   			1.10   		   		
7376   			0.73   		   		
7382   			1.25   		   		
7387   			0.91   		   		
7393   			1.31   		   		
7399   			1.37   		   		
7405   			1.02   		   		
7410   			1.72   		   		
7416   			1.95   		   		
7422   			2.18   		   		
7427   			2.12   		   		
7433   			0.60   		   		
7439   			1.06   		   		
7445   			1.17   		   		
7450   			1.75   		   		
7456   			1.12   		   		
7462   			1.62   		   		
7468   			1.45   		   		
7473   			1.97   		   		
7479   			2.08   		   		
7485   			1.79   		   		
7490   			2.12   		   		
7496   			2.18   		   		
7502   			1.72   		   		
7508   			1.72   		   		
7513   			1.72   		   		
7519   			2.10   		   		
7525   			2.57   		   		
7531   			2.80   		   		
7536   			2.80   		   		
7542   			2.10   		   		
7548   			2.28   		   		
7553   			2.80   		   		
7559   			2.51   		   		
7565   			2.22   		   		
7571   			3.14   		   		
7576   			2.39   		   		
7582   			1.99   		   		
7588   			2.51   		   		
7594   			2.97   		   		
7599   			3.09   		   		
7605   			2.08   		   		
7611   			1.97   		   		
7616   			2.49   		   		
7622   			3.01   		   		
7628   			2.66   		   		
7634   			2.78   		   		
7639   			2.20   		   		
7645   			2.95   		   		
7651   			3.53   		   		
7657   			3.07   		   		
7662   			2.26   		   		
7668   			2.43   		   		
7674   			2.84   		   		
7679   			3.76   		   		
7685   			3.99   		   		
7691   			2.87   		   		
7697   			3.45   		   		
7702   			3.05   		   		
7708   			2.41   		   		
7714   			3.16   		   		
7720   			3.62   		   		
7725   			2.12   		   		
7731   			2.93   		   		
7737   			2.41   		   		
7742   			2.58   		   		
7748   			3.76   		   		
7754   			3.01   		   		
7760   			3.24   		   		
7765   			3.64   		   		
7771   			3.53   		   		
7777   			3.93   		   		
7783   			3.93   		   		
7788   			3.30   		   		
7794   			3.53   		   		
7800   			3.07   		   		
7805   			3.14   		   		
7811   			3.38   		   		
7817   			3.55   		   		
7823   			3.38   		   		
7828   			3.84   		   		
7834   			3.93   		   		
7840   			3.64   		   		
7846   			3.01   		   		
7851   			3.53   		   		
7857   			3.93   		   		
7863   			3.45   		   		
7868   			3.28   		   		
7874   			3.97   		   		
7880   			4.60   		   		
7886   			4.14   		   		
7891   			3.70   		   		
7897   			3.93   		   		
7903   			3.76   		   		
7909   			4.16   		   		
7914   			4.45   		   		
7920   			3.97   		   		
7926   			4.14   		   		
7931   			4.95   		   		
7937   			4.26   		   		
7943   			4.49   		   		
7949   			4.74   		   		
7954   			4.45   		   		
7960   			3.93   		   		
7966   			2.14   		   		
7971   			4.57   		   		
7977   			4.54   		   		
7983   			5.18   		   		
7989   			4.66   		   		
7994   			4.26   		   		
8000   			4.31   		   		
8006   			4.49   		   		
8012   			5.81   		   		
8017   			5.12   		   		
8023   			3.85   		   		
8029   			2.93   		   		
8035   			5.18   		   		
8040   			5.24   		   		
8046   			5.24   		   		
8052   			6.50   		   		
8057   			5.18   		   		
8063   			5.85   		   		
8069   			5.56   		   		
8075   			5.68   		   		
8080   			6.94   		   		
8086   			6.31   		   		
8092   			6.10   		   		
8098   			6.27   		   		
8103   			6.22   		   		
8109   			6.22   		   		
8115   			6.50   		   		
8120   			5.95   		   		
8126   			6.64   		   		
8132   			6.41   		   		
8138   			6.58   		   		
8143   			7.04   		   		
8149   			6.62   		   		
8155   			6.50   		   		
8161   			6.33   		   		
8166   			7.14   		   		
8172   			7.25   		   		
8178   			7.31   		   		
8183   			7.42   		   		
8189   			7.02   		   		
8195   			6.62   		   		
8201   			6.33   		   		
8206   			6.39   		   		
8212   			7.14   		   		
8218   			7.82   		   		
8224   			7.31   		   		
8229   			6.91   		   		
8235   			7.04   		   		
8241   			7.16   		   		
8246   			7.16   		   		
8252   			7.16   		   		
8258   			6.93   		   		
8264   			7.04   		   		
8269   			7.50   		   		
8275   			6.81   		   		
8281   			7.56   		   		
8287   			8.25   		   		
8292   			7.85   		   		
8298   			8.36   		   		
8304   			8.08   		   		
8309   			8.13   		   		
8315   			7.44   		   		
8321   			7.67   		   		
8327   			8.02   		   		
8332   			7.96   		   		
8338   			7.73   		   		
8344   			8.08   		   		
8350   			7.77   		   		
8355   			8.05   		   		
8361   			7.65   		   		
8367   			7.48   		   		
8372   			8.17   		   		
8378   			8.36   		   		
8384   			8.53   		   		
8390   			8.25   		   		
8395   			8.42   		   		
8401   			9.39   		   		
8407   			6.70   		   		
8412   			9.51   		   		
8418   			8.13   		   		
8424   			7.73   		   		
8430   			8.25   		   		
8435   			8.57   		   		
8441   			9.14   		   		
8447   			9.32   		   		
8453   			9.09   		   		
8458   			10.18   		   		
8464   			9.65   		   		
8470   			7.46   		   		
8475   			8.90   		   		
8481   			9.01   		   		
8487   			9.19   		   		
8493   			10.35   		   		
8498   			9.55   		   		
8504   			9.32   		   		
8510   			8.74   		   		
8516   			8.97   		   		
8521   			9.74   		   		
8527   			9.68   		   		
8533   			8.65   		   		
8538   			10.37   		   		
8544   			10.43   		   		
8550   			10.23   		   		
8556   			10.12   		   		
8561   			9.95   		   		
8567   			10.63   		   		
8573   			9.43   		   		
8579   			9.74   		   		
8584   			9.97   		   		
8590   			10.08   		   		
8596   			8.02   		   		
8601   			11.06   		   		
8607   			10.23   		   		
8613   			10.12   		   		
8619   			10.86   		   		
8624   			10.58   		   		
8630   			10.35   		   		
8636   			9.80   		   		
8642   			10.43   		   		
8647   			10.03   		   		
8653   			9.91   		   		
8659   			8.19   		   		
8664   			10.10   		   		
8670   			9.87   		   		
8676   			10.39   		   		
8682   			10.56   		   		
8687   			10.16   		   		
8693   			10.08   		   		
8699   			10.37   		   		
8705   			10.14   		   		
8710   			9.97   		   		
8716   			9.85   		   		
8722   			9.78   		   		
8727   			10.00   		   		
8733   			10.35   		   		
8739   			10.58   		   		
8745   			9.72   		   		
8750   			10.12   		   		
8756   			10.41   		   		
8762   			10.18   		   		
8768   			10.69   		   		
8773   			9.89   		   		
8779   			10.18   		   		
8785   			10.69   		   		
8790   			10.52   		   		
8796   			10.00   		   		
8802   			10.12   		   		
8808   			10.46   		   		
8813   			11.44   		   		
8819   			10.75   		   		
8825   			9.60   		   		
8831   			11.04   		   		
8836   			10.58   		   		
8842   			11.78   		   		
8848   			11.55   		   		
8853   			11.49   		   		
8859   			11.61   		   		
8865   			11.55   		   		
8871   			12.01   		   		
8876   			11.78   		   		
8882   			11.61   		   		
8888   			11.66   		   		
8894   			12.64   		   		
8899   			13.09   		   		
8905   			12.64   		   		
8911   			12.01   		   		
8916   			12.18   		   		
8922   			12.31   		   		
8928   			11.91   		   		
8934   			12.43   		   		
8939   			12.43   		   		
8945   			12.49   		   		
8951   			12.43   		   		
8957   			12.66   		   		
8962   			12.71   		   		
8968   			12.54   		   		
8974   			12.26   		   		
8979   			13.09   		   		
8985   			12.86   		   		
8991   			13.04   		   		
8997   			12.58   		   		
9002   			13.09   		   		
9008   			12.26   		   		
9014   			13.23   		   		
9019   			13.51   		   		
9025   			13.11   		   		
9031   			13.17   		   		
9037   			12.69   		   		
9042   			13.44   		   		
9048   			12.24   		   		
9054   			12.52   		   		
9060   			12.75   		   		
9065   			11.89   		   		
9071   			12.86   		   		
9077   			11.21   		   		
9082   			12.98   		   		
9088   			12.46   		   		
9094   			12.12   		   		
9100   			12.81   		   		
9105   			12.69   		   		
9111   			12.98   		   		
9117   			12.81   		   		
9123   			13.06   		   		
9128   			13.34   		   		
9134   			12.66   		   		
9140   			12.77   		   		
9145   			12.66   		   		
9151   			12.77   		   		
9157   			13.00   		   		
9163   			13.00   		   		
9168   			13.00   		   		
9174   			12.66   		   		
9180   			12.09   		   		
9186   			12.43   		   		
9191   			14.08   		   		
9197   			14.14   		   		
9203   			13.46   		   		
9208   			14.03   		   		
9214   			13.51   		   		
9220   			13.51   		   		
9226   			13.80   		   		
9231   			13.68   		   		
9237   			13.80   		   		
9243   			14.08   		   		
9249   			14.14   		   		
9254   			14.08   		   		
9260   			14.43   		   		
9266   			14.37   		   		
9271   			14.43   		   		
9277   			13.29   		   		
9283   			13.74   		   		
9289   			13.40   		   		
9294   			13.04   		   		
9300   			14.01   		   		
9306   			12.86   		   		
9312   			13.26   		   		
9317   			13.49   		   		
9323   			14.14   		   		
9329   			13.74   		   		
9334   			13.97   		   		
9340   			13.23   		   		
9346   			13.46   		   		
9352   			13.86   		   		
9357   			13.51   		   		
9363   			13.86   		   		
9369   			13.17   		   		
9375   			14.03   		   		
9380   			13.04   		   		
9386   			13.04   		   		
9392   			13.32   		   		
9397   			13.09   		   		
9403   			12.92   		   		
9409   			13.40   		   		
9415   			14.14   		   		
9420   			12.77   		   		
9426   			13.06   		   		
9432   			13.91   		   		
9438   			14.20   		   		
9443   			13.40   		   		
9449   			13.46   		   		
9455   			12.83   		   		
9460   			14.31   		   		
9466   			13.59   		   		
9472   			13.47   		   		
9478   			13.93   		   		
9483   			14.16   		   		
9489   			13.19   		   		
9495   			12.29   		   		
9500   			14.06   		   		
9506   			13.66   		   		
9512   			12.98   		   		
9518   			13.15   		   		
9523   			13.00   		   		
9529   			13.68   		   		
9535   			12.77   		   		
9541   			12.77   		   		
9546   			12.71   		   		
9552   			13.21   		   		
9558   			13.21   		   		
9563   			13.09   		   		
9569   			12.69   		   		
9575   			12.24   		   		
9581   			12.18   		   		
9586   			12.86   		   		
9592   			12.92   		   		
9598   			12.92   		   		
9604   			12.18   		   		
9609   			12.89   		   		
9615   			11.91   		   		
9621   			12.43   		   		
9626   			12.54   		   		
9632   			12.77   		   		
9638   			13.63   		   		
9644   			13.40   		   		
9649   			13.00   		   		
9655   			12.83   		   		
9661   			13.17   		   		
9667   			12.54   		   		
9672   			13.97   		   		
9678   			13.11   		   		
9684   			12.66   		   		
9689   			12.37   		   		
9695   			12.81   		   		
9701   			13.09   		   		
9707   			12.81   		   		
9712   			13.38   		   		
9718   			12.98   		   		
9724   			12.39   		   		
9730   			12.56   		   		
9735   			12.96   		   		
9741   			12.56   		   		
9747   			12.10   		   		
9752   			12.20   		   		
9758   			13.00   		   		
9764   			12.66   		   		
9770   			12.66   		   		
9775   			13.06   		   		
9781   			13.17   		   		
9787   			13.57   		   		
9793   			13.34   		   		
9798   			13.68   		   		
9804   			12.77   		   		
9810   			13.53   		   		
9815   			13.64   		   		
9821   			13.13   		   		
9827   			13.76   		   		
9833   			13.70   		   		
9838   			13.21   		   		
9844   			13.72   		   		
9850   			12.92   		   		
9856   			12.69   		   		
9861   			12.81   		   		
9867   			11.63   		   		
9873   			11.69   		   		
9878   			12.31   		   		
9884   			12.43   		   		
9890   			12.54   		   		
9896   			12.24   		   		
9901   			12.35   		   		
9907   			11.55   		   		
9913   			12.35   		   		
9919   			12.69   		   		
9924   			12.52   		   		
9930   			12.29   		   		
9936   			12.41   		   		
9941   			12.12   		   		
9947   			12.24   		   		
9953   			12.64   		   		
9959   			12.18   		   		
9964   			11.89   		   		
9970   			12.01   		   		
9976   			10.29   		   		
9981   			12.26   		   		
9987   			11.69   		   		
9993   			11.63   		   		
9999   			12.26   		   		
10004   			12.89   		   		
10010   			12.26   		   		
10016   			13.06   		   		
10022   			12.43   		   		
10027   			12.20   		   		
10033   			12.26   		   		
10039   			10.43   		   		
10044   			12.83   		   		
10050   			12.71   		   		
10056   			12.60   		   		
10062   			12.37   		   		
10067   			12.56   		   		
10073   			12.79   		   		
10079   			12.16   		   		
10085   			12.22   		   		
10090   			12.90   		   		
10096   			12.86   		   		
10102   			12.12   		   		
10107   			12.18   		   		
10113   			11.72   		   		
10119   			13.09   		   		
10125   			13.02   		   		
10130   			12.51   		   		
10136   			11.94   		   		
10142   			12.39   		   		
10148   			11.53   		   		
10153   			12.56   		   		
10159   			12.05   		   		
10165   			12.22   		   		
10170   			12.85   		   		
10176   			12.74   		   		
10182   			12.86   		   		
10188   			12.29   		   		
10193   			12.18   		   		
10199   			12.69   		   		
10205   			12.64   		   		
10211   			12.49   		   		
10216   			12.66   		   		
10222   			12.60   		   		
10228   			12.60   		   		
10233   			12.37   		   		
10239   			12.94   		   		
10245   			12.09   		   		
10251   			12.09   		   		
10256   			11.46   		   		
10262   			12.37   		   		
10268   			12.20   		   		
10274   			11.86   		   		
10279   			11.51   		   		
10285   			11.63   		   		
10291   			12.03   		   		
10296   			12.09   		   		
10302   			11.97   		   		
10308   			11.74   		   		
10314   			11.57   		   		
10319   			12.14   		   		
10325   			12.24   		   		
10331   			12.81   		   		
10336   			12.58   		   		
10342   			12.46   		   		
10348   			13.09   		   		
10354   			12.54   		   		
10359   			12.94   		   		
10365   			12.89   		   		
10371   			12.43   		   		
10377   			12.49   		   		
10382   			12.46   		   		
10388   			12.69   		   		
10394   			10.63   		   		
10399   			12.69   		   		
10405   			12.81   		   		
10411   			12.85   		   		
10417   			12.39   		   		
10422   			12.28   		   		
10428   			11.88   		   		
10434   			12.56   		   		
10440   			12.83   		   		
10445   			12.66   		   		
10451   			12.94   		   		
10457   			11.80   		   		
10462   			12.31   		   		
10468   			12.20   		   		
10474   			13.40   		   		
10480   			12.31   		   		
10485   			13.23   		   		
10491   			13.29   		   		
10497   			13.21   		   		
10503   			13.38   		   		
10508   			13.66   		   		
10514   			12.64   		   		
10520   			12.92   		   		
10525   			13.15   		   		
10531   			12.92   		   		
10537   			13.66   		   		
10543   			13.26   		   		
10548   			14.06   		   		
10554   			12.89   		   		
10560   			13.00   		   		
10566   			12.31   		   		
10571   			12.94   		   		
10577   			13.17   		   		
10583   			13.23   		   		
10588   			13.40   		   		
10594   			14.08   		   		
10600   			12.94   		   		
10606   			13.46   		   		
10611   			13.68   		   		
10617   			12.89   		   		
10623   			13.46   		   		
10629   			12.60   		   		
10634   			13.11   		   		
10640   			12.89   		   		
10646   			13.57   		   		
10651   			12.89   		   		
10657   			12.89   		   		
10663   			12.14   		   		
10669   			12.83   		   		
10674   			13.29   		   		
10680   			13.00   		   		
10686   			12.60   		   		
10692   			13.00   		   		
10697   			13.09   		   		
10703   			13.09   		   		
10709   			12.81   		   		
10714   			13.21   		   		
10720   			13.04   		   		
10726   			14.14   		   		
10732   			14.08   		   		
10737   			13.91   		   		
10743   			13.68   		   		
10749   			13.46   		   		
10754   			12.86   		   		
10760   			13.78   		   		
10766   			13.15   		   		
10772   			14.29   		   		
10777   			13.44   		   		
10783   			13.46   		   		
10789   			13.17   		   		
10795   			13.40   		   		
10800   			13.29   		   		
10806   			13.80   		   		
10812   			12.81   		   		
10817   			14.01   		   		
10823   			13.38   		   		
10829   			13.44   		   		
10835   			13.04   		   		
10840   			13.61   		   		
10846   			13.21   		   		
10852   			12.29   		   		
10858   			12.86   		   		
10863   			12.75   		   		
10869   			13.11   		   		
10875   			11.40   		   		
10880   			13.11   		   		
10886   			12.54   		   		
10892   			13.11   		   		
10898   			12.46   		   		
10903   			12.92   		   		
10909   			12.41   		   		
10915   			13.09   		   		
10921   			12.98   		   		
10926   			13.11   		   		
10932   			13.11   		   		
10938   			11.69   		   		
10943   			13.40   		   		
10949   			13.46   		   		
10955   			12.20   		   		
10961   			12.31   		   		
10966   			13.00   		   		
10972   			13.06   		   		
10978   			13.46   		   		
10984   			13.76   		   		
10989   			13.31   		   		
10995   			12.85   		   		
11001   			11.42   		   		
11006   			13.59   		   		
11012   			13.29   		   		
11018   			13.46   		   		
11024   			14.03   		   		
11029   			13.74   		   		
11035   			12.66   		   		
11041   			13.38   		   		
11047   			13.21   		   		
11052   			12.41   		   		
11058   			12.81   		   		
11064   			13.84   		   		
11069   			14.08   		   		
11075   			13.91   		   		
11081   			14.03   		   		
11087   			13.34   		   		
11092   			13.63   		   		
11098   			13.49   		   		
11104   			13.26   		   		
11110   			13.44   		   		
11115   			12.98   		   		
11121   			13.55   		   		
11127   			12.98   		   		
11132   			13.78   		   		
11138   			13.15   		   		
11144   			13.66   		   		
11150   			13.21   		   		
11155   			12.50   		   		
11161   			12.10   		   		
11167   			12.16   		   		
11173   			12.04   		   		
11178   			11.99   		   		
11184   			11.88   		   		
11190   			12.05   		   		
11195   			13.31   		   		
11201   			13.31   		   		
11207   			12.96   		   		
11213   			12.60   		   		
11218   			13.40   		   		
11224   			11.80   		   		
11230   			12.37   		   		
11236   			12.20   		   		
11241   			12.35   		   		
11247   			13.38   		   		
11253   			12.46   		   		
11258   			13.09   		   		
11264   			12.86   		   		
11270   			12.20   		   		
11276   			12.20   		   		
11281   			12.49   		   		
11287   			12.66   		   		
11293   			11.57   		   		
11298   			12.86   		   		
11304   			12.18   		   		
11310   			12.75   		   		
11316   			12.98   		   		
11321   			12.35   		   		
11327   			13.00   		   		
11333   			13.40   		   		
11339   			13.06   		   		
11344   			13.17   		   		
11350   			12.49   		   		
11356   			10.56   		   		
11361   			12.96   		   		
11367   			13.36   		   		
11373   			13.01   		   		
11379   			13.19   		   		
11384   			13.88   		   		
11390   			12.79   		   		
11396   			13.65   		   		
11402   			12.96   		   		
11407   			12.85   		   		
11413   			13.91   		   		
11419   			12.66   		   		
11424   			13.17   		   		
11430   			13.74   		   		
11436   			13.46   		   		
11442   			13.21   		   		
11447   			14.18   		   		
11453   			13.72   		   		
11459   			13.49   		   		
11465   			13.04   		   		
11470   			13.78   		   		
11476   			13.04   		   		
11482   			13.38   		   		
11487   			13.04   		   		
11493   			13.38   		   		
11499   			13.40   		   		
11505   			13.57   		   		
11510   			12.94   		   		
11516   			12.83   		   		
11522   			12.71   		   		
11528   			13.80   		   		
11533   			13.51   		   		
11539   			14.43   		   		
11545   			13.46   		   		
11550   			13.46   		   		
11556   			13.29   		   		
11562   			14.71   		   		
11568   			13.57   		   		
11573   			13.23   		   		
11579   			13.97   		   		
11585   			14.06   		   		
11591   			14.01   		   		
11596   			13.38   		   		
11602   			13.26   		   		
11608   			13.55   		   		
11613   			13.14   		   		
11619   			13.31   		   		
11625   			12.96   		   		
11631   			12.96   		   		
11636   			13.59   		   		
11642   			13.55   		   		
11648   			13.38   		   		
11654   			13.44   		   		
11659   			13.21   		   		
11665   			13.32   		   		
11671   			13.14   		   		
11676   			13.88   		   		
11682   			14.22   		   		
11688   			13.71   		   		
11694   			13.71   		   		
11699   			13.84   		   		
11705   			14.01   		   		
11711   			13.72   		   		
11716   			12.75   		   		
11722   			12.58   		   		
11728   			13.34   		   		
11734   			13.17   		   		
11739   			13.17   		   		
11745   			12.77   		   		
11751   			13.34   		   		
11757   			13.34   		   		
11762   			13.74   		   		
11768   			13.34   		   		
11774   			11.57   		   		
11779   			11.97   		   		
11785   			12.37   		   		
11791   			12.43   		   		
11797   			13.17   		   		
11802   			12.60   		   		
11808   			13.23   		   		
11814   			12.01   		   		
11820   			12.18   		   		
11825   			12.06   		   		
11831   			12.58   		   		
11837   			12.35   		   		
11842   			12.52   		   		
11848   			12.12   		   		
11854   			11.66   		   		
11860   			12.06   		   		
11865   			12.06   		   		
11871   			13.04   		   		
11877   			12.69   		   		
11883   			12.75   		   		
11888   			13.38   		   		
11894   			12.29   		   		
11900   			12.66   		   		
11905   			12.03   		   		
11911   			12.20   		   		
11917   			12.31   		   		
11923   			11.74   		   		
11928   			12.26   		   		
11934   			13.00   		   		
11940   			12.66   		   		
11946   			12.94   		   		
11951   			12.20   		   		
11957   			12.12   		   		
11963   			12.58   		   		
11968   			11.89   		   		
11974   			12.58   		   		
11980   			11.66   		   		
11986   			11.69   		   		
11991   			12.14   		   		
11997   			12.83   		   		
12003   			12.37   		   		
12009   			12.83   		   		
12014   			12.58   		   		
12020   			12.01   		   		
12026   			12.01   		   		
12031   			10.98   		   		
12037   			12.41   		   		
12043   			12.51   		   		
12049   			12.39   		   		
12054   			11.76   		   		
12060   			11.13   		   		
12066   			11.48   		   		
12072   			11.89   		   		
12077   			11.84   		   		
12083   			12.86   		   		
12089   			11.61   		   		
12094   			11.55   		   		
12100   			12.06   		   		
12106   			11.95   		   		
12112   			12.18   		   		
12117   			11.32   		   		
12123   			11.04   		   		
12129   			12.09   		   		
12135   			12.94   		   		
12140   			11.34   		   		
12146   			11.69   		   		
12152   			11.86   		   		
12157   			11.61   		   		
12163   			11.44   		   		
12169   			10.98   		   		
12175   			11.38   		   		
12180   			11.32   		   		
12186   			10.91   		   		
12192   			12.28   		   		
12198   			11.36   		   		
12203   			11.08   		   		
12209   			11.99   		   		
12215   			11.80   		   		
12220   			11.91   		   		
12226   			11.74   		   		
12232   			11.34   		   		
12238   			12.37   		   		
12243   			11.97   		   		
12249   			12.49   		   		
12255   			12.66   		   		
12260   			11.63   		   		
12266   			12.09   		   		
12272   			12.49   		   		
12278   			12.14   		   		
12283   			12.20   		   		
12289   			12.60   		   		
12295   			11.91   		   		
12301   			12.26   		   		
12306   			11.74   		   		
12312   			11.63   		   		
12318   			10.08   		   		
12323   			11.86   		   		
12329   			11.17   		   		
12335   			10.77   		   		
12341   			11.51   		   		
12346   			12.03   		   		
12352   			12.09   		   		
12358   			11.91   		   		
12364   			12.83   		   		
12369   			12.83   		   		
12375   			12.14   		   		
12381   			10.20   		   		
12386   			12.18   		   		
12392   			11.61   		   		
12398   			11.95   		   		
12404   			11.84   		   		
12409   			12.75   		   		
12415   			12.35   		   		
12421   			11.84   		   		
12427   			11.95   		   		
12432   			12.12   		   		
12438   			11.55   		   		
12444   			12.05   		   		
12449   			12.34   		   		
12455   			12.39   		   		
12461   			12.39   		   		
12467   			11.76   		   		
12472   			12.26   		   		
12478   			13.23   		   		
12484   			12.43   		   		
12490   			13.06   		   		
12495   			13.06   		   		
12501   			12.52   		   		
12507   			12.35   		   		
12512   			13.44   		   		
12518   			12.64   		   		
12524   			13.04   		   		
12530   			12.81   		   		
12535   			13.26   		   		
12541   			11.72   		   		
12547   			11.78   		   		
12553   			13.04   		   		
12558   			12.03   		   		
12564   			12.09   		   		
12570   			11.69   		   		
12575   			12.31   		   		
12581   			11.91   		   		
12587   			13.00   		   		
12593   			13.11   		   		
12598   			12.54   		   		
12604   			12.26   		   		
12610   			12.94   		   		
12616   			12.37   		   		
12621   			12.14   		   		
12627   			12.77   		   		
12633   			12.14   		   		
12638   			12.03   		   		
12644   			12.24   		   		
12650   			12.18   		   		
12656   			12.24   		   		
12661   			11.78   		   		
12667   			11.84   		   		
12673   			11.23   		   		
12678   			12.60   		   		
12684   			12.66   		   		
12690   			12.54   		   		
12696   			13.51   		   		
12701   			12.14   		   		
12707   			12.43   		   		
12713   			12.60   		   		
12719   			13.17   		   		
12724   			13.17   		   		
12730   			13.08   		   		
12736   			11.36   		   		
12741   			13.08   		   		
12747   			12.96   		   		
12753   			13.71   		   		
12759   			12.41   		   		
12764   			12.18   		   		
12770   			12.18   		   		
12776   			13.04   		   		
12782   			12.41   		   		
12787   			13.09   		   		
12793   			12.52   		   		
12799   			12.75   		   		
12804   			13.66   		   		
12810   			12.86   		   		
12816   			13.91   		   		
12822   			12.77   		   		
12827   			12.71   		   		
12833   			12.49   		   		
12839   			12.20   		   		
12845   			12.43   		   		
12850   			12.37   		   		
12856   			11.51   		   		
12862   			12.31   		   		
12867   			12.43   		   		
12873   			12.49   		   		
12879   			11.97   		   		
12885   			12.43   		   		
12890   			11.86   		   		
12896   			12.20   		   		
12902   			12.75   		   		
12908   			12.81   		   		
12913   			13.04   		   		
12919   			12.52   		   		
12925   			12.24   		   		
12930   			13.00   		   		
12936   			11.57   		   		
12942   			12.14   		   		
12948   			12.66   		   		
12953   			11.91   		   		
12959   			12.03   		   		
12965   			11.97   		   		
12971   			11.69   		   		
12976   			13.23   		   		
12982   			12.31   		   		
12988   			12.49   		   		
12993   			12.77   		   		
12999   			12.20   		   		
13005   			12.26   		   		
13011   			12.77   		   		
13016   			11.84   		   		
13022   			12.58   		   		
13028   			12.92   		   		
13033   			12.92   		   		
13039   			12.41   		   		
13045   			12.86   		   		
13051   			13.15   		   		
13056   			12.29   		   		
13062   			11.95   		   		
13068   			12.46   		   		
13074   			12.09   		   		
13079   			12.49   		   		
13085   			11.86   		   		
13091   			10.71   		   		
13096   			12.49   		   		
13102   			11.78   		   		
13108   			12.58   		   		
13114   			12.24   		   		
13119   			12.29   		   		
13125   			12.52   		   		
13131   			11.36   		   		
13137   			12.10   		   		
13142   			12.22   		   		
13148   			11.93   		   		
13154   			11.99   		   		
13159   			11.61   		   		
13165   			11.72   		   		
13171   			11.72   		   		
13177   			12.35   		   		
13182   			11.66   		   		
13188   			11.38   		   		
13194   			11.49   		   		
13200   			11.44   		   		
13205   			12.01   		   		
13211   			12.24   		   		
13217   			12.01   		   		
13222   			12.64   		   		
13228   			12.58   		   		
13234   			11.89   		   		
13240   			11.78   		   		
13245   			11.38   		   		
13251   			11.38   		   		
13257   			11.44   		   		
13263   			11.26   		   		
13268   			12.52   		   		
13274   			12.18   		   		
13280   			10.63   		   		
13285   			11.95   		   		
13291   			12.06   		   		
13297   			12.41   		   		
13303   			12.18   		   		
13308   			12.75   		   		
13314   			12.18   		   		
13320   			12.86   		   		
13326   			13.44   		   		
13331   			12.89   		   		
13337   			13.11   		   		
13343   			12.20   		   		
13348   			13.00   		   		
13354   			12.60   		   		
13360   			11.74   		   		
13366   			12.09   		   		
13371   			12.89   		   		
13377   			13.29   		   		
13383   			12.09   		   		
13389   			12.64   		   		
13394   			12.06   		   		
13400   			11.78   		   		
13406   			12.75   		   		
13411   			12.81   		   		
13417   			12.09   		   		
13423   			11.69   		   		
13429   			11.74   		   		
13434   			12.26   		   		
13440   			11.91   		   		
13446   			12.14   		   		
13451   			11.51   		   		
13457   			11.29   		   		
13463   			11.63   		   		
13469   			12.03   		   		
13474   			12.60   		   		
13480   			13.23   		   		
13486   			12.94   		   		
13492   			11.91   		   		
13497   			12.31   		   		
13503   			13.00   		   		
13509   			10.83   		   		
13514   			12.31   		   		
13520   			12.54   		   		
13526   			12.20   		   		
13532   			12.35   		   		
13537   			11.32   		   		
13543   			12.35   		   		
13549   			12.92   		   		
13555   			12.69   		   		
13560   			12.66   		   		
13566   			13.63   		   		
13572   			11.29   		   		
13577   			12.60   		   		
13583   			11.40   		   		
13589   			12.62   		   		
13595   			12.10   		   		
13600   			11.99   		   		
13606   			12.50   		   		
13612   			11.82   		   		
13618   			12.69   		   		
13623   			12.41   		   		
13629   			12.24   		   		
13635   			12.64   		   		
13640   			12.18   		   		
13646   			12.43   		   		
13652   			12.09   		   		
13658   			12.54   		   		
13663   			11.86   		   		
13669   			10.66   		   		
13675   			11.66   		   		
13681   			12.35   		   		
13686   			10.81   		   		
13692   			11.72   		   		
13698   			11.21   		   		
13703   			11.57   		   		
13709   			11.51   		   		
13715   			11.06   		   		
13721   			11.00   		   		
13726   			10.88   		   		
13732   			11.65   		   		
13738   			11.36   		   		
13744   			11.71   		   		
13749   			11.59   		   		
13755   			11.48   		   		
13761   			12.51   		   		
13766   			12.34   		   		
13772   			11.13   		   		
13778   			11.71   		   		
13784   			11.76   		   		
13789   			11.46   		   		
13795   			11.11   		   		
13801   			11.69   		   		
13807   			11.11   		   		
13812   			11.00   		   		
13818   			10.44   		   		
13824   			10.50   		   		
13829   			11.01   		   		
13835   			11.30   		   		
13841   			11.41   		   		
13847   			11.44   		   		
13852   			11.84   		   		
13858   			12.35   		   		
13864   			11.89   		   		
13870   			11.09   		   		
13875   			10.69   		   		
13881   			11.09   		   		
13887   			10.98   		   		
13892   			11.38   		   		
13898   			11.26   		   		
13904   			11.09   		   		
13910   			11.09   		   		
13915   			10.35   		   		
13921   			10.98   		   		
13927   			11.15   		   		
13933   			11.72   		   		
13938   			11.95   		   		
13944   			12.18   		   		
13950   			11.95   		   		
13955   			11.49   		   		
13961   			11.65   		   		
13967   			11.31   		   		
13973   			12.05   		   		
13978   			11.94   		   		
13984   			11.94   		   		
13990   			11.51   		   		
13996   			11.57   		   		
14001   			11.74   		   		
14007   			11.29   		   		
14013   			11.74   		   		
14018   			11.17   		   		
14024   			11.23   		   		
14030   			11.57   		   		
14036   			11.11   		   		
14041   			11.23   		   		
14047   			11.38   		   		
14053   			10.69   		   		
14058   			12.35   		   		
14064   			12.29   		   		
14070   			12.06   		   		
14076   			12.68   		   		
14081   			12.34   		   		
14087   			12.05   		   		
14093   			12.56   		   		
14099   			12.45   		   		
14104   			11.59   		   		
14110   			11.65   		   		
14116   			12.16   		   		
14121   			12.11   		   		
14127   			12.85   		   		
14133   			11.63   		   		
14139   			12.31   		   		
14144   			11.69   		   		
14150   			12.71   		   		
14156   			12.31   		   		
14162   			12.01   		   		
14167   			12.52   		   		
14173   			12.06   		   		
14179   			10.23   		   		
14184   			12.52   		   		
14190   			12.41   		   		
14196   			12.46   		   		
14202   			12.69   		   		
14207   			12.29   		   		
14213   			12.52   		   		
14219   			11.69   		   		
14225   			11.74   		   		
14230   			12.26   		   		
14236   			11.80   		   		
14242   			13.34   		   		
14247   			12.86   		   		
14253   			13.04   		   		
14259   			12.35   		   		
14265   			11.95   		   		
14270   			11.38   		   		
14276   			12.66   		   		
14282   			12.09   		   		
14288   			12.71   		   		
14293   			12.43   		   		
14299   			12.14   		   		
14305   			12.41   		   		
14310   			12.01   		   		
14316   			12.52   		   		
14322   			12.46   		   		
14328   			13.32   		   		
14333   			11.91   		   		
14339   			12.31   		   		
14345   			12.20   		   		
14351   			11.86   		   		
14356   			12.20   		   		
14362   			11.80   		   		
14368   			12.77   		   		
14373   			12.49   		   		
14379   			12.20   		   		
14385   			12.77   		   		
14391   			12.26   		   		
14396   			11.69   		   		
14402   			11.86   		   		
14408   			11.29   		   		
14414   			11.34   		   		
14419   			12.11   		   		
14425   			12.34   		   		
14431   			12.39   		   		
14436   			12.11   		   		
14442   			13.08   		   		
14448   			12.37   		   		
14454   			13.00   		   		
14459   			12.66   		   		
14465   			12.83   		   		
14471   			12.54   		   		
14477   			12.10   		   		
14482   			12.44   		   		
14488   			12.16   		   		
14494   			12.39   		   		
14499   			12.22   		   		
14505   			12.60   		   		
14511   			11.69   		   		
14517   			12.09   		   		
14522   			12.26   		   		
14528   			12.03   		   		
14534   			12.46   		   		
14540   			13.44   		   		
14545   			11.95   		   		
14551   			12.41   		   		
14557   			12.29   		   		
14562   			13.30   		   		
14568   			14.10   		   		
14574   			12.90   		   		
14580   			12.67   		   		
14585   			13.13   		   		
14591   			13.04   		   		
14597   			12.46   		   		
14603   			12.75   		   		
14608   			12.12   		   		
14614   			12.75   		   		
14620   			12.06   		   		
14625   			11.72   		   		
14631   			11.84   		   		
14637   			12.75   		   		
14643   			12.75   		   		
14648   			12.26   		   		
14654   			12.43   		   		
14660   			12.60   		   		
14666   			12.14   		   		
14671   			12.83   		   		
14677   			13.15   		   		
14683   			12.46   		   		
14688   			11.78   		   		
14694   			12.81   		   		
14700   			12.24   		   		
14706   			13.40   		   		
14711   			12.43   		   		
14717   			13.00   		   		
14723   			10.66   		   		
14728   			12.89   		   		
14734   			12.14   		   		
14740   			12.66   		   		
14746   			13.29   		   		
14751   			11.86   		   		
14757   			12.89   		   		
14763   			12.81   		   		
14769   			12.86   		   		
14774   			12.92   		   		
14780   			12.64   		   		
14786   			12.29   		   		
14791   			12.89   		   		
14797   			12.54   		   		
14803   			12.71   		   		
14809   			12.77   		   		
14814   			13.00   		   		
14820   			13.68   		   		
14826   			13.29   		   		
14832   			13.00   		   		
14837   			12.83   		   		
14843   			11.97   		   		
14849   			12.79   		   		
14854   			13.19   		   		
14860   			12.67   		   		
14866   			12.79   		   		
14872   			12.44   		   		
14877   			12.51   		   		
14883   			12.56   		   		
14889   			12.39   		   		
14895   			12.22   		   		
14900   			12.51   		   		
14906   			12.35   		   		
14912   			11.61   		   		
14917   			12.12   		   		
14923   			11.89   		   		
14929   			11.72   		   		
14935   			11.89   		   		
14940   			12.35   		   		
14946   			11.55   		   		
14952   			11.84   		   		
14958   			12.69   		   		
14963   			11.41   		   		
14969   			11.07   		   		
14975   			11.47   		   		
14980   			11.82   		   		
14986   			11.76   		   		
14992   			11.80   		   		
14998   			11.06   		   		
15003   			11.40   		   		
15009   			11.57   		   		
15015   			11.57   		   		
15021   			11.74   		   		
15026   			11.69   		   		
15032   			11.91   		   		
15038   			12.83   		   		
15043   			11.80   		   		
15049   			12.81   		   		
15055   			12.06   		   		
15061   			12.35   		   		
15066   			12.29   		   		
15072   			11.61   		   		
15078   			10.88   		   		
15083   			12.43   		   		
15089   			13.00   		   		
15095   			12.60   		   		
15101   			12.43   		   		
15106   			13.00   		   		
15112   			12.71   		   		
15118   			12.09   		   		
15124   			12.09   		   		
15129   			12.89   		   		
15135   			13.47   		   		
15141   			12.50   		   		
15146   			13.36   		   		
15152   			12.44   		   		
15158   			12.90   		   		
15164   			12.01   		   		
15169   			12.12   		   		
15175   			11.72   		   		
15181   			11.04   		   		
15187   			10.92   		   		
15192   			11.46   		   		
15198   			11.51   		   		
15204   			11.23   		   		
15209   			11.29   		   		
15215   			11.51   		   		
15221   			11.91   		   		
15227   			12.26   		   		
15232   			12.49   		   		
15238   			12.49   		   		
15244   			12.43   		   		
15250   			11.78   		   		
15255   			12.75   		   		
15261   			11.89   		   		
15267   			11.72   		   		
15272   			12.69   		   		
15278   			12.16   		   		
15284   			12.22   		   		
15290   			11.88   		   		
15295   			11.19   		   		
15301   			12.68   		   		
15307   			11.56   		   		
15313   			12.30   		   		
15318   			12.18   		   		
15324   			11.96   		   		
15330   			12.87   		   		
15335   			12.14   		   		
15341   			11.57   		   		
15347   			12.31   		   		
15353   			11.86   		   		
15358   			11.74   		   		
15364   			11.74   		   		
15370   			9.97   		   		
15375   			11.74   		   		
15381   			11.40   		   		
15387   			11.74   		   		
15393   			13.09   		   		
15398   			12.69   		   		
15404   			12.06   		   		
15410   			11.44   		   		
15416   			11.61   		   		
15421   			12.01   		   		
15427   			11.89   		   		
15433   			10.12   		   		
15438   			12.12   		   		
15444   			12.18   		   		
15450   			11.46   		   		
15456   			11.69   		   		
15461   			12.20   		   		
15467   			11.40   		   		
15473   			12.37   		   		
15479   			11.89   		   		
15484   			12.35   		   		
15490   			12.29   		   		
15496   			10.86   		   		
15501   			12.01   		   		
15507   			11.84   		   		
15513   			12.86   		   		
15519   			11.89   		   		
15524   			12.52   		   		
15530   			12.35   		   		
15536   			12.62   		   		
15542   			13.25   		   		
15547   			12.56   		   		
15553   			12.79   		   		
15559   			12.85   		   		
15564   			12.06   		   		
15570   			12.58   		   		
15576   			12.98   		   		
15582   			12.92   		   		
15587   			12.92   		   		
15593   			12.37   		   		
15599   			12.83   		   		
15605   			11.23   		   		
15610   			11.86   		   		
15616   			12.31   		   		
15622   			12.03   		   		
15627   			11.51   		   		
15633   			12.71   		   		
15639   			11.97   		   		
15645   			13.40   		   		
15650   			12.83   		   		
15656   			12.83   		   		
15662   			12.26   		   		
15668   			12.54   		   		
15673   			11.97   		   		
15679   			11.76   		   		
15685   			12.91   		   		
15690   			11.71   		   		
15696   			12.91   		   		
15702   			12.56   		   		
15708   			12.75   		   		
15713   			12.06   		   		
15719   			12.41   		   		
15725   			12.52   		   		
15731   			12.69   		   		
15736   			12.75   		   		
15742   			12.69   		   		
15748   			13.26   		   		
15753   			12.18   		   		
15759   			11.89   		   		
15765   			12.74   		   		
15771   			12.62   		   		
15776   			12.96   		   		
15782   			13.42   		   		
15788   			12.85   		   		
15794   			12.89   		   		
15799   			12.77   		   		
15805   			12.66   		   		
15811   			12.77   		   		
15816   			12.37   		   		
15822   			12.56   		   		
15828   			12.96   		   		
15834   			12.85   		   		
15839   			11.94   		   		
15845   			13.53   		   		
15851   			13.00   		   		
15856   			12.20   		   		
15862   			12.66   		   		
15868   			12.31   		   		
15874   			12.14   		   		
15879   			12.34   		   		
15885   			12.34   		   		
15891   			12.62   		   		
15897   			12.74   		   		
15902   			12.16   		   		
15908   			12.20   		   		
15914   			11.40   		   		
15919   			11.91   		   		
15925   			13.17   		   		
15931   			12.49   		   		
15937   			12.52   		   		
15942   			11.84   		   		
15948   			12.58   		   		
15954   			11.95   		   		
15960   			11.72   		   		
15965   			12.98   		   		
15971   			11.72   		   		
15977   			11.72   		   		
15982   			12.24   		   		
15988   			12.52   		   		
15994   			12.37   		   		
16000   			12.37   		   		
16005   			12.60   		   		
16011   			12.49   		   		
16017   			12.54   		   		
16023   			12.26   		   		
16028   			11.80   		   		
16034   			11.40   		   		
16040   			12.09   		   		
16045   			12.43   		   		
16051   			12.18   		   		
16057   			11.44   		   		
16063   			11.55   		   		
16068   			11.26   		   		
16074   			11.38   		   		
16080   			11.63   		   		
16086   			12.09   		   		
16091   			11.40   		   		
16097   			11.23   		   		
16103   			11.17   		   		
16108   			11.44   		   		
16114   			10.81   		   		
16120   			10.86   		   		
16126   			12.24   		   		
16131   			11.44   		   		
16137   			11.89   		   		
16143   			11.61   		   		
16149   			11.21   		   		
16154   			11.04   		   		
16160   			11.32   		   		
16166   			11.71   		   		
16171   			11.19   		   		
16177   			11.42   		   		
16183   			11.25   		   		
16189   			12.56   		   		
16194   			11.80   		   		
16200   			11.74   		   		
16206   			11.29   		   		
16212   			11.91   		   		
16217   			11.69   		   		
16223   			11.94   		   		
16229   			11.94   		   		
16234   			11.48   		   		
16240   			12.16   		   		
16246   			11.42   		   		
16252   			11.11   		   		
16257   			10.83   		   		
16263   			12.09   		   		
16269   			11.06   		   		
16275   			10.94   		   		
16280   			11.25   		   		
16286   			10.91   		   		
16292   			10.68   		   		
16297   			11.13   		   		
16303   			10.96   		   		
16309   			11.15   		   		
16315   			11.89   		   		
16320   			10.92   		   		
16326   			10.69   		   		
16332   			11.26   		   		
16338   			10.92   		   		
16343   			11.26   		   		
16349   			11.44   		   		
16355   			12.64   		   		
16360   			11.21   		   		
16366   			12.26   		   		
16372   			12.09   		   		
16378   			11.80   		   		
16383   			12.14   		   		
16389   			12.37   		   		
16395   			11.97   		   		
16401   			11.34   		   		
16406   			12.03   		   		
16412   			11.63   		   		
16418   			11.34   		   		
16423   			11.11   		   		
16429   			12.66   		   		
16435   			11.86   		   		
16441   			11.23   		   		
16446   			12.26   		   		
16452   			11.80   		   		
16458   			11.34   		   		
16463   			11.46   		   		
16469   			11.63   		   		
16475   			12.09   		   		
16481   			11.44   		   		
16486   			11.61   		   		
16492   			10.87   		   		
16498   			11.78   		   		
16504   			11.38   		   		
16509   			12.14   		   		
16515   			11.80   		   		
16521   			9.62   		   		
16526   			11.06   		   		
16532   			11.51   		   		
16538   			11.40   		   		
16544   			11.74   		   		
16549   			11.46   		   		
16555   			11.46   		   		
16561   			12.09   		   		
16567   			11.44   		   		
16572   			11.32   		   		
16578   			12.18   		   		
16584   			10.41   		   		
16589   			11.61   		   		
16595   			11.48   		   		
16601   			12.11   		   		
16607   			11.13   		   		
16612   			11.42   		   		
16618   			10.50   		   		
16624   			11.69   		   		
16630   			12.03   		   		
16635   			11.23   		   		
16641   			11.46   		   		
16647   			9.45   		   		
16652   			10.45   		   		
16658   			11.65   		   		
16664   			11.88   		   		
16670   			11.53   		   		
16675   			11.65   		   		
16681   			11.61   		   		
16687   			11.72   		   		
16693   			12.29   		   		
16698   			11.15   		   		
16704   			11.66   		   		
16710   			10.60   		   		
16715   			12.71   		   		
16721   			11.29   		   		
16727   			11.91   		   		
16733   			11.46   		   		
16738   			10.54   		   		
16744   			10.60   		   		
16750   			11.63   		   		
16756   			11.29   		   		
16761   			11.80   		   		
16767   			11.53   		   		
16773   			11.13   		   		
16778   			11.19   		   		
16784   			11.47   		   		
16790   			11.19   		   		
16796   			11.49   		   		
16801   			11.49   		   		
16807   			11.04   		   		
16813   			11.15   		   		
16819   			11.26   		   		
16824   			11.51   		   		
16830   			12.09   		   		
16836   			11.00   		   		
16841   			10.37   		   		
16847   			10.48   		   		
16853   			11.46   		   		
16859   			11.06   		   		
16864   			11.11   		   		
16870   			11.11   		   		
16876   			10.88   		   		
16882   			10.31   		   		
16887   			11.11   		   		
16893   			11.17   		   		
16899   			10.43   		   		
16904   			11.29   		   		
16910   			11.11   		   		
16916   			11.46   		   		
16922   			11.00   		   		
16927   			10.54   		   		
16933   			11.00   		   		
16939   			11.23   		   		
16945   			11.63   		   		
16950   			10.77   		   		
16956   			11.11   		   		
16962   			11.23   		   		
16967   			11.29   		   		
16973   			11.29   		   		
16979   			11.11   		   		
16985   			10.31   		   		
16990   			11.51   		   		
16996   			10.39   		   		
17002   			11.42   		   		
17008   			10.62   		   		
17013   			10.91   		   		
17019   			10.91   		   		
17025   			11.17   		   		
17030   			10.83   		   		
17036   			11.23   		   		
17042   			10.83   		   		
17048   			10.88   		   		
17053   			11.09   		   		
17059   			11.55   		   		
17065   			12.01   		   		
17071   			12.01   		   		
17076   			11.09   		   		
17082   			12.09   		   		
17088   			12.31   		   		
17093   			11.17   		   		
17099   			11.40   		   		
17105   			11.11   		   		
17111   			12.03   		   		
17116   			11.17   		   		
17122   			11.57   		   		
17128   			9.22   		   		
17133   			11.51   		   		
17139   			11.76   		   		
17145   			11.02   		   		
17151   			11.82   		   		
17156   			10.91   		   		
17162   			10.73   		   		
17168   			11.57   		   		
17174   			11.91   		   		
17179   			11.34   		   		
17185   			11.34   		   		
17191   			9.80   		   		
17196   			11.53   		   		
17202   			11.36   		   		
17208   			12.10   		   		
17214   			10.84   		   		
17219   			11.01   		   		
17225   			10.88   		   		
17231   			11.34   		   		
17237   			11.34   		   		
17242   			10.88   		   		
17248   			11.23   		   		
17254   			9.83   		   		
17259   			11.95   		   		
17265   			12.06   		   		
17271   			11.66   		   		
17277   			10.98   		   		
17282   			12.34   		   		
17288   			11.82   		   		
17294   			12.05   		   		
17300   			11.76   		   		
17305   			11.88   		   		
17311   			11.78   		   		
17317   			11.96   		   		
17322   			12.24   		   		
17328   			11.16   		   		
17334   			11.38   		   		
17340   			11.89   		   		
17345   			12.01   		   		
17351   			11.72   		   		
17357   			12.64   		   		
17363   			11.84   		   		
17368   			11.72   		   		
17374   			11.38   		   		
17380   			11.66   		   		
17385   			11.78   		   		
17391   			12.69   		   		
17397   			11.15   		   		
17403   			10.75   		   		
17408   			12.06   		   		
17414   			12.12   		   		
17420   			11.72   		   		
17426   			11.69   		   		
17431   			11.23   		   		
17437   			12.54   		   		
17443   			11.74   		   		
17448   			11.86   		   		
17454   			11.72   		   		
17460   			11.66   		   		
17466   			10.46   		   		
17471   			10.92   		   		
17477   			10.69   		   		
17483   			10.50   		   		
17489   			10.44   		   		
17494   			11.76   		   		
17500   			11.93   		   		
17506   			12.22   		   		
17511   			11.63   		   		
17517   			12.37   		   		
17523   			11.00   		   		
17529   			11.97   		   		
17534   			11.57   		   		
17540   			11.57   		   		
17546   			11.34   		   		
17552   			11.06   		   		
17557   			12.09   		   		
17563   			12.43   		   		
17569   			10.88   		   		
17574   			11.29   		   		
17580   			10.77   		   		
17586   			12.14   		   		
17592   			11.69   		   		
17597   			12.89   		   		
17603   			12.14   		   		
17609   			12.54   		   		
17615   			12.31   		   		
17620   			11.86   		   		
17626   			12.41   		   		
17632   			11.72   		   		
17637   			12.01   		   		
17643   			11.21   		   		
17649   			10.92   		   		
17655   			11.69   		   		
17660   			11.29   		   		
17666   			11.00   		   		
17672   			11.40   		   		
17678   			12.31   		   		
17683   			12.45   		   		
17689   			12.68   		   		
17695   			12.05   		   		
17700   			12.22   		   		
17706   			12.11   		   		
17712   			11.76   		   		
17718   			11.76   		   		
17723   			12.34   		   		
17729   			12.34   		   		
17735   			11.59   		   		
17740   			11.55   		   		
17746   			11.26   		   		
17752   			10.86   		   		
17758   			10.98   		   		
17763   			10.52   		   		
17769   			10.66   		   		
17775   			10.94   		   		
17781   			10.77   		   		
17786   			11.40   		   		
17792   			10.60   		   		
17798   			9.28   		   		
17803   			9.85   		   		
17809   			9.97   		   		
17815   			9.91   		   		
17821   			10.37   		   		
17826   			10.05   		   		
17832   			10.45   		   		
17838   			10.68   		   		
17844   			9.47   		   		
17849   			10.22   		   		
17855   			9.98   		   		
17861   			9.70   		   		
17866   			10.10   		   		
17872   			8.95   		   		
17878   			8.61   		   		
17884   			9.30   		   		
17889   			8.96   		   		
17895   			9.19   		   		
17901   			8.27   		   		
17907   			8.67   		   		
17912   			9.28   		   		
17918   			8.13   		   		
17924   			8.65   		   		
17929   			9.05   		   		
17935   			9.05   		   		
17941   			8.11   		   		
17947   			8.17   		   		
17952   			8.00   		   		
17958   			8.11   		   		
17964   			7.37   		   		
17970   			8.04   		   		
17975   			8.56   		   		
17981   			7.92   		   		
17987   			8.33   		   		
17992   			7.46   		   		
17998   			7.88   		   		
18004   			7.54   		   		
18010   			7.25   		   		
18015   			7.37   		   		
18021   			7.19   		   		
18027   			6.93   		   		
18033   			7.16   		   		
18038   			7.33   		   		
18044   			7.10   		   		
18050   			7.16   		   		
18055   			6.81   		   		
18061   			7.21   		   		
18067   			7.39   		   		
18073   			7.56   		   		
18078   			6.12   		   		
18084   			6.12   		   		
18090   			7.27   		   		
18096   			6.64   		   		
18101   			7.16   		   		
18107   			7.44   		   		
18113   			6.33   		   		
18118   			6.73   		   		
18124   			6.56   		   		
18130   			5.81   		   		
18136   			5.98   		   		
18141   			6.47   		   		
18147   			6.41   		   		
18153   			6.24   		   		
18159   			5.72   		   		
18164   			6.01   		   		
18170   			6.12   		   		
18176   			6.47   		   		
18181   			6.52   		   		
18187   			6.81   		   		
18193   			5.32   		   		
18199   			6.87   		   		
18204   			6.01   		   		
18210   			6.12   		   		
18216   			5.14   		   		
18222   			5.89   		   		
18227   			5.81   		   		
18233   			4.54   		   		
18239   			5.81   		   		
18244   			4.54   		   		
18250   			4.26   		   		
18256   			3.91   		   		
18262   			4.89   		   		
18267   			4.14   		   		
18273   			4.66   		   		
18279   			4.60   		   		
18285   			4.31   		   		
18290   			4.66   		   		
18296   			3.33   		   		
18302   			3.80   		   		
18307   			4.60   		   		
18313   			4.51   		   		
18319   			3.70   		   		
18325   			3.35   		   		
18330   			2.95   		   		
18336   			4.45   		   		
18342   			3.82   		   		
18347   			3.24   		   		
18353   			3.64   		   		
18359   			3.41   		   		
18365   			3.35   		   		
18370   			3.99   		   		
18376   			3.76   		   		
18382   			4.10   		   		
18388   			2.95   		   		
18393   			3.01   		   		
18399   			3.30   		   		
18405   			1.62   		   		
18410   			3.87   		   		
18416   			3.53   		   		
18422   			4.57   		   		
18428   			3.28   		   		
18433   			4.43   		   		
18439   			4.08   		   		
18445   			3.16   		   		
18451   			4.03   		   		
18456   			4.41   		   		
18462   			3.84   		   		
18468   			1.18   		   		
18473   			2.57   		   		
18479   			2.86   		   		
18485   			2.55   		   		
18491   			2.43   		   		
18496   			1.97   		   		
18502   			1.68   		   		
18508   			1.68   		   		
18514   			1.66   		   		
18519   			2.58   		   		
18525   			1.77   		   		
18531   			1.77   		   		
18536   			2.99   		   		
18542   			2.99   		   		
18548   			3.56   		   		
18554   			3.10   		   		
18559   			3.10   		   		
18565   			2.47   		   		
18571   			2.93   		   		
18577   			2.53   		   		
18582   			2.24   		   		
18588   			2.93   		   		
18594   			1.78   		   		
18599   			1.76   		   		
18605   			2.39   		   		
18611   			1.87   		   		
18617   			1.58   		   		
18622   			1.53   		   		
18628   			1.31   		   		
18634   			1.95   		   		
18640   			1.48   		   		
18645   			1.14   		   		
18651   			1.60   		   		
18657   			0.75   		   		
18662   			0.75   		   		
18668   			1.22   		   		
18674   			1.51   		   		
18680   			1.04   		   		
18685   			0.99   		   		
18691   			1.22   		   		
18697   			1.51   		   		
18703   			0.81   		   		
18708   			1.27   		   		
18714   			1.51   		   		
18720   			2.32   		   		
18725   			1.10   		   		
18731   			1.27   		   		
18737   			1.62   		   		
18743   			1.54   		   		
18748   			1.60   		   		
18754   			1.02   		   		
18760   			0.91   		   		
18766   			1.25   		   		
18771   			1.37   		   		
18777   			1.25   		   		
18783   			0.39   		   		
18788   			1.37   		   		
18794   			0.73   		   		
18800   			0.99   		   		
18806   			1.45   		   		
18811   			1.27   		   		
18817   			1.10   		   		
18823   			1.22   		   		
18829   			1.83   		   		
18834   			0.85   		   		
18840   			0.50   		   		
18846   			1.02   		   		
18851   			1.43   		   		
18857   			1.33   		   		
18863   			0.93   		   		
18869   			0.64   		   		
18874   			1.27   		   		
18880   			0.46   		   		
18886   			-1.51   		   		
18891   			1.22   		   		
18897   			0.81   		   		
18903   			0.46   		   		
18909   			0.87   		   		
18914   			1.37   		   		
18920   			1.20   		   		
18926   			1.25   		   		
18932   			0.62   		   		
18937   			1.14   		   		
18943   			1.33   		   		
18949   			-0.75   		   		
18954   			1.27   		   		
18960   			-0.06   		   		
18966   			0.17   		   		
18972   			0.81   		   		
18977   			-0.29   		   		
18983   			0.46   		   		
18989   			0.93   		   		
18995   			0.70   		   		
19000   			1.35   		   		
19006   			1.70   		   		
19012   			-0.97   		   		
19017   			0.77   		   		
19023   			-0.39   		   		
19029   			-0.27   		   		
19035   			0.83   		   		
19040   			0.95   		   		
19046   			1.01   		   		
19052   			0.89   		   		
19058   			0.99   		   		
19063   			1.22   		   		
19069   			0.81   		   		
19075   			1.85   		   		
19080   			1.39   		   		
19086   			0.72   		   		
19092   			0.72   		   		
19098   			0.83   		   		
19103   			1.12   		   		
19109   			0.77   		   		
19115   			0.64   		   		
19121   			0.75   		   		
19126   			0.35   		   		
19132   			-0.35   		   		
19138   			0.52   		   		
19143   			0.87   		   		
19149   			0.87   		   		
19155   			0.46   		   		
19161   			0.29   		   		
19166   			-0.06   		   		
19172   			0.85   		   		
19178   			0.56   		   		
19184   			0.27   		   		
19189   			0.85   		   		
19195   			1.14   		   		
19201   			0.93   		   		
19206   			1.10   		   		
19212   			2.14   		   		
19218   			0.75   		   		
19224   			0.93   		   		
19229   			1.16   		   		
19235   			0.35   		   		
19241   			0.29   		   		
19247   			0.17   		   		
19252   			0.64   		   		
19258   			0.75   		   		
19264   			1.33   		   		
19269   			1.04   		   		
19275   			0.75   		   		
19281   			0.41   		   		
19287   			0.85   		   		
19292   			0.79   		   		
19298   			0.44   		   		
19304   			1.08   		   		
19310   			0.50   		   		
19315   			0.41   		   		
19321   			-0.35   		   		
19327   			-0.23   		   		
19332   			-0.12   		   		
19338   			0.00   		   		
19344   			0.85   		   		
19350   			0.04   		   		
19355   			0.44   		   		
19361   			-0.02   		   		
19367   			0.44   		   		
19373   			0.91   		   		
19378   			0.85   		   		
19384   			0.96   		   		
19390   			1.37   		   		
19395   			1.37   		   		
19401   			0.81   		   		
19407   			0.93   		   		
19413   			1.33   		   		
19418   			1.22   		   		
19424   			0.87   		   		
19430   			0.27   		   		
19436   			0.15   		   		
19441   			-0.54   		   		
19447   			0.27   		   		
19453   			-0.14   		   		
19458   			0.42   		   		
19464   			0.89   		   		
19470   			1.87   		   		
19476   			1.06   		   		
19481   			0.54   		   		
19487   			0.72   		   		
19493   			0.89   		   		
19499   			1.30   		   		
19504   			0.31   		   		
19510   			0.77   		   		
19516   			0.67   		   		
19521   			-0.08   		   		
19527   			0.33   		   		
19533   			1.20   		   		
19539   			0.27   		   		
19544   			0.85   		   		
19550   			-0.19   		   		
19556   			1.14   		   		
19562   			0.39   		   		
19567   			0.39   		   		
19573   			0.73   		   		
19579   			1.37   		   		
19584   			0.44   		   		
19590   			0.33   		   		
19596   			0.85   		   		
19602   			1.89   		   		
19607   			1.48   		   		
19613   			-0.02   		   		
19619   			-0.25   		   		
19625   			1.02   		   		
19630   			0.96   		   		
19636   			0.67   		   		
19642   			0.50   		   		
19647   			1.08   		   		
19653   			1.31   		   		
19659   			1.89   		   		
19665   			1.89   		   		
19670   			1.31   		   		
19676   			1.20   		   		
19682   			0.85   		   		
19688   			1.12   		   		
19693   			0.66   		   		
19699   			1.06   		   		
19705   			0.95   		   		
19710   			1.53   		   		
19716   			0.50   		   		
19722   			-0.66   		   		
19728   			0.39   		   		
19733   			-0.02   		   		
19739   			-0.31   		   		
19745   			0.29   		   		
19751   			0.46   		   		
19756   			-1.16   		   		
19762   			0.29   		   		
19768   			0.64   		   		
19773   			0.67   		   		
19779   			0.91   		   		
19785   			0.44   		   		
19791   			0.15   		   		
19796   			0.62   		   		
19802   			0.35   		   		
19808   			0.35   		   		
19814   			0.35   		   		
19819   			-0.29   		   		
19825   			-0.06   		   		
19831   			0.21   		   		
19836   			-0.54   		   		
19842   			-0.37   		   		
19848   			-0.89   		   		
19854   			-0.66   		   		
19859   			-0.77   		   		
19865   			0.79   		   		
19871   			-0.19   		   		
19877   			0.50   		   		
19882   			-0.37   		   		
19888   			-0.96   		   		
19894   			-1.08   		   		
19899   			-0.67   		   		
19905   			-0.56   		   		
19911   			-0.67   		   		
19917   			-0.83   		   		
19922   			-1.12   		   		
19928   			-0.54   		   		
19934   			-0.43   		   		
19939   			0.44   		   		
19945   			0.71   		   		
19951   			0.31   		   		
19957   			-0.50   		   		
19962   			-0.45   		   		
19968   			0.02   		   		
19974   			0.60   		   		
19980   			-0.38   		   		
19985   			0.31   		   		
19991   			0.54   		   		
19997   			-1.02   		   		
20002   			1.22   		   		
20008   			0.99   		   		
20014   			1.27   		   		
20020   			0.99   		   		
20025   			1.22   		   		
20031   			0.72   		   		
20037   			0.60   		   		
20043   			0.72   		   		
20048   			0.66   		   		
20054   			0.83   		   		
20060   			-1.59   		   		
20065   			1.08   		   		
20071   			-0.19   		   		
20077   			0.79   		   		
20083   			1.14   		   		
20088   			1.74   		   		
20094   			1.04   		   		
20100   			0.75   		   		
20106   			0.29   		   		
20111   			0.75   		   		
20117   			2.32   		   		
20123   			-0.06   		   		
20128   			0.75   		   		
20134   			1.16   		   		
20140   			1.22   		   		
20146   			0.79   		   		
20151   			0.91   		   		
20157   			0.85   		   		
20163   			1.89   		   		
20169   			1.54   		   		
20174   			1.20   		   		
20180   			1.08   		   		
20186   			-0.02   		   		
20191   			1.20   		   		
20197   			1.02   		   		
20203   			1.58   		   		
20209   			2.05   		   		
20214   			3.55   		   		
20220   			2.68   		   		
20226   			2.10   		   		
20232   			2.32   		   		
20237   			2.32   		   		
20243   			2.66   		   		
20249   			0.70   		   		
20254   			2.08   		   		
20260   			1.60   		   		
20266   			1.43   		   		
20272   			2.53   		   		
20277   			2.29   		   		
20283   			1.54   		   		
20289   			2.29   		   		
20295   			2.29   		   		
20300   			2.47   		   		
20306   			2.53   		   		
20312   			1.20   		   		
20317   			1.77   		   		
20323   			2.24   		   		
20329   			1.72   		   		
20335   			1.43   		   		
20340   			1.66   		   		
20346   			1.31   		   		
20352   			1.37   		   		
20358   			0.96   		   		
20363   			1.48   		   		
20369   			2.29   		   		
20375   			0.46   		   		
20380   			2.32   		   		
20386   			1.68   		   		
20392   			2.03   		   		
20398   			2.14   		   		
20403   			1.85   		   		
20409   			2.20   		   		
20415   			2.49   		   		
20421   			1.91   		   		
20426   			2.03   		   		
20432   			2.03   		   		
20438   			1.27   		   		
20443   			1.91   		   		
20449   			1.10   		   		
20455   			1.68   		   		
20461   			2.43   		   		
20466   			1.56   		   		
20472   			0.29   		   		
20478   			2.08   		   		
20484   			0.29   		   		
20489   			0.23   		   		
20495   			0.99   		   		
20501   			0.06   		   		
20506   			0.99   		   		
20512   			2.14   		   		
20518   			2.08   		   		
20524   			0.99   		   		
20529   			0.99   		   		
20535   			1.33   		   		
20541   			0.93   		   		
20547   			1.08   		   		
20552   			1.48   		   		
20558   			1.66   		   		
20564   			1.48   		   		
20569   			2.24   		   		
20575   			0.83   		   		
20581   			1.64   		   		
20587   			1.70   		   		
20592   			0.89   		   		
20598   			0.49   		   		
20604   			0.87   		   		
20610   			0.70   		   		
20615   			0.70   		   		
20621   			0.81   		   		
20627   			1.45   		   		
20632   			1.51   		   		
20638   			1.16   		   		
20644   			1.45   		   		
20650   			1.22   		   		
20655   			1.22   		   		
20661   			0.50   		   		
20667   			1.20   		   		
20673   			0.85   		   		
20678   			1.02   		   		
20684   			2.06   		   		
20690   			2.47   		   		
20695   			2.12   		   		
20701   			1.14   		   		
20707   			0.50   		   		
20713   			0.91   		   		
20718   			1.66   		   		
20724   			1.66   		   		
20730   			0.62   		   		
20736   			0.56   		   		
20741   			0.50   		   		
20747   			0.96   		   		
20753   			1.60   		   		
20758   			0.62   		   		
20764   			0.67   		   		
20770   			1.54   		   		
20776   			1.29   		   		
20781   			1.35   		   		
20787   			1.87   		   		
20793   			1.00   		   		
20799   			1.75   		   		
20804   			1.72   		   		
20810   			2.35   		   		
20816   			2.12   		   		
20821   			1.37   		   		
20827   			1.66   		   		
20833   			1.27   		   		
20839   			2.49   		   		
20844   			2.03   		   		
20850   			1.56   		   		
20856   			2.08   		   		
20862   			2.32   		   		
20867   			1.85   		   		
20873   			2.14   		   		
20879   			2.03   		   		
20884   			2.26   		   		
20890   			1.74   		   		
20896   			1.16   		   		
20902   			0.99   		   		
20907   			1.68   		   		
20913   			1.22   		   		
20919   			1.95   		   		
20925   			1.31   		   		
20930   			0.39   		   		
20936   			0.56   		   		
20942   			0.85   		   		
20947   			0.96   		   		
20953   			1.37   		   		
20959   			1.20   		   		
20965   			1.37   		   		
20970   			1.60   		   		
20976   			1.35   		   		
20982   			-0.04   		   		
20987   			1.06   		   		
20993   			1.01   		   		
20999   			1.06   		   		
21005   			1.14   		   		
21010   			0.91   		   		
21016   			1.72   		   		
21022   			-0.72   		   		
21028   			0.79   		   		
21033   			0.99   		   		
21039   			1.22   		   		
21045   			-0.69   		   		
21050   			1.04   		   		
21056   			0.70   		   		
21062   			0.45   		   		
21068   			0.74   		   		
21073   			1.03   		   		
21079   			0.10   		   		
21085   			0.04   		   		
21091   			1.08   		   		
21096   			0.62   		   		
21102   			0.79   		   		
21108   			-1.18   		   		
21113   			1.14   		   		
21119   			0.58   		   		
21125   			0.46   		   		
21131   			0.35   		   		
21136   			0.12   		   		
21142   			0.75   		   		
21148   			1.18   		   		
21154   			1.12   		   		
21159   			1.01   		   		
21165   			0.02   		   		
21171   			-0.04   		   		
21176   			1.14   		   		
21182   			2.35   		   		
21188   			1.20   		   		
21194   			0.67   		   		
21199   			1.20   		   		
21205   			1.22   		   		
21211   			0.58   		   		
21217   			0.23   		   		
21222   			0.12   		   		
21228   			1.22   		   		
21234   			-0.25   		   		
21239   			1.20   		   		
21245   			1.20   		   		
21251   			0.67   		   		
21257   			0.44   		   		
21262   			1.14   		   		
21268   			1.95   		   		
21274   			1.60   		   		
21280   			0.96   		   		
21285   			1.66   		   		
21291   			2.24   		   		
21297   			1.37   		   		
21302   			1.83   		   		
21308   			0.04   		   		
21314   			0.67   		   		
21320   			0.77   		   		
21325   			0.72   		   		
21331   			1.30   		   		
21337   			0.43   		   		
21343   			1.01   		   		
21348   			0.67   		   		
21354   			1.72   		   		
21360   			0.79   		   		
21365   			1.54   		   		
21371   			1.37   		   		
21377   			1.45   		   		
21383   			1.56   		   		
21388   			0.58   		   		
21394   			1.22   		   		
21400   			1.22   		   		
21406   			1.77   		   		
21411   			1.48   		   		
21417   			0.62   		   		
21423   			1.89   		   		
21428   			1.08   		   		
21434   			0.60   		   		
21440   			0.83   		   		
21446   			0.83   		   		
21451   			1.18   		   		
21457   			0.72   		   		
21463   			1.43   		   		
21469   			1.77   		   		
21474   			0.62   		   		
21480   			0.96   		   		
21486   			1.02   		   		
21491   			0.17   		   		
21497   			0.46   		   		
21503   			0.35   		   		
21509   			2.20   		   		
21514   			1.79   		   		
21520   			0.73   		   		
21526   			1.60   		   		
21532   			1.14   		   		
21537   			1.20   		   		
21543   			2.01   		   		
21549   			1.58   		   		
21554   			2.05   		   		
21560   			1.58   		   		
21566   			1.35   		   		
21572   			1.99   		   		
21577   			1.04   		   		
21583   			1.45   		   		
21589   			1.33   		   		
21595   			1.27   		   		
21600   			1.22   		   		
21606   			1.04   		   		
21612   			0.70   		   		
21617   			0.52   		   		
21623   			0.70   		   		
21629   			0.70   		   		
21635   			0.56   		   		
21640   			0.50   		   		
21646   			0.96   		   		
21652   			1.02   		   		
21658   			0.62   		   		
21663   			0.87   		   		
21669   			0.70   		   		
21675   			1.33   		   		
21680   			1.33   		   		
21686   			1.56   		   		
21692   			1.12   		   		
21698   			0.25   		   		
21703   			1.47   		   		
21709   			1.24   		   		
21715   			1.47   		   		
21721   			1.16   		   		
21726   			0.81   		   		
21732   			0.64   		   		
21738   			0.17   		   		
21743   			1.33   		   		
21749   			0.52   		   		
21755   			0.29   		   		
21761   			1.04   		   		
21766   			1.51   		   		
21772   			1.68   		   		
21778   			-4.12   		   		
21784   			1.45   		   		
21789   			1.22   		   		
21795   			1.33   		   		
21801   			0.81   		   		
21806   			1.68   		   		
21812   			0.99   		   		
