Timestamp		Force Z		Comments
0   			-2.19   		   		
5   			-0.45   		   		
11   			-0.45   		   		
17   			-1.32   		   		
23   			-0.55   		   		
28   			-0.78   		   		
34   			-0.37   		   		
40   			0.03   		   		
46   			0.38   		   		
51   			-0.18   		   		
57   			0.11   		   		
63   			0.75   		   		
68   			-0.76   		   		
74   			-0.64   		   		
80   			-0.02   		   		
86   			-0.78   		   		
91   			-0.08   		   		
97   			-0.20   		   		
103   			-0.02   		   		
109   			-0.78   		   		
114   			-1.36   		   		
120   			-0.95   		   		
126   			-1.30   		   		
131   			0.96   		   		
137   			-0.21   		   		
143   			0.25   		   		
149   			0.36   		   		
154   			0.36   		   		
160   			1.23   		   		
166   			-0.14   		   		
172   			0.44   		   		
177   			0.21   		   		
183   			0.44   		   		
189   			0.32   		   		
194   			0.58   		   		
200   			0.58   		   		
206   			0.23   		   		
212   			-0.58   		   		
217   			-0.18   		   		
223   			0.19   		   		
229   			-0.74   		   		
235   			-0.91   		   		
240   			-0.74   		   		
246   			-0.56   		   		
252   			0.44   		   		
257   			-0.43   		   		
263   			0.73   		   		
269   			0.55   		   		
275   			-0.43   		   		
280   			0.77   		   		
286   			-0.79   		   		
292   			-0.33   		   		
298   			1.00   		   		
303   			0.13   		   		
309   			0.25   		   		
315   			-0.39   		   		
320   			-0.04   		   		
326   			-0.27   		   		
332   			0.77   		   		
338   			0.98   		   		
343   			0.29   		   		
349   			0.58   		   		
355   			0.46   		   		
361   			-0.12   		   		
366   			-0.14   		   		
372   			0.21   		   		
378   			-0.02   		   		
383   			0.09   		   		
389   			0.44   		   		
395   			-0.84   		   		
401   			0.32   		   		
406   			0.03   		   		
412   			1.19   		   		
418   			1.08   		   		
424   			1.96   		   		
429   			1.15   		   		
435   			0.92   		   		
441   			1.39   		   		
446   			1.27   		   		
452   			0.81   		   		
458   			0.69   		   		
464   			0.63   		   		
469   			0.52   		   		
475   			0.69   		   		
481   			0.38   		   		
486   			0.55   		   		
492   			1.02   		   		
498   			1.08   		   		
504   			0.96   		   		
509   			0.29   		   		
515   			0.69   		   		
521   			0.69   		   		
527   			0.58   		   		
532   			0.69   		   		
538   			0.63   		   		
544   			-0.41   		   		
549   			0.17   		   		
555   			0.05   		   		
561   			0.69   		   		
567   			0.61   		   		
572   			1.36   		   		
578   			0.09   		   		
584   			0.44   		   		
590   			1.08   		   		
595   			0.69   		   		
601   			0.75   		   		
607   			-0.87   		   		
612   			0.40   		   		
618   			0.63   		   		
624   			0.69   		   		
630   			0.34   		   		
635   			0.05   		   		
641   			-0.81   		   		
647   			-0.70   		   		
653   			-0.51   		   		
658   			0.59   		   		
664   			-0.63   		   		
670   			0.13   		   		
675   			0.19   		   		
681   			0.48   		   		
687   			0.48   		   		
693   			0.25   		   		
698   			0.71   		   		
704   			-0.62   		   		
710   			0.11   		   		
716   			0.00   		   		
721   			0.34   		   		
727   			0.81   		   		
733   			0.11   		   		
738   			0.13   		   		
744   			0.07   		   		
750   			0.36   		   		
756   			0.30   		   		
761   			-0.05   		   		
767   			0.55   		   		
773   			1.31   		   		
779   			0.21   		   		
784   			-0.02   		   		
790   			0.38   		   		
796   			-0.35   		   		
801   			-0.53   		   		
807   			-0.58   		   		
813   			-1.16   		   		
819   			-0.24   		   		
824   			-1.59   		   		
830   			-0.84   		   		
836   			0.15   		   		
842   			-0.08   		   		
847   			-0.26   		   		
853   			0.34   		   		
859   			1.04   		   		
864   			1.15   		   		
870   			-0.41   		   		
876   			0.40   		   		
882   			-0.02   		   		
887   			-0.14   		   		
893   			-0.55   		   		
899   			-0.66   		   		
905   			0.44   		   		
910   			-0.41   		   		
916   			-0.64   		   		
922   			-0.81   		   		
927   			-1.05   		   		
933   			-0.29   		   		
939   			-0.27   		   		
945   			-0.10   		   		
950   			0.08   		   		
956   			0.42   		   		
962   			0.77   		   		
968   			0.81   		   		
973   			0.52   		   		
979   			-0.29   		   		
985   			-0.12   		   		
990   			-0.18   		   		
996   			-0.70   		   		
1002   			0.29   		   		
1008   			0.23   		   		
1013   			-0.06   		   		
1019   			-0.53   		   		
1025   			-0.55   		   		
1031   			-0.31   		   		
1036   			-0.08   		   		
1042   			-0.08   		   		
1048   			0.44   		   		
1053   			-0.27   		   		
1059   			-0.16   		   		
1065   			0.54   		   		
1071   			0.65   		   		
1076   			-0.45   		   		
1082   			-0.02   		   		
1088   			-0.55   		   		
1094   			-0.20   		   		
1099   			-0.20   		   		
1105   			-0.84   		   		
1111   			-0.55   		   		
1116   			0.32   		   		
1122   			0.50   		   		
1128   			0.38   		   		
1134   			-0.26   		   		
1139   			-0.53   		   		
1145   			-0.81   		   		
1151   			-1.05   		   		
1156   			0.17   		   		
1162   			-0.29   		   		
1168   			-0.60   		   		
1174   			0.38   		   		
1179   			0.21   		   		
1185   			0.32   		   		
1191   			-0.20   		   		
1197   			-0.66   		   		
1202   			-0.66   		   		
1208   			0.15   		   		
1214   			-1.13   		   		
1219   			0.15   		   		
1225   			0.36   		   		
1231   			0.77   		   		
1237   			-0.85   		   		
1242   			-0.74   		   		
1248   			-0.50   		   		
1254   			0.11   		   		
1260   			0.11   		   		
1265   			-0.41   		   		
1271   			0.17   		   		
1277   			-1.68   		   		
1282   			-0.78   		   		
1288   			-0.72   		   		
1294   			0.09   		   		
1300   			0.09   		   		
1305   			-0.31   		   		
1311   			-0.18   		   		
1317   			-0.81   		   		
1323   			-0.24   		   		
1328   			-0.18   		   		
1334   			0.17   		   		
1340   			-1.45   		   		
1345   			0.29   		   		
1351   			0.63   		   		
1357   			-0.12   		   		
1363   			-0.06   		   		
1368   			-0.29   		   		
1374   			-0.76   		   		
1380   			-0.29   		   		
1386   			-0.12   		   		
1391   			0.40   		   		
1397   			-0.60   		   		
1403   			-2.00   		   		
1408   			-0.55   		   		
1414   			-0.66   		   		
1420   			-0.55   		   		
1426   			-0.41   		   		
1431   			-0.18   		   		
1437   			-0.53   		   		
1443   			0.00   		   		
1449   			0.11   		   		
1454   			0.67   		   		
1460   			0.96   		   		
1466   			0.79   		   		
1471   			0.79   		   		
1477   			0.90   		   		
1483   			-0.60   		   		
1489   			-0.49   		   		
1494   			0.09   		   		
1500   			1.08   		   		
1506   			0.73   		   		
1512   			1.02   		   		
1517   			1.36   		   		
1523   			1.13   		   		
1529   			1.08   		   		
1534   			0.26   		   		
1540   			1.00   		   		
1546   			0.77   		   		
1552   			1.29   		   		
1557   			1.17   		   		
1563   			0.89   		   		
1569   			1.10   		   		
1575   			1.33   		   		
1580   			1.33   		   		
1586   			0.81   		   		
1592   			1.44   		   		
1597   			1.19   		   		
1603   			0.90   		   		
1609   			1.25   		   		
1615   			1.48   		   		
1620   			1.83   		   		
1626   			2.08   		   		
1632   			0.63   		   		
1638   			1.39   		   		
1643   			1.39   		   		
1649   			0.52   		   		
1655   			0.42   		   		
1660   			1.00   		   		
1666   			0.54   		   		
1672   			0.65   		   		
1678   			-0.16   		   		
1683   			0.32   		   		
1689   			0.32   		   		
1695   			0.15   		   		
1701   			0.90   		   		
1706   			-0.26   		   		
1712   			-0.12   		   		
1718   			-0.58   		   		
1723   			-0.24   		   		
1729   			0.46   		   		
1735   			0.46   		   		
1741   			-0.37   		   		
1746   			0.50   		   		
1752   			0.21   		   		
1758   			-0.26   		   		
1764   			0.55   		   		
1769   			0.50   		   		
1775   			0.55   		   		
1781   			0.44   		   		
1786   			0.84   		   		
1792   			-0.08   		   		
1798   			-0.24   		   		
1804   			-0.12   		   		
1809   			-0.35   		   		
1815   			-0.24   		   		
1821   			-0.12   		   		
1827   			-0.78   		   		
1832   			0.09   		   		
1838   			0.15   		   		
1844   			-0.26   		   		
1849   			0.44   		   		
1855   			-0.18   		   		
1861   			0.17   		   		
1867   			1.33   		   		
1872   			0.63   		   		
1878   			1.10   		   		
1884   			1.19   		   		
1890   			1.42   		   		
1895   			0.21   		   		
1901   			0.32   		   		
1907   			0.67   		   		
1912   			0.09   		   		
1918   			0.32   		   		
1924   			0.15   		   		
1930   			1.48   		   		
1935   			1.02   		   		
1941   			1.17   		   		
1947   			-0.10   		   		
1953   			0.48   		   		
1958   			0.25   		   		
1964   			0.54   		   		
1970   			-0.10   		   		
1975   			0.36   		   		
1981   			-0.63   		   		
1987   			-0.05   		   		
1993   			0.24   		   		
1998   			-0.26   		   		
2004   			-0.08   		   		
2010   			-0.84   		   		
2016   			0.79   		   		
2021   			0.96   		   		
2027   			0.25   		   		
2033   			1.06   		   		
2038   			-0.04   		   		
2044   			0.02   		   		
2050   			0.13   		   		
2056   			-0.43   		   		
2061   			0.03   		   		
2067   			-0.43   		   		
2073   			0.26   		   		
2079   			0.15   		   		
2084   			0.79   		   		
2090   			0.09   		   		
2096   			0.44   		   		
2101   			-0.02   		   		
2107   			0.79   		   		
2113   			0.02   		   		
2119   			0.71   		   		
2124   			0.54   		   		
2130   			0.89   		   		
2136   			1.29   		   		
2142   			0.34   		   		
2147   			1.21   		   		
2153   			-0.06   		   		
2159   			0.58   		   		
2164   			0.69   		   		
2170   			0.86   		   		
2176   			0.81   		   		
2182   			0.23   		   		
2187   			0.40   		   		
2193   			0.34   		   		
2199   			0.92   		   		
2204   			1.21   		   		
2210   			0.05   		   		
2216   			0.29   		   		
2222   			1.39   		   		
2227   			1.00   		   		
2233   			0.94   		   		
2239   			0.88   		   		
2245   			0.53   		   		
2250   			0.53   		   		
2256   			0.90   		   		
2262   			-0.72   		   		
2267   			1.36   		   		
2273   			0.44   		   		
2279   			-0.37   		   		
2285   			-0.41   		   		
2290   			0.98   		   		
2296   			1.21   		   		
2302   			0.58   		   		
2308   			1.15   		   		
2313   			0.52   		   		
2319   			1.10   		   		
2325   			0.29   		   		
2330   			0.69   		   		
2336   			-0.41   		   		
2342   			0.54   		   		
2348   			0.31   		   		
2353   			1.23   		   		
2359   			1.64   		   		
2365   			1.41   		   		
2371   			1.44   		   		
2376   			1.62   		   		
2382   			1.39   		   		
2388   			0.75   		   		
2393   			1.15   		   		
2399   			1.67   		   		
2405   			1.04   		   		
2411   			1.15   		   		
2416   			0.69   		   		
2422   			0.81   		   		
2428   			1.44   		   		
2434   			1.04   		   		
2439   			1.27   		   		
2445   			0.63   		   		
2451   			0.98   		   		
2456   			0.90   		   		
2462   			0.38   		   		
2468   			0.38   		   		
2474   			0.15   		   		
2479   			1.31   		   		
2485   			0.44   		   		
2491   			0.84   		   		
2497   			-0.20   		   		
2502   			0.26   		   		
2508   			0.03   		   		
2514   			0.30   		   		
2519   			0.13   		   		
2525   			0.59   		   		
2531   			0.76   		   		
2537   			0.42   		   		
2542   			0.46   		   		
2548   			0.69   		   		
2554   			0.23   		   		
2560   			0.63   		   		
2565   			0.23   		   		
2571   			0.46   		   		
2577   			0.34   		   		
2582   			0.75   		   		
2588   			0.81   		   		
2594   			1.27   		   		
2600   			1.29   		   		
2605   			-0.28   		   		
2611   			0.07   		   		
2617   			-0.10   		   		
2623   			0.82   		   		
2628   			0.81   		   		
2634   			0.81   		   		
2640   			0.86   		   		
2645   			1.15   		   		
2651   			1.85   		   		
2657   			1.04   		   		
2663   			0.98   		   		
2668   			0.86   		   		
2674   			0.81   		   		
2680   			1.96   		   		
2686   			1.62   		   		
2691   			1.79   		   		
2697   			1.33   		   		
2703   			0.86   		   		
2708   			0.40   		   		
2714   			0.44   		   		
2720   			1.13   		   		
2726   			1.54   		   		
2731   			1.77   		   		
2737   			1.54   		   		
2743   			-0.26   		   		
2748   			1.08   		   		
2754   			1.60   		   		
2760   			0.26   		   		
2766   			0.32   		   		
2771   			0.67   		   		
2777   			0.50   		   		
2783   			1.02   		   		
2789   			-0.49   		   		
2794   			1.54   		   		
2800   			-0.02   		   		
2806   			-2.00   		   		
2811   			0.50   		   		
2817   			0.03   		   		
2823   			0.73   		   		
2829   			0.38   		   		
2834   			0.50   		   		
2840   			0.61   		   		
2846   			0.32   		   		
2852   			1.19   		   		
2857   			0.50   		   		
2863   			1.88   		   		
2869   			-1.36   		   		
2874   			0.50   		   		
2880   			1.42   		   		
2886   			0.98   		   		
2892   			1.15   		   		
2897   			1.79   		   		
2903   			1.21   		   		
2909   			1.10   		   		
2915   			0.61   		   		
2920   			0.79   		   		
2926   			-0.14   		   		
2932   			0.44   		   		
2937   			0.50   		   		
2943   			1.13   		   		
2949   			0.55   		   		
2955   			0.84   		   		
2960   			0.96   		   		
2966   			0.79   		   		
2972   			1.35   		   		
2978   			1.06   		   		
2983   			1.06   		   		
2989   			1.12   		   		
2995   			1.23   		   		
3000   			1.27   		   		
3006   			0.92   		   		
3012   			0.98   		   		
3018   			0.86   		   		
3023   			1.44   		   		
3029   			1.13   		   		
3035   			0.79   		   		
3041   			1.36   		   		
3046   			1.25   		   		
3052   			1.19   		   		
3058   			1.36   		   		
3063   			0.09   		   		
3069   			1.02   		   		
3075   			0.84   		   		
3081   			1.60   		   		
3086   			0.96   		   		
3092   			1.42   		   		
3098   			1.77   		   		
3104   			1.65   		   		
3109   			0.15   		   		
3115   			0.94   		   		
3121   			1.92   		   		
3126   			0.59   		   		
3132   			1.23   		   		
3138   			2.04   		   		
3144   			1.21   		   		
3149   			1.15   		   		
3155   			2.14   		   		
3161   			1.21   		   		
3167   			0.86   		   		
3172   			0.84   		   		
3178   			1.48   		   		
3184   			1.08   		   		
3189   			1.83   		   		
3195   			0.84   		   		
3201   			1.08   		   		
3207   			1.02   		   		
3212   			1.19   		   		
3218   			1.60   		   		
3224   			0.96   		   		
3229   			0.96   		   		
3235   			1.36   		   		
3241   			0.44   		   		
3247   			1.02   		   		
3252   			1.88   		   		
3258   			1.39   		   		
3264   			0.63   		   		
3270   			0.63   		   		
3275   			0.29   		   		
3281   			0.86   		   		
3287   			-0.35   		   		
3292   			0.63   		   		
3298   			0.81   		   		
3304   			1.21   		   		
3310   			0.86   		   		
3315   			1.15   		   		
3321   			0.81   		   		
3327   			0.29   		   		
3333   			0.17   		   		
3338   			0.17   		   		
3344   			0.83   		   		
3350   			1.23   		   		
3355   			0.31   		   		
3361   			0.48   		   		
3367   			0.60   		   		
3373   			0.21   		   		
3378   			0.55   		   		
3384   			0.73   		   		
3390   			0.90   		   		
3396   			0.15   		   		
3401   			0.94   		   		
3407   			-0.16   		   		
3413   			-1.72   		   		
3418   			0.60   		   		
3424   			0.19   		   		
3430   			0.32   		   		
3436   			0.50   		   		
3441   			1.02   		   		
3447   			1.60   		   		
3453   			1.36   		   		
3459   			0.69   		   		
3464   			0.75   		   		
3470   			0.69   		   		
3476   			1.04   		   		
3481   			0.75   		   		
3487   			1.10   		   		
3493   			0.98   		   		
3499   			0.75   		   		
3504   			0.98   		   		
3510   			0.11   		   		
3516   			1.44   		   		
3522   			0.17   		   		
3527   			0.46   		   		
3533   			0.69   		   		
3539   			0.58   		   		
3544   			0.81   		   		
3550   			1.10   		   		
3556   			1.91   		   		
3562   			0.92   		   		
3567   			1.10   		   		
3573   			1.60   		   		
3579   			1.60   		   		
3585   			1.77   		   		
3590   			0.67   		   		
3596   			0.32   		   		
3602   			1.50   		   		
3607   			1.04   		   		
3613   			0.58   		   		
3619   			1.44   		   		
3625   			0.46   		   		
3630   			1.67   		   		
3636   			1.04   		   		
3642   			0.52   		   		
3648   			0.86   		   		
3653   			1.27   		   		
3659   			-0.02   		   		
3665   			0.21   		   		
3670   			0.84   		   		
3676   			0.09   		   		
3682   			-0.31   		   		
3688   			-0.51   		   		
3693   			0.48   		   		
3699   			-0.05   		   		
3705   			0.19   		   		
3711   			1.00   		   		
3716   			1.36   		   		
3722   			1.54   		   		
3728   			0.61   		   		
3733   			1.19   		   		
3739   			0.61   		   		
3745   			0.17   		   		
3751   			0.75   		   		
3756   			1.15   		   		
3762   			0.05   		   		
3768   			0.05   		   		
3774   			-0.70   		   		
3779   			-0.29   		   		
3785   			-0.18   		   		
3791   			0.17   		   		
3796   			0.34   		   		
3802   			-0.05   		   		
3808   			0.48   		   		
3814   			-0.28   		   		
3819   			0.36   		   		
3825   			0.13   		   		
3831   			0.29   		   		
3837   			0.29   		   		
3842   			0.11   		   		
3848   			0.17   		   		
3854   			0.46   		   		
3859   			0.55   		   		
3865   			0.67   		   		
3871   			0.55   		   		
3877   			0.38   		   		
3882   			0.32   		   		
3888   			-1.22   		   		
3894   			0.11   		   		
3900   			-1.10   		   		
3905   			-0.24   		   		
3911   			-0.06   		   		
3917   			0.26   		   		
3922   			-0.14   		   		
3928   			0.21   		   		
3934   			0.96   		   		
3940   			0.73   		   		
3945   			1.04   		   		
3951   			0.40   		   		
3957   			0.11   		   		
3963   			0.00   		   		
3968   			-0.12   		   		
3974   			0.17   		   		
3980   			0.23   		   		
3985   			0.11   		   		
3991   			0.92   		   		
3997   			1.56   		   		
4003   			0.79   		   		
4008   			-0.14   		   		
4014   			0.21   		   		
4020   			0.32   		   		
4026   			0.03   		   		
4031   			0.61   		   		
4037   			0.96   		   		
4043   			1.25   		   		
4048   			1.13   		   		
4054   			1.48   		   		
4060   			1.33   		   		
4066   			0.23   		   		
4071   			0.40   		   		
4077   			0.63   		   		
4083   			0.29   		   		
4089   			-0.12   		   		
4094   			0.75   		   		
4100   			0.58   		   		
4106   			0.81   		   		
4111   			0.46   		   		
4117   			0.52   		   		
4123   			0.17   		   		
4129   			0.81   		   		
4134   			-1.16   		   		
4140   			-0.64   		   		
4146   			-2.17   		   		
4151   			0.03   		   		
4157   			-0.84   		   		
4163   			0.09   		   		
4169   			0.50   		   		
4174   			0.55   		   		
4180   			0.15   		   		
4186   			-0.78   		   		
4192   			-1.07   		   		
4197   			0.09   		   		
4203   			-0.27   		   		
4209   			-1.90   		   		
4214   			-0.45   		   		
4220   			-0.33   		   		
4226   			0.42   		   		
4232   			0.46   		   		
4237   			0.17   		   		
4243   			1.10   		   		
4249   			1.39   		   		
4255   			0.92   		   		
4260   			1.52   		   		
4266   			0.48   		   		
4272   			-0.39   		   		
4277   			1.17   		   		
4283   			1.92   		   		
4289   			0.79   		   		
4295   			0.38   		   		
4300   			0.15   		   		
4306   			0.55   		   		
4312   			0.90   		   		
4318   			0.90   		   		
4323   			0.96   		   		
4329   			0.44   		   		
4335   			-0.14   		   		
4340   			-0.26   		   		
4346   			0.81   		   		
4352   			1.04   		   		
4358   			0.63   		   		
4363   			0.92   		   		
4369   			1.27   		   		
4375   			0.58   		   		
4381   			0.63   		   		
4386   			0.52   		   		
4392   			0.11   		   		
4398   			0.81   		   		
4403   			-0.33   		   		
4409   			-0.16   		   		
4415   			-0.45   		   		
4421   			-0.68   		   		
4426   			-0.39   		   		
4432   			-0.20   		   		
4438   			-0.84   		   		
4444   			0.61   		   		
4449   			0.09   		   		
4455   			0.32   		   		
4461   			0.32   		   		
4466   			0.26   		   		
4472   			0.84   		   		
4478   			-0.02   		   		
4484   			1.31   		   		
4489   			1.04   		   		
4495   			1.04   		   		
4501   			0.86   		   		
4507   			0.69   		   		
4512   			0.52   		   		
4518   			0.63   		   		
4524   			0.81   		   		
4529   			0.52   		   		
4535   			1.04   		   		
4541   			0.34   		   		
4547   			-0.02   		   		
4552   			0.26   		   		
4558   			-0.08   		   		
4564   			0.61   		   		
4570   			0.55   		   		
4575   			-0.53   		   		
4581   			0.52   		   		
4587   			-0.41   		   		
4592   			-0.29   		   		
4598   			0.69   		   		
4604   			0.92   		   		
4610   			1.04   		   		
4615   			1.33   		   		
4621   			0.63   		   		
4627   			0.40   		   		
4633   			-0.16   		   		
4638   			0.24   		   		
4644   			-0.80   		   		
4650   			-0.51   		   		
4655   			-0.57   		   		
4661   			0.05   		   		
4667   			0.17   		   		
4673   			0.00   		   		
4678   			0.40   		   		
4684   			0.52   		   		
4690   			1.54   		   		
4696   			1.25   		   		
4701   			0.96   		   		
4707   			0.15   		   		
4713   			0.62   		   		
4718   			-0.43   		   		
4724   			-0.31   		   		
4730   			0.21   		   		
4736   			0.55   		   		
4741   			0.67   		   		
4747   			0.52   		   		
4753   			0.69   		   		
4759   			0.63   		   		
4764   			0.86   		   		
4770   			0.75   		   		
4776   			0.02   		   		
4781   			1.06   		   		
4787   			0.71   		   		
4793   			0.36   		   		
4799   			-0.27   		   		
4804   			0.61   		   		
4810   			0.15   		   		
4816   			0.15   		   		
4822   			-0.08   		   		
4827   			0.26   		   		
4833   			0.75   		   		
4839   			0.05   		   		
4844   			-0.18   		   		
4850   			0.40   		   		
4856   			-0.18   		   		
4862   			0.50   		   		
4867   			0.79   		   		
4873   			-0.20   		   		
4879   			-0.02   		   		
4885   			-0.02   		   		
4890   			0.38   		   		
4896   			0.09   		   		
4902   			1.19   		   		
4907   			-0.14   		   		
4913   			0.50   		   		
4919   			1.40   		   		
4925   			0.65   		   		
4930   			0.48   		   		
4936   			-0.10   		   		
4942   			0.65   		   		
4948   			1.36   		   		
4953   			1.08   		   		
4959   			0.38   		   		
4965   			0.67   		   		
4970   			-0.02   		   		
4976   			-0.08   		   		
4982   			-0.26   		   		
4988   			0.61   		   		
4993   			-0.60   		   		
4999   			-0.14   		   		
5005   			-1.22   		   		
5011   			0.52   		   		
5016   			0.46   		   		
5022   			0.34   		   		
5028   			0.23   		   		
5033   			0.98   		   		
5039   			0.81   		   		
5045   			-0.70   		   		
5051   			0.34   		   		
5056   			0.52   		   		
5062   			-0.45   		   		
5068   			-1.20   		   		
5073   			0.25   		   		
5079   			0.19   		   		
5085   			0.77   		   		
5091   			0.29   		   		
5096   			0.00   		   		
5102   			0.92   		   		
5108   			0.58   		   		
5114   			1.39   		   		
5119   			0.15   		   		
5125   			0.26   		   		
5131   			-0.89   		   		
5136   			0.84   		   		
5142   			1.02   		   		
5148   			0.46   		   		
5154   			0.40   		   		
5159   			0.46   		   		
5165   			0.05   		   		
5171   			0.23   		   		
5177   			0.01   		   		
5182   			0.65   		   		
5188   			0.71   		   		
5194   			-1.61   		   		
5199   			0.48   		   		
5205   			0.86   		   		
5211   			0.34   		   		
5217   			0.86   		   		
5222   			0.46   		   		
5228   			-0.06   		   		
5234   			0.44   		   		
5240   			1.08   		   		
5245   			0.67   		   		
5251   			0.73   		   		
5257   			0.26   		   		
5262   			0.61   		   		
5268   			0.96   		   		
5274   			1.02   		   		
5280   			0.09   		   		
5285   			0.96   		   		
5291   			0.65   		   		
5297   			0.25   		   		
5303   			-0.04   		   		
5308   			0.36   		   		
5314   			0.83   		   		
5320   			0.08   		   		
5325   			0.25   		   		
5331   			1.00   		   		
5337   			0.08   		   		
5343   			1.12   		   		
5348   			1.15   		   		
5354   			0.98   		   		
5360   			1.44   		   		
5366   			0.92   		   		
5371   			1.44   		   		
5377   			1.04   		   		
5383   			1.33   		   		
5388   			0.00   		   		
5394   			-0.47   		   		
5400   			0.46   		   		
5406   			0.48   		   		
5411   			1.17   		   		
5417   			0.89   		   		
5423   			0.71   		   		
5429   			1.00   		   		
5434   			0.81   		   		
5440   			0.63   		   		
5446   			0.46   		   		
5451   			0.81   		   		
5457   			0.52   		   		
5463   			-0.18   		   		
5469   			0.69   		   		
5474   			0.52   		   		
5480   			1.04   		   		
5486   			0.58   		   		
5492   			1.08   		   		
5497   			0.90   		   		
5503   			-0.20   		   		
5509   			0.09   		   		
5514   			0.26   		   		
5520   			0.00   		   		
5526   			-0.64   		   		
5532   			-0.18   		   		
5537   			0.17   		   		
5543   			-0.41   		   		
5549   			-0.14   		   		
5555   			-0.60   		   		
5560   			-0.43   		   		
5566   			-0.78   		   		
5572   			-0.26   		   		
5577   			0.58   		   		
5583   			0.05   		   		
5589   			0.40   		   		
5595   			0.05   		   		
5600   			0.23   		   		
5606   			0.96   		   		
5612   			0.50   		   		
5618   			0.32   		   		
5623   			0.09   		   		
5629   			-0.26   		   		
5635   			1.70   		   		
5640   			1.35   		   		
5646   			0.36   		   		
5652   			0.94   		   		
5658   			-0.04   		   		
5663   			-0.31   		   		
5669   			0.21   		   		
5675   			-2.75   		   		
5680   			-0.43   		   		
5686   			0.55   		   		
5692   			1.10   		   		
5698   			1.21   		   		
5703   			0.86   		   		
5709   			-0.24   		   		
5715   			0.34   		   		
5721   			0.52   		   		
5726   			0.11   		   		
5732   			0.23   		   		
5738   			-0.87   		   		
5743   			0.58   		   		
5749   			0.67   		   		
5755   			0.90   		   		
5761   			1.13   		   		
5766   			1.19   		   		
5772   			1.08   		   		
5778   			0.90   		   		
5784   			1.19   		   		
5789   			1.02   		   		
5795   			0.50   		   		
5801   			-1.07   		   		
5806   			-0.60   		   		
5812   			0.15   		   		
5818   			1.19   		   		
5824   			0.44   		   		
5829   			0.26   		   		
5835   			0.38   		   		
5841   			-0.20   		   		
5847   			0.50   		   		
5852   			-0.14   		   		
5858   			0.21   		   		
5864   			0.15   		   		
5869   			0.55   		   		
5875   			-0.20   		   		
5881   			0.38   		   		
5887   			0.32   		   		
5892   			0.52   		   		
5898   			-0.24   		   		
5904   			0.29   		   		
5910   			-0.24   		   		
5915   			0.34   		   		
5921   			1.25   		   		
5927   			0.09   		   		
5932   			-0.08   		   		
5938   			0.61   		   		
5944   			0.96   		   		
5950   			0.69   		   		
5955   			0.40   		   		
5961   			-0.06   		   		
5967   			0.46   		   		
5973   			0.63   		   		
5978   			0.09   		   		
5984   			0.73   		   		
5990   			-0.08   		   		
5995   			0.32   		   		
6001   			-0.20   		   		
6007   			0.11   		   		
6013   			0.81   		   		
6018   			1.10   		   		
6024   			0.17   		   		
6030   			0.29   		   		
6036   			0.29   		   		
6041   			0.34   		   		
6047   			0.46   		   		
6053   			0.23   		   		
6058   			0.81   		   		
6064   			0.58   		   		
6070   			1.04   		   		
6076   			0.75   		   		
6081   			0.52   		   		
6087   			0.52   		   		
6093   			0.52   		   		
6099   			0.05   		   		
6104   			1.04   		   		
6110   			0.63   		   		
6116   			0.11   		   		
6121   			-0.18   		   		
6127   			-0.06   		   		
6133   			0.23   		   		
6139   			-0.12   		   		
6144   			0.29   		   		
6150   			0.36   		   		
6156   			0.54   		   		
6162   			0.65   		   		
6167   			1.70   		   		
6173   			1.41   		   		
6179   			2.17   		   		
6184   			1.83   		   		
6190   			1.25   		   		
6196   			1.25   		   		
6202   			1.36   		   		
6207   			2.21   		   		
6213   			1.05   		   		
6219   			1.98   		   		
6225   			1.69   		   		
6230   			1.75   		   		
6236   			1.36   		   		
6242   			1.02   		   		
6247   			2.17   		   		
6253   			1.94   		   		
6259   			0.73   		   		
6265   			1.33   		   		
6270   			1.39   		   		
6276   			2.02   		   		
6282   			1.50   		   		
6288   			1.33   		   		
6293   			1.63   		   		
6299   			0.76   		   		
6305   			1.46   		   		
6310   			1.57   		   		
6316   			1.05   		   		
6322   			1.21   		   		
6328   			2.02   		   		
6333   			1.79   		   		
6339   			1.44   		   		
6345   			0.58   		   		
6350   			0.19   		   		
6356   			1.17   		   		
6362   			1.52   		   		
6368   			0.82   		   		
6373   			1.40   		   		
6379   			1.25   		   		
6385   			-0.08   		   		
6391   			0.61   		   		
6396   			2.46   		   		
6402   			1.65   		   		
6408   			-0.18   		   		
6413   			0.98   		   		
6419   			1.50   		   		
6425   			0.46   		   		
6431   			1.50   		   		
6436   			0.17   		   		
6442   			1.10   		   		
6448   			0.86   		   		
6454   			0.86   		   		
6459   			1.39   		   		
6465   			0.60   		   		
6471   			0.65   		   		
6476   			0.71   		   		
6482   			0.42   		   		
6488   			0.60   		   		
6494   			1.52   		   		
6499   			1.29   		   		
6505   			1.75   		   		
6511   			0.19   		   		
6517   			0.76   		   		
6522   			1.19   		   		
6528   			1.54   		   		
6534   			1.71   		   		
6539   			1.42   		   		
6545   			1.65   		   		
6551   			0.15   		   		
6557   			0.73   		   		
6562   			0.84   		   		
6568   			1.42   		   		
6574   			0.79   		   		
6580   			1.04   		   		
6585   			0.52   		   		
6591   			0.46   		   		
6597   			0.75   		   		
6602   			0.58   		   		
6608   			0.84   		   		
6614   			1.77   		   		
6620   			1.02   		   		
6625   			1.36   		   		
6631   			0.67   		   		
6637   			1.42   		   		
6643   			0.96   		   		
6648   			0.96   		   		
6654   			1.31   		   		
6660   			2.00   		   		
6665   			1.91   		   		
6671   			1.91   		   		
6677   			2.37   		   		
6683   			1.85   		   		
6688   			1.79   		   		
6694   			1.91   		   		
6700   			1.85   		   		
6706   			1.73   		   		
6711   			1.27   		   		
6717   			1.96   		   		
6723   			2.14   		   		
6728   			1.62   		   		
6734   			0.52   		   		
6740   			1.27   		   		
6746   			1.56   		   		
6751   			1.31   		   		
6757   			2.17   		   		
6763   			2.06   		   		
6769   			2.23   		   		
6774   			2.75   		   		
6780   			2.58   		   		
6786   			2.40   		   		
6791   			2.64   		   		
6797   			2.40   		   		
6803   			1.77   		   		
6809   			2.29   		   		
6814   			1.65   		   		
6820   			2.23   		   		
6826   			2.06   		   		
6832   			1.31   		   		
6837   			2.14   		   		
6843   			2.60   		   		
6849   			2.54   		   		
6854   			3.00   		   		
6860   			1.85   		   		
6866   			1.96   		   		
6872   			2.60   		   		
6877   			1.85   		   		
6883   			1.44   		   		
6889   			0.98   		   		
6894   			1.10   		   		
6900   			2.25   		   		
6906   			2.19   		   		
6912   			1.27   		   		
6917   			1.91   		   		
6923   			1.44   		   		
6929   			1.96   		   		
6935   			2.02   		   		
6940   			2.71   		   		
6946   			1.50   		   		
6952   			-0.14   		   		
6957   			2.40   		   		
6963   			2.35   		   		
6969   			2.00   		   		
6975   			2.92   		   		
6980   			2.64   		   		
6986   			3.39   		   		
6992   			2.64   		   		
6998   			1.54   		   		
7003   			1.25   		   		
7009   			1.91   		   		
7015   			0.46   		   		
7020   			2.08   		   		
7026   			2.43   		   		
7032   			3.00   		   		
7038   			3.36   		   		
7043   			2.96   		   		
7049   			3.08   		   		
7055   			3.31   		   		
7061   			2.96   		   		
7066   			2.14   		   		
7072   			2.83   		   		
7078   			3.06   		   		
7083   			2.95   		   		
7089   			3.35   		   		
7095   			2.75   		   		
7101   			2.92   		   		
7106   			3.04   		   		
7112   			2.81   		   		
7118   			2.87   		   		
7124   			3.93   		   		
7129   			3.75   		   		
7135   			4.73   		   		
7141   			4.33   		   		
7146   			3.52   		   		
7152   			3.39   		   		
7158   			3.44   		   		
7164   			3.85   		   		
7169   			3.16   		   		
7175   			3.79   		   		
7181   			4.08   		   		
7187   			4.08   		   		
7192   			4.54   		   		
7198   			3.73   		   		
7204   			4.02   		   		
7209   			3.41   		   		
7215   			3.93   		   		
7221   			4.04   		   		
7227   			4.39   		   		
7232   			3.41   		   		
7238   			3.50   		   		
7244   			3.91   		   		
7250   			4.25   		   		
7255   			4.48   		   		
7261   			4.83   		   		
7267   			3.64   		   		
7272   			4.16   		   		
7278   			3.93   		   		
7284   			3.81   		   		
7290   			4.16   		   		
7295   			3.70   		   		
7301   			3.93   		   		
7307   			3.98   		   		
7313   			4.27   		   		
7318   			4.96   		   		
7324   			5.46   		   		
7330   			4.19   		   		
7335   			5.17   		   		
7341   			5.58   		   		
7347   			4.71   		   		
7353   			4.77   		   		
7358   			5.63   		   		
7364   			4.71   		   		
7370   			5.12   		   		
7376   			5.40   		   		
7381   			5.71   		   		
7387   			5.19   		   		
7393   			5.71   		   		
7398   			5.42   		   		
7404   			5.94   		   		
7410   			5.14   		   		
7416   			5.88   		   		
7421   			6.00   		   		
7427   			4.91   		   		
7433   			5.77   		   		
7439   			5.54   		   		
7444   			7.67   		   		
7450   			6.17   		   		
7456   			5.94   		   		
7461   			6.29   		   		
7467   			6.65   		   		
7473   			5.91   		   		
7479   			5.27   		   		
7484   			6.48   		   		
7490   			6.02   		   		
7496   			6.23   		   		
7501   			6.69   		   		
7507   			7.09   		   		
7513   			7.21   		   		
7519   			7.32   		   		
7524   			7.05   		   		
7530   			7.11   		   		
7536   			6.88   		   		
7542   			7.28   		   		
7547   			7.57   		   		
7553   			8.10   		   		
7559   			5.69   		   		
7564   			7.76   		   		
7570   			8.22   		   		
7576   			7.65   		   		
7582   			7.99   		   		
7587   			7.24   		   		
7593   			7.47   		   		
7599   			7.88   		   		
7605   			7.76   		   		
7610   			8.01   		   		
7616   			7.61   		   		
7622   			6.23   		   		
7627   			8.01   		   		
7633   			8.70   		   		
7639   			8.56   		   		
7645   			8.10   		   		
7650   			8.10   		   		
7656   			8.05   		   		
7662   			8.45   		   		
7668   			8.99   		   		
7673   			8.30   		   		
7679   			8.01   		   		
7685   			8.18   		   		
7690   			7.90   		   		
7696   			8.05   		   		
7702   			8.10   		   		
7708   			7.36   		   		
7713   			8.05   		   		
7719   			9.02   		   		
7725   			8.58   		   		
7731   			9.44   		   		
7736   			9.16   		   		
7742   			8.81   		   		
7748   			8.99   		   		
7753   			8.91   		   		
7759   			9.25   		   		
7765   			9.37   		   		
7771   			9.83   		   		
7776   			9.31   		   		
7782   			9.26   		   		
7788   			9.43   		   		
7794   			8.68   		   		
7799   			9.37   		   		
7805   			9.26   		   		
7811   			9.29   		   		
7816   			9.18   		   		
7822   			9.01   		   		
7828   			9.81   		   		
7834   			9.64   		   		
7839   			9.01   		   		
7845   			9.81   		   		
7851   			9.18   		   		
7857   			8.89   		   		
7862   			8.20   		   		
7868   			8.05   		   		
7874   			8.97   		   		
7879   			8.74   		   		
7885   			8.74   		   		
7891   			10.05   		   		
7897   			8.71   		   		
7902   			9.29   		   		
7908   			8.54   		   		
7914   			9.63   		   		
7920   			9.17   		   		
7925   			10.17   		   		
7931   			9.37   		   		
7937   			9.31   		   		
7942   			9.77   		   		
7948   			10.00   		   		
7954   			10.11   		   		
7960   			9.42   		   		
7965   			10.34   		   		
7971   			10.34   		   		
7977   			10.80   		   		
7983   			10.76   		   		
7988   			11.28   		   		
7994   			10.59   		   		
8000   			10.48   		   		
8005   			10.19   		   		
8011   			10.59   		   		
8017   			10.25   		   		
8023   			10.70   		   		
8028   			10.88   		   		
8034   			10.36   		   		
8040   			10.28   		   		
8046   			10.63   		   		
8051   			10.86   		   		
8057   			10.97   		   		
8063   			11.43   		   		
8068   			11.48   		   		
8074   			11.77   		   		
8080   			11.54   		   		
8086   			10.63   		   		
8091   			10.28   		   		
8097   			11.43   		   		
8103   			12.00   		   		
8109   			11.48   		   		
8114   			11.20   		   		
8120   			11.31   		   		
8126   			11.45   		   		
8131   			11.85   		   		
8137   			10.88   		   		
8143   			11.39   		   		
8149   			12.48   		   		
8154   			12.90   		   		
8160   			12.78   		   		
8166   			12.56   		   		
8171   			12.78   		   		
8177   			12.90   		   		
8183   			12.91   		   		
8189   			12.74   		   		
8194   			13.03   		   		
8200   			12.29   		   		
8206   			12.00   		   		
8212   			12.06   		   		
8217   			12.74   		   		
8223   			12.34   		   		
8229   			11.14   		   		
8234   			13.31   		   		
8240   			12.74   		   		
8246   			12.63   		   		
8252   			12.11   		   		
8257   			12.17   		   		
8263   			11.77   		   		
8269   			13.22   		   		
8275   			13.28   		   		
8280   			13.28   		   		
8286   			13.45   		   		
8292   			12.36   		   		
8297   			12.56   		   		
8303   			12.50   		   		
8309   			13.13   		   		
8315   			13.18   		   		
8320   			13.07   		   		
8326   			12.86   		   		
8332   			12.63   		   		
8338   			13.08   		   		
8343   			12.29   		   		
8349   			12.80   		   		
8355   			13.58   		   		
8360   			14.09   		   		
8366   			13.41   		   		
8372   			13.35   		   		
8378   			13.69   		   		
8383   			13.81   		   		
8389   			13.24   		   		
8395   			13.53   		   		
8401   			13.47   		   		
8406   			13.53   		   		
8412   			13.96   		   		
8418   			13.27   		   		
8423   			13.67   		   		
8429   			12.99   		   		
8435   			13.21   		   		
8441   			13.20   		   		
8446   			13.48   		   		
8452   			13.54   		   		
8458   			13.14   		   		
8464   			12.57   		   		
8469   			12.31   		   		
8475   			12.25   		   		
8481   			12.88   		   		
8486   			12.76   		   		
8492   			13.28   		   		
8498   			12.36   		   		
8504   			12.08   		   		
8509   			12.65   		   		
8515   			12.53   		   		
8521   			11.16   		   		
8526   			13.06   		   		
8532   			13.12   		   		
8538   			12.55   		   		
8544   			12.32   		   		
8549   			12.89   		   		
8555   			13.85   		   		
8561   			13.56   		   		
8567   			13.05   		   		
8572   			12.88   		   		
8578   			12.71   		   		
8584   			11.43   		   		
8589   			13.77   		   		
8595   			13.66   		   		
8601   			13.20   		   		
8607   			13.37   		   		
8612   			12.21   		   		
8618   			12.78   		   		
8624   			12.73   		   		
8630   			13.13   		   		
8635   			12.38   		   		
8641   			13.22   		   		
8647   			13.22   		   		
8652   			13.11   		   		
8658   			13.85   		   		
8664   			12.82   		   		
8670   			13.54   		   		
8675   			13.37   		   		
8681   			13.14   		   		
8687   			13.48   		   		
8693   			13.94   		   		
8698   			13.58   		   		
8704   			12.72   		   		
8710   			12.95   		   		
8715   			12.55   		   		
8721   			13.35   		   		
8727   			13.31   		   		
8733   			12.97   		   		
8738   			13.03   		   		
8744   			13.08   		   		
8750   			12.91   		   		
8756   			13.39   		   		
8761   			12.93   		   		
8767   			12.36   		   		
8773   			13.22   		   		
8778   			12.48   		   		
8784   			12.84   		   		
8790   			12.95   		   		
8796   			12.89   		   		
8801   			12.55   		   		
8807   			12.95   		   		
8813   			13.22   		   		
8819   			12.88   		   		
8824   			13.28   		   		
8830   			12.88   		   		
8836   			12.93   		   		
8841   			12.91   		   		
8847   			12.68   		   		
8853   			12.06   		   		
8859   			12.91   		   		
8864   			12.74   		   		
8870   			12.29   		   		
8876   			10.63   		   		
8881   			12.23   		   		
8887   			11.77   		   		
8893   			12.11   		   		
8899   			12.57   		   		
8904   			13.20   		   		
8910   			12.23   		   		
8916   			13.03   		   		
8922   			13.26   		   		
8927   			12.93   		   		
8933   			12.76   		   		
8939   			11.11   		   		
8944   			12.48   		   		
8950   			11.85   		   		
8956   			12.34   		   		
8962   			12.17   		   		
8967   			11.89   		   		
8973   			11.77   		   		
8979   			11.60   		   		
8985   			11.62   		   		
8990   			12.36   		   		
8996   			12.48   		   		
9002   			11.39   		   		
9007   			12.31   		   		
9013   			11.91   		   		
9019   			11.56   		   		
9025   			11.73   		   		
9030   			12.53   		   		
9036   			12.08   		   		
9042   			12.71   		   		
9048   			12.02   		   		
9053   			11.56   		   		
9059   			11.96   		   		
9065   			12.42   		   		
9070   			13.14   		   		
9076   			12.57   		   		
9082   			12.68   		   		
9088   			12.57   		   		
9093   			12.17   		   		
9099   			12.17   		   		
9105   			12.74   		   		
9111   			12.00   		   		
9116   			12.74   		   		
9122   			11.94   		   		
9128   			11.39   		   		
9133   			11.79   		   		
9139   			12.76   		   		
9145   			12.48   		   		
9151   			12.42   		   		
9156   			11.91   		   		
9162   			12.31   		   		
9168   			12.82   		   		
9174   			11.96   		   		
9179   			12.53   		   		
9185   			12.88   		   		
9191   			12.71   		   		
9196   			12.36   		   		
9202   			11.91   		   		
9208   			12.08   		   		
9214   			12.06   		   		
9219   			12.23   		   		
9225   			11.77   		   		
9231   			12.51   		   		
9237   			12.51   		   		
9242   			13.08   		   		
9248   			12.68   		   		
9254   			13.03   		   		
9259   			12.40   		   		
9265   			13.20   		   		
9271   			12.82   		   		
9277   			13.85   		   		
9282   			12.99   		   		
9288   			13.28   		   		
9294   			13.28   		   		
9299   			13.20   		   		
9305   			13.66   		   		
9311   			13.43   		   		
9317   			14.05   		   		
9322   			12.51   		   		
9328   			13.08   		   		
9334   			12.17   		   		
9340   			12.17   		   		
9345   			12.68   		   		
9351   			12.34   		   		
9357   			10.59   		   		
9362   			11.85   		   		
9368   			12.36   		   		
9374   			12.02   		   		
9380   			12.59   		   		
9385   			11.91   		   		
9391   			12.02   		   		
9397   			12.36   		   		
9403   			12.65   		   		
9408   			12.82   		   		
9414   			12.91   		   		
9420   			11.71   		   		
9425   			13.03   		   		
9431   			12.57   		   		
9437   			12.40   		   		
9443   			13.26   		   		
9448   			12.68   		   		
9454   			12.29   		   		
9460   			12.23   		   		
9466   			12.51   		   		
9471   			12.80   		   		
9477   			11.66   		   		
9483   			12.57   		   		
9488   			12.51   		   		
9494   			12.57   		   		
9500   			12.49   		   		
9506   			13.01   		   		
9511   			13.12   		   		
9517   			12.95   		   		
9523   			13.01   		   		
9529   			12.46   		   		
9534   			12.63   		   		
9540   			12.63   		   		
9546   			12.68   		   		
9551   			12.63   		   		
9557   			12.71   		   		
9563   			12.42   		   		
9569   			12.53   		   		
9574   			12.88   		   		
9580   			12.99   		   		
9586   			13.18   		   		
9592   			12.90   		   		
9597   			13.35   		   		
9603   			12.38   		   		
9609   			12.50   		   		
9614   			12.51   		   		
9620   			13.60   		   		
9626   			13.60   		   		
9632   			12.86   		   		
9637   			13.03   		   		
9643   			13.22   		   		
9649   			12.99   		   		
9655   			12.82   		   		
9660   			13.56   		   		
9666   			12.48   		   		
9672   			11.94   		   		
9677   			11.37   		   		
9683   			12.46   		   		
9689   			11.48   		   		
9695   			12.17   		   		
9700   			12.29   		   		
9706   			13.60   		   		
9712   			12.97   		   		
9718   			13.08   		   		
9723   			12.40   		   		
9729   			12.66   		   		
9735   			12.78   		   		
9740   			12.49   		   		
9746   			13.01   		   		
9752   			12.15   		   		
9758   			13.01   		   		
9763   			13.29   		   		
9769   			12.44   		   		
9775   			12.26   		   		
9781   			12.32   		   		
9786   			12.34   		   		
9792   			13.37   		   		
9798   			13.08   		   		
9803   			12.46   		   		
9809   			13.31   		   		
9815   			13.08   		   		
9821   			13.48   		   		
9826   			12.51   		   		
9832   			12.51   		   		
9838   			11.77   		   		
9843   			12.84   		   		
9849   			13.46   		   		
9855   			12.72   		   		
9861   			12.66   		   		
9866   			12.61   		   		
9872   			12.57   		   		
9878   			12.46   		   		
9884   			11.66   		   		
9889   			11.26   		   		
9895   			11.71   		   		
9901   			12.46   		   		
9906   			13.03   		   		
9912   			12.29   		   		
9918   			13.37   		   		
9924   			12.80   		   		
9929   			12.27   		   		
9935   			12.84   		   		
9941   			13.13   		   		
9947   			13.07   		   		
9952   			12.56   		   		
9958   			12.46   		   		
9964   			13.20   		   		
9969   			13.08   		   		
9975   			12.63   		   		
9981   			12.63   		   		
9987   			12.04   		   		
9992   			12.56   		   		
9998   			12.33   		   		
10004   			12.67   		   		
10010   			12.10   		   		
10015   			12.63   		   		
10021   			12.00   		   		
10027   			12.29   		   		
10032   			12.17   		   		
10038   			12.11   		   		
10044   			12.93   		   		
10050   			12.71   		   		
10055   			12.31   		   		
10061   			11.33   		   		
10067   			12.19   		   		
10073   			12.40   		   		
10078   			12.06   		   		
10084   			11.89   		   		
10090   			12.57   		   		
10095   			13.48   		   		
10101   			12.74   		   		
10107   			12.06   		   		
10113   			12.46   		   		
10118   			13.14   		   		
10124   			12.63   		   		
10130   			13.54   		   		
10136   			13.14   		   		
10141   			13.03   		   		
10147   			14.00   		   		
10153   			13.20   		   		
10158   			13.37   		   		
10164   			13.20   		   		
10170   			13.14   		   		
10176   			12.63   		   		
10181   			13.26   		   		
10187   			12.67   		   		
10193   			13.35   		   		
10199   			13.01   		   		
10204   			12.84   		   		
10210   			12.04   		   		
10216   			12.42   		   		
10221   			12.08   		   		
10227   			12.93   		   		
10233   			11.85   		   		
10239   			12.02   		   		
10244   			11.79   		   		
10250   			12.88   		   		
10256   			10.70   		   		
10261   			11.85   		   		
10267   			12.53   		   		
10273   			12.19   		   		
10279   			12.76   		   		
10284   			12.42   		   		
10290   			12.31   		   		
10296   			12.36   		   		
10302   			11.56   		   		
10307   			11.16   		   		
10313   			12.36   		   		
10319   			10.99   		   		
10324   			12.82   		   		
10330   			12.12   		   		
10336   			12.69   		   		
10342   			11.72   		   		
10347   			12.01   		   		
10353   			12.58   		   		
10359   			11.54   		   		
10365   			11.60   		   		
10370   			12.23   		   		
10376   			11.94   		   		
10382   			10.74   		   		
10387   			12.57   		   		
10393   			12.34   		   		
10399   			11.83   		   		
10405   			12.00   		   		
10410   			11.60   		   		
10416   			12.06   		   		
10422   			12.00   		   		
10428   			11.77   		   		
10433   			11.54   		   		
10439   			11.83   		   		
10445   			11.76   		   		
10450   			11.93   		   		
10456   			11.87   		   		
10462   			11.98   		   		
10468   			11.70   		   		
10473   			11.60   		   		
10479   			12.63   		   		
10485   			11.83   		   		
10491   			11.89   		   		
10496   			11.60   		   		
10502   			12.51   		   		
10508   			12.29   		   		
10513   			12.17   		   		
10519   			12.00   		   		
10525   			11.94   		   		
10531   			11.08   		   		
10536   			12.51   		   		
10542   			11.66   		   		
10548   			11.26   		   		
10554   			11.43   		   		
10559   			11.51   		   		
10565   			11.39   		   		
10571   			12.02   		   		
10576   			11.51   		   		
10582   			11.79   		   		
10588   			12.17   		   		
10594   			11.60   		   		
10599   			11.20   		   		
10605   			11.77   		   		
10611   			11.43   		   		
10617   			11.37   		   		
10622   			12.00   		   		
10628   			12.06   		   		
10634   			12.11   		   		
10639   			12.23   		   		
10645   			11.81   		   		
10651   			12.44   		   		
10657   			12.27   		   		
10662   			12.10   		   		
10668   			12.21   		   		
10674   			11.91   		   		
10680   			11.85   		   		
10685   			12.02   		   		
10691   			11.56   		   		
10697   			11.85   		   		
10702   			11.91   		   		
10708   			12.42   		   		
10714   			12.25   		   		
10720   			11.91   		   		
10725   			11.73   		   		
10731   			11.62   		   		
10737   			10.36   		   		
10742   			12.36   		   		
10748   			11.62   		   		
10754   			12.02   		   		
10760   			11.43   		   		
10765   			12.80   		   		
10771   			13.26   		   		
10777   			12.86   		   		
10783   			12.23   		   		
10788   			11.79   		   		
10794   			11.85   		   		
10800   			12.08   		   		
10805   			11.91   		   		
10811   			12.53   		   		
10817   			12.08   		   		
10823   			12.25   		   		
10828   			12.13   		   		
10834   			11.96   		   		
10840   			13.05   		   		
10846   			12.73   		   		
10851   			12.27   		   		
10857   			12.21   		   		
10863   			12.04   		   		
10868   			12.38   		   		
10874   			12.13   		   		
10880   			12.71   		   		
10886   			12.02   		   		
10891   			11.16   		   		
10897   			12.08   		   		
10903   			11.77   		   		
10909   			11.60   		   		
10914   			12.06   		   		
10920   			11.54   		   		
10926   			11.48   		   		
10931   			11.64   		   		
10937   			11.41   		   		
10943   			11.30   		   		
10949   			11.13   		   		
10954   			11.58   		   		
10960   			11.33   		   		
10966   			11.11   		   		
10972   			11.16   		   		
10977   			11.28   		   		
10983   			11.39   		   		
10989   			10.76   		   		
10994   			10.36   		   		
11000   			11.16   		   		
11006   			10.99   		   		
11012   			11.11   		   		
11017   			11.33   		   		
11023   			11.05   		   		
11029   			10.65   		   		
11035   			11.51   		   		
11040   			10.70   		   		
11046   			10.13   		   		
11052   			10.70   		   		
11057   			11.11   		   		
11063   			10.88   		   		
11069   			11.11   		   		
11075   			10.86   		   		
11080   			11.66   		   		
11086   			11.14   		   		
11092   			11.37   		   		
11098   			11.03   		   		
11103   			10.68   		   		
11109   			11.26   		   		
11115   			11.14   		   		
11120   			11.66   		   		
11126   			10.45   		   		
11132   			11.60   		   		
11138   			11.03   		   		
11143   			10.17   		   		
11149   			11.03   		   		
11155   			10.74   		   		
11161   			10.86   		   		
11166   			10.91   		   		
11172   			11.14   		   		
11178   			11.26   		   		
11183   			11.31   		   		
11189   			10.72   		   		
11195   			11.01   		   		
11201   			11.58   		   		
11206   			11.52   		   		
11212   			12.04   		   		
11218   			11.51   		   		
11224   			11.39   		   		
11229   			11.68   		   		
11235   			12.02   		   		
11241   			11.16   		   		
11246   			11.39   		   		
11252   			11.62   		   		
11258   			10.88   		   		
11264   			10.02   		   		
11269   			10.48   		   		
11275   			9.62   		   		
11281   			9.33   		   		
11287   			9.73   		   		
11292   			9.16   		   		
11298   			10.30   		   		
11304   			10.50   		   		
11309   			11.13   		   		
11315   			11.07   		   		
11321   			11.13   		   		
11327   			11.93   		   		
11332   			11.31   		   		
11338   			11.14   		   		
11344   			10.97   		   		
11350   			12.17   		   		
11355   			11.60   		   		
11361   			12.13   		   		
11367   			12.36   		   		
11372   			12.31   		   		
11378   			11.56   		   		
11384   			12.08   		   		
11390   			12.17   		   		
11395   			12.23   		   		
11401   			11.48   		   		
11407   			10.45   		   		
11412   			11.43   		   		
11418   			11.43   		   		
11424   			12.17   		   		
11430   			12.17   		   		
11435   			12.00   		   		
11441   			12.46   		   		
11447   			12.59   		   		
11453   			12.36   		   		
11458   			12.82   		   		
11464   			12.99   		   		
11470   			10.93   		   		
11475   			12.31   		   		
11481   			11.45   		   		
11487   			11.45   		   		
11493   			12.53   		   		
11498   			11.28   		   		
11504   			12.02   		   		
11510   			12.59   		   		
11516   			11.96   		   		
11521   			11.62   		   		
11527   			11.91   		   		
11533   			11.43   		   		
11538   			11.26   		   		
11544   			10.97   		   		
11550   			11.48   		   		
11556   			11.71   		   		
11561   			12.10   		   		
11567   			11.81   		   		
11573   			11.01   		   		
11579   			10.61   		   		
11584   			11.41   		   		
11590   			12.00   		   		
11596   			11.54   		   		
11601   			11.60   		   		
11607   			11.08   		   		
11613   			11.37   		   		
11619   			12.10   		   		
11624   			11.70   		   		
11630   			11.98   		   		
11636   			11.87   		   		
11642   			11.87   		   		
11647   			12.44   		   		
11653   			11.81   		   		
11659   			11.13   		   		
11664   			10.78   		   		
11670   			11.87   		   		
11676   			11.94   		   		
11682   			12.17   		   		
11687   			11.66   		   		
11693   			11.66   		   		
11699   			11.31   		   		
11705   			11.36   		   		
11710   			11.36   		   		
11716   			10.27   		   		
11722   			11.70   		   		
11727   			11.98   		   		
11733   			11.89   		   		
11739   			11.89   		   		
11745   			11.43   		   		
11750   			10.80   		   		
11756   			11.66   		   		
11762   			10.02   		   		
11767   			11.56   		   		
11773   			12.42   		   		
11779   			11.91   		   		
11785   			11.68   		   		
11790   			11.24   		   		
11796   			11.98   		   		
11802   			12.33   		   		
11808   			12.67   		   		
11813   			12.96   		   		
11819   			12.13   		   		
11825   			10.25   		   		
11830   			12.02   		   		
11836   			12.59   		   		
11842   			12.31   		   		
11848   			11.89   		   		
11853   			12.34   		   		
11859   			12.00   		   		
11865   			12.57   		   		
11871   			12.51   		   		
11876   			12.23   		   		
11882   			12.97   		   		
11888   			11.77   		   		
11893   			12.74   		   		
11899   			12.06   		   		
11905   			12.00   		   		
11911   			12.11   		   		
11916   			12.68   		   		
11922   			13.14   		   		
11928   			12.80   		   		
11934   			12.25   		   		
11939   			12.76   		   		
11945   			12.71   		   		
11951   			12.65   		   		
11956   			12.02   		   		
11962   			12.50   		   		
11968   			12.33   		   		
11974   			12.67   		   		
11979   			11.81   		   		
11985   			11.41   		   		
11991   			11.43   		   		
11997   			11.83   		   		
12002   			12.11   		   		
12008   			11.71   		   		
12014   			11.77   		   		
12019   			12.51   		   		
12025   			10.86   		   		
12031   			11.43   		   		
12037   			11.89   		   		
12042   			11.37   		   		
12048   			11.91   		   		
12054   			11.28   		   		
12060   			11.51   		   		
12065   			10.82   		   		
12071   			12.08   		   		
12077   			10.95   		   		
12082   			11.53   		   		
12088   			10.95   		   		
12094   			10.44   		   		
12100   			11.13   		   		
12105   			11.41   		   		
12111   			11.76   		   		
12117   			11.58   		   		
12123   			11.58   		   		
12128   			11.30   		   		
12134   			11.22   		   		
12140   			10.30   		   		
12145   			10.59   		   		
12151   			10.13   		   		
12157   			10.70   		   		
12163   			11.03   		   		
12168   			10.63   		   		
12174   			10.34   		   		
12180   			10.63   		   		
12185   			10.63   		   		
12191   			10.70   		   		
12197   			10.88   		   		
12203   			10.88   		   		
12208   			11.39   		   		
12214   			10.48   		   		
12220   			10.11   		   		
12226   			10.68   		   		
12231   			11.83   		   		
12237   			11.66   		   		
12243   			9.65   		   		
12248   			11.41   		   		
12254   			11.46   		   		
12260   			12.26   		   		
12266   			12.21   		   		
12271   			11.81   		   		
12277   			11.41   		   		
12283   			12.44   		   		
12289   			11.76   		   		
12294   			11.81   		   		
12300   			11.13   		   		
12306   			11.47   		   		
12311   			11.07   		   		
12317   			11.30   		   		
12323   			11.53   		   		
12329   			11.36   		   		
12334   			11.79   		   		
12340   			12.25   		   		
12346   			11.51   		   		
12352   			11.22   		   		
12357   			11.22   		   		
12363   			11.05   		   		
12369   			11.05   		   		
12374   			11.79   		   		
12380   			11.56   		   		
12386   			11.96   		   		
12392   			11.22   		   		
12397   			11.16   		   		
12403   			10.82   		   		
12409   			11.05   		   		
12415   			11.79   		   		
12420   			12.17   		   		
12426   			12.57   		   		
12432   			11.48   		   		
12437   			11.89   		   		
12443   			11.71   		   		
12449   			11.31   		   		
12455   			10.80   		   		
12460   			10.74   		   		
12466   			10.97   		   		
12472   			11.08   		   		
12478   			11.43   		   		
12483   			10.74   		   		
12489   			11.66   		   		
12495   			11.14   		   		
12500   			10.68   		   		
12506   			10.99   		   		
12512   			10.70   		   		
12518   			11.16   		   		
12523   			12.13   		   		
12529   			11.85   		   		
12535   			11.31   		   		
12541   			11.66   		   		
12546   			10.91   		   		
12552   			10.80   		   		
12558   			10.63   		   		
12563   			10.93   		   		
12569   			10.65   		   		
12575   			10.36   		   		
12581   			10.02   		   		
12586   			10.42   		   		
12592   			10.50   		   		
12598   			11.13   		   		
12604   			11.13   		   		
12609   			10.44   		   		
12615   			10.27   		   		
12621   			10.30   		   		
12626   			10.53   		   		
12632   			10.48   		   		
12638   			10.76   		   		
12644   			10.88   		   		
12649   			10.53   		   		
12655   			10.42   		   		
12661   			10.48   		   		
12667   			10.08   		   		
12672   			10.70   		   		
12678   			11.56   		   		
12684   			11.73   		   		
12689   			11.11   		   		
12695   			11.39   		   		
12701   			11.22   		   		
12707   			11.37   		   		
12712   			11.37   		   		
12718   			11.14   		   		
12724   			11.08   		   		
12730   			11.31   		   		
12735   			11.20   		   		
12741   			11.54   		   		
12747   			12.06   		   		
12752   			11.83   		   		
12758   			11.48   		   		
12764   			10.91   		   		
12770   			11.94   		   		
12775   			11.94   		   		
12781   			12.34   		   		
12787   			10.40   		   		
12792   			12.26   		   		
12798   			11.69   		   		
12804   			12.21   		   		
12810   			11.69   		   		
12815   			12.55   		   		
12821   			12.06   		   		
12827   			12.11   		   		
12833   			12.29   		   		
12838   			11.66   		   		
12844   			12.34   		   		
12850   			9.83   		   		
12855   			11.37   		   		
12861   			11.94   		   		
12867   			11.83   		   		
12873   			11.48   		   		
12878   			11.18   		   		
12884   			11.24   		   		
12890   			11.07   		   		
12896   			10.78   		   		
12901   			11.01   		   		
12907   			11.51   		   		
12913   			12.31   		   		
12918   			11.05   		   		
12924   			10.08   		   		
12930   			12.42   		   		
12936   			10.99   		   		
12941   			11.51   		   		
12947   			10.65   		   		
12953   			10.93   		   		
12959   			11.91   		   		
12964   			11.39   		   		
12970   			11.45   		   		
12976   			11.28   		   		
12981   			11.96   		   		
12987   			12.08   		   		
12993   			11.33   		   		
12999   			11.05   		   		
13004   			10.30   		   		
13010   			10.30   		   		
13016   			10.59   		   		
13022   			11.33   		   		
13027   			10.59   		   		
13033   			10.36   		   		
13039   			11.11   		   		
13044   			11.11   		   		
13050   			11.05   		   		
13056   			11.51   		   		
13062   			11.68   		   		
13067   			12.36   		   		
13073   			11.51   		   		
13079   			10.63   		   		
13085   			12.06   		   		
13090   			12.40   		   		
13096   			11.89   		   		
13102   			11.83   		   		
13107   			12.02   		   		
13113   			11.33   		   		
13119   			11.73   		   		
13125   			11.33   		   		
13130   			11.51   		   		
13136   			11.66   		   		
13142   			12.06   		   		
13148   			11.43   		   		
13153   			11.14   		   		
13159   			11.83   		   		
13165   			10.99   		   		
13170   			11.45   		   		
13176   			11.96   		   		
13182   			11.56   		   		
13188   			11.62   		   		
13193   			11.08   		   		
13199   			11.26   		   		
13205   			11.14   		   		
13211   			11.43   		   		
13216   			11.71   		   		
13222   			12.13   		   		
13228   			12.36   		   		
13233   			11.68   		   		
13239   			12.53   		   		
13245   			11.96   		   		
13251   			11.85   		   		
13256   			11.39   		   		
13262   			11.33   		   		
13268   			11.85   		   		
13274   			10.65   		   		
13279   			11.54   		   		
13285   			11.14   		   		
13291   			11.20   		   		
13296   			11.20   		   		
13302   			10.86   		   		
13308   			12.09   		   		
13314   			11.58   		   		
13319   			11.41   		   		
13325   			11.12   		   		
13331   			10.95   		   		
13336   			10.51   		   		
13342   			11.14   		   		
13348   			11.20   		   		
13354   			11.08   		   		
13359   			10.63   		   		
13365   			10.48   		   		
13371   			12.02   		   		
13377   			11.11   		   		
13382   			10.02   		   		
13388   			11.16   		   		
13394   			9.50   		   		
13399   			12.19   		   		
13405   			11.16   		   		
13411   			11.05   		   		
13417   			11.11   		   		
13422   			11.20   		   		
13428   			12.29   		   		
13434   			12.40   		   		
13440   			11.94   		   		
13445   			11.66   		   		
13451   			11.53   		   		
13457   			11.98   		   		
13462   			11.58   		   		
13468   			11.76   		   		
13474   			11.47   		   		
13480   			11.58   		   		
13485   			11.58   		   		
13491   			12.55   		   		
13497   			11.92   		   		
13503   			11.98   		   		
13508   			11.11   		   		
13514   			10.02   		   		
13520   			11.22   		   		
13525   			11.45   		   		
13531   			11.33   		   		
13537   			11.33   		   		
13543   			10.88   		   		
13548   			11.11   		   		
13554   			10.99   		   		
13560   			12.25   		   		
13566   			12.34   		   		
13571   			11.20   		   		
13577   			11.20   		   		
13583   			11.66   		   		
13588   			12.17   		   		
13594   			11.62   		   		
13600   			11.73   		   		
13606   			11.33   		   		
13611   			11.28   		   		
13617   			11.56   		   		
13623   			12.36   		   		
13629   			11.91   		   		
13634   			11.79   		   		
13640   			11.28   		   		
13646   			11.91   		   		
13651   			11.89   		   		
13657   			11.71   		   		
13663   			12.11   		   		
13669   			11.14   		   		
13674   			12.29   		   		
13680   			11.22   		   		
13686   			11.16   		   		
13692   			11.33   		   		
13697   			11.22   		   		
13703   			11.51   		   		
13709   			11.16   		   		
13714   			11.11   		   		
13720   			11.45   		   		
13726   			11.28   		   		
13732   			11.28   		   		
13737   			10.93   		   		
13743   			12.13   		   		
13749   			9.33   		   		
13754   			10.99   		   		
13760   			11.33   		   		
13766   			11.05   		   		
13772   			11.62   		   		
13777   			12.08   		   		
13783   			11.45   		   		
13789   			11.73   		   		
13795   			11.62   		   		
13800   			11.51   		   		
13806   			11.28   		   		
13812   			10.36   		   		
13817   			11.56   		   		
13823   			11.60   		   		
13829   			11.83   		   		
13835   			10.86   		   		
13840   			11.71   		   		
13846   			11.37   		   		
13852   			11.85   		   		
13858   			12.59   		   		
13863   			12.25   		   		
13869   			12.48   		   		
13875   			12.65   		   		
13880   			12.15   		   		
13886   			12.38   		   		
13892   			11.46   		   		
13898   			11.86   		   		
13903   			12.15   		   		
13909   			10.99   		   		
13915   			11.56   		   		
13921   			12.02   		   		
13926   			12.99   		   		
13932   			12.19   		   		
13938   			9.88   		   		
13943   			12.34   		   		
13949   			12.17   		   		
13955   			11.89   		   		
13961   			11.83   		   		
13966   			12.71   		   		
13972   			12.42   		   		
13978   			12.99   		   		
13984   			12.48   		   		
13989   			12.82   		   		
13995   			11.54   		   		
14001   			12.00   		   		
14006   			12.00   		   		
14012   			11.83   		   		
14018   			12.74   		   		
14024   			12.23   		   		
14029   			12.23   		   		
14035   			12.17   		   		
14041   			11.94   		   		
14047   			11.60   		   		
14052   			12.23   		   		
14058   			12.06   		   		
14064   			11.71   		   		
14069   			11.77   		   		
14075   			12.06   		   		
14081   			11.70   		   		
14087   			11.98   		   		
14092   			12.04   		   		
14098   			11.70   		   		
14104   			11.36   		   		
14110   			10.78   		   		
14115   			11.01   		   		
14121   			11.29   		   		
14127   			11.41   		   		
14132   			11.92   		   		
14138   			12.25   		   		
14144   			11.73   		   		
14150   			12.31   		   		
14155   			11.85   		   		
14161   			12.25   		   		
14167   			12.71   		   		
14173   			12.08   		   		
14178   			12.25   		   		
14184   			12.02   		   		
14190   			12.02   		   		
14195   			12.29   		   		
14201   			12.29   		   		
14207   			12.17   		   		
14213   			11.26   		   		
14218   			10.91   		   		
14224   			11.66   		   		
14230   			12.17   		   		
14236   			11.14   		   		
14241   			11.60   		   		
14247   			10.80   		   		
14253   			10.34   		   		
14258   			11.48   		   		
14264   			11.37   		   		
14270   			10.86   		   		
14276   			10.86   		   		
14281   			11.36   		   		
14287   			11.24   		   		
14293   			11.36   		   		
14299   			10.38   		   		
14304   			10.67   		   		
14310   			10.57   		   		
14316   			10.97   		   		
14321   			11.66   		   		
14327   			11.08   		   		
14333   			11.37   		   		
14339   			10.97   		   		
14344   			10.91   		   		
14350   			11.20   		   		
14356   			9.88   		   		
14361   			10.80   		   		
14367   			10.43   		   		
14373   			10.83   		   		
14379   			10.61   		   		
14384   			10.38   		   		
14390   			10.95   		   		
14396   			11.03   		   		
14402   			10.80   		   		
14407   			11.31   		   		
14413   			10.51   		   		
14419   			9.71   		   		
14424   			11.75   		   		
14430   			11.98   		   		
14436   			11.58   		   		
14442   			10.61   		   		
14447   			10.89   		   		
14453   			11.13   		   		
14459   			11.36   		   		
14465   			11.07   		   		
14470   			10.73   		   		
14476   			11.07   		   		
14482   			11.08   		   		
14487   			11.37   		   		
14493   			11.48   		   		
14499   			11.71   		   		
14505   			10.45   		   		
14510   			11.46   		   		
14516   			11.29   		   		
14522   			11.69   		   		
14528   			11.69   		   		
14533   			11.46   		   		
14539   			11.16   		   		
14545   			10.25   		   		
14550   			10.70   		   		
14556   			10.82   		   		
14562   			11.11   		   		
14568   			11.08   		   		
14573   			10.74   		   		
14579   			10.74   		   		
14585   			10.63   		   		
14591   			11.31   		   		
14596   			10.51   		   		
14602   			11.31   		   		
14608   			11.08   		   		
14613   			11.26   		   		
14619   			11.43   		   		
14625   			10.76   		   		
14631   			11.73   		   		
14636   			11.05   		   		
14642   			11.45   		   		
14648   			11.73   		   		
14654   			11.56   		   		
14659   			10.82   		   		
14665   			11.05   		   		
14671   			11.22   		   		
14676   			11.56   		   		
14682   			11.31   		   		
14688   			11.37   		   		
14694   			11.26   		   		
14699   			11.43   		   		
14705   			11.60   		   		
14711   			11.22   		   		
14717   			11.51   		   		
14722   			12.59   		   		
14728   			12.65   		   		
14734   			12.19   		   		
14739   			11.43   		   		
14745   			11.83   		   		
14751   			11.83   		   		
14757   			11.77   		   		
14762   			12.80   		   		
14768   			11.98   		   		
14774   			12.56   		   		
14780   			11.47   		   		
14785   			11.30   		   		
14791   			11.93   		   		
14797   			11.62   		   		
14802   			12.42   		   		
14808   			12.53   		   		
14814   			11.56   		   		
14820   			12.13   		   		
14825   			11.68   		   		
14831   			11.96   		   		
14837   			10.19   		   		
14842   			12.25   		   		
14848   			11.73   		   		
14854   			11.51   		   		
14860   			11.79   		   		
14865   			11.39   		   		
14871   			10.82   		   		
14877   			10.65   		   		
14883   			11.41   		   		
14888   			11.36   		   		
14894   			10.95   		   		
14900   			9.47   		   		
14905   			11.58   		   		
14911   			11.11   		   		
14917   			10.70   		   		
14923   			11.05   		   		
14928   			11.79   		   		
14934   			12.13   		   		
14940   			11.06   		   		
14946   			10.95   		   		
14951   			10.38   		   		
14957   			10.95   		   		
14963   			10.83   		   		
14968   			10.28   		   		
14974   			10.11   		   		
14980   			11.08   		   		
14986   			10.05   		   		
14991   			10.97   		   		
14997   			11.56   		   		
15003   			10.59   		   		
15009   			10.70   		   		
15014   			10.65   		   		
15020   			10.36   		   		
15026   			10.40   		   		
15031   			10.68   		   		
15037   			10.40   		   		
15043   			10.51   		   		
15049   			10.40   		   		
15054   			10.28   		   		
15060   			10.51   		   		
15066   			11.31   		   		
15072   			10.97   		   		
15077   			11.14   		   		
15083   			11.11   		   		
15089   			10.99   		   		
15094   			10.59   		   		
15100   			10.42   		   		
15106   			11.16   		   		
15112   			10.93   		   		
15117   			11.56   		   		
15123   			11.56   		   		
15129   			10.82   		   		
15135   			11.33   		   		
15140   			11.41   		   		
15146   			11.13   		   		
15152   			11.76   		   		
15157   			11.81   		   		
15163   			11.93   		   		
15169   			11.22   		   		
15175   			10.99   		   		
15180   			11.05   		   		
15186   			11.45   		   		
15192   			11.62   		   		
15198   			10.23   		   		
15203   			11.26   		   		
15209   			12.34   		   		
15215   			11.71   		   		
15220   			11.77   		   		
15226   			11.16   		   		
15232   			11.62   		   		
15238   			11.16   		   		
15243   			10.99   		   		
15249   			12.08   		   		
15255   			11.37   		   		
15261   			11.60   		   		
15266   			11.60   		   		
15272   			12.06   		   		
15278   			12.29   		   		
15283   			11.48   		   		
15289   			11.37   		   		
15295   			11.43   		   		
15301   			11.03   		   		
15306   			10.86   		   		
15312   			11.31   		   		
15318   			9.83   		   		
15323   			10.45   		   		
15329   			11.08   		   		
15335   			11.37   		   		
15341   			11.93   		   		
15346   			10.95   		   		
15352   			12.38   		   		
15358   			12.56   		   		
15364   			12.04   		   		
15369   			11.77   		   		
15375   			11.94   		   		
15381   			10.45   		   		
15386   			12.40   		   		
15392   			12.29   		   		
15398   			11.56   		   		
15404   			12.19   		   		
15409   			11.85   		   		
15415   			11.91   		   		
15421   			12.31   		   		
15427   			10.61   		   		
15432   			11.46   		   		
15438   			11.46   		   		
15444   			10.09   		   		
15449   			11.18   		   		
15455   			11.41   		   		
15461   			11.58   		   		
15467   			11.53   		   		
15472   			10.78   		   		
15478   			11.36   		   		
15484   			11.91   		   		
15490   			12.36   		   		
15495   			11.79   		   		
15501   			11.68   		   		
15507   			9.90   		   		
15512   			12.34   		   		
15518   			12.23   		   		
15524   			12.51   		   		
15530   			12.68   		   		
15535   			12.40   		   		
15541   			12.19   		   		
15547   			12.02   		   		
15553   			12.13   		   		
15558   			11.96   		   		
15564   			12.25   		   		
15570   			11.94   		   		
15575   			11.77   		   		
15581   			11.66   		   		
15587   			11.31   		   		
15593   			11.71   		   		
15598   			11.66   		   		
15604   			11.77   		   		
15610   			11.89   		   		
15616   			11.31   		   		
15621   			11.20   		   		
15627   			11.31   		   		
15633   			11.54   		   		
15638   			11.31   		   		
15644   			11.71   		   		
15650   			11.26   		   		
15656   			11.62   		   		
15661   			11.79   		   		
15667   			11.33   		   		
15673   			11.62   		   		
15679   			11.22   		   		
15684   			11.45   		   		
15690   			11.28   		   		
15696   			11.33   		   		
15701   			11.16   		   		
15707   			10.59   		   		
15713   			10.86   		   		
15719   			11.03   		   		
15724   			10.51   		   		
15730   			10.51   		   		
15736   			10.97   		   		
15742   			11.22   		   		
15747   			11.79   		   		
15753   			12.19   		   		
15759   			11.16   		   		
15764   			10.59   		   		
15770   			11.14   		   		
15776   			11.08   		   		
15782   			11.08   		   		
15787   			11.03   		   		
15793   			11.20   		   		
15799   			11.73   		   		
15805   			11.39   		   		
15810   			10.59   		   		
15816   			10.42   		   		
15822   			9.90   		   		
15827   			10.97   		   		
15833   			9.77   		   		
15839   			10.51   		   		
15845   			10.28   		   		
15850   			11.03   		   		
15856   			10.67   		   		
15862   			10.73   		   		
15868   			10.21   		   		
15873   			11.13   		   		
15879   			11.13   		   		
15885   			11.07   		   		
15890   			11.30   		   		
15896   			11.41   		   		
15902   			11.98   		   		
15908   			11.58   		   		
15913   			11.37   		   		
15919   			11.66   		   		
15925   			11.83   		   		
15931   			12.29   		   		
15936   			11.54   		   		
15942   			11.28   		   		
15948   			12.42   		   		
15953   			12.02   		   		
15959   			11.51   		   		
15965   			12.08   		   		
15971   			11.20   		   		
15976   			11.77   		   		
15982   			11.43   		   		
15988   			10.28   		   		
15993   			11.26   		   		
15999   			11.51   		   		
16005   			11.22   		   		
16011   			10.53   		   		
16016   			10.93   		   		
16022   			11.68   		   		
16028   			11.33   		   		
16034   			11.56   		   		
16039   			11.45   		   		
16045   			11.68   		   		
16051   			11.45   		   		
16056   			12.82   		   		
16062   			11.96   		   		
16068   			11.39   		   		
16074   			11.45   		   		
16079   			12.48   		   		
16085   			12.38   		   		
16091   			12.16   		   		
16097   			12.27   		   		
16102   			11.98   		   		
16108   			12.04   		   		
16114   			11.66   		   		
16119   			12.00   		   		
16125   			11.89   		   		
16131   			11.20   		   		
16137   			11.31   		   		
16142   			11.94   		   		
16148   			11.43   		   		
16154   			11.43   		   		
16160   			10.80   		   		
16165   			11.83   		   		
16171   			11.43   		   		
16177   			11.26   		   		
16182   			11.54   		   		
16188   			11.14   		   		
16194   			10.63   		   		
16200   			10.44   		   		
16205   			10.73   		   		
16211   			11.13   		   		
16217   			11.07   		   		
16223   			10.84   		   		
16228   			10.53   		   		
16234   			10.59   		   		
16240   			10.42   		   		
16245   			10.42   		   		
16251   			10.70   		   		
16257   			10.15   		   		
16263   			10.27   		   		
16268   			10.33   		   		
16274   			10.55   		   		
16280   			10.33   		   		
16286   			11.05   		   		
16291   			10.88   		   		
16297   			10.76   		   		
16303   			10.48   		   		
16308   			10.02   		   		
16314   			10.65   		   		
16320   			9.96   		   		
16326   			10.36   		   		
16331   			10.99   		   		
16337   			10.59   		   		
16343   			9.96   		   		
16349   			9.67   		   		
16354   			11.16   		   		
16360   			10.70   		   		
16366   			10.99   		   		
16371   			10.23   		   		
16377   			11.31   		   		
16383   			11.26   		   		
16389   			11.03   		   		
16394   			10.97   		   		
16400   			11.08   		   		
16406   			10.68   		   		
16411   			10.40   		   		
16417   			10.97   		   		
16423   			11.31   		   		
16429   			11.24   		   		
16434   			9.98   		   		
16440   			10.84   		   		
16446   			11.13   		   		
16452   			11.93   		   		
16457   			10.89   		   		
16463   			10.66   		   		
16469   			9.35   		   		
16474   			10.89   		   		
16480   			10.38   		   		
16486   			11.26   		   		
16492   			11.54   		   		
16497   			10.97   		   		
16503   			10.91   		   		
16509   			10.28   		   		
16515   			10.59   		   		
16520   			10.65   		   		
16526   			11.51   		   		
16532   			11.28   		   		
16537   			12.53   		   		
16543   			11.39   		   		
16549   			11.28   		   		
16555   			10.88   		   		
16560   			11.51   		   		
16566   			11.96   		   		
16572   			10.49   		   		
16578   			10.03   		   		
16583   			10.20   		   		
16589   			11.29   		   		
16595   			10.66   		   		
16600   			12.17   		   		
16606   			10.68   		   		
16612   			10.68   		   		
16618   			10.63   		   		
16623   			11.66   		   		
16629   			10.42   		   		
16635   			10.08   		   		
16641   			9.90   		   		
16646   			10.13   		   		
16652   			10.70   		   		
16658   			10.84   		   		
16663   			10.33   		   		
16669   			10.78   		   		
16675   			9.92   		   		
16681   			11.13   		   		
16686   			11.41   		   		
16692   			10.38   		   		
16698   			10.32   		   		
16704   			10.43   		   		
16709   			10.49   		   		
16715   			10.91   		   		
16721   			10.28   		   		
16726   			11.14   		   		
16732   			10.63   		   		
16738   			11.03   		   		
16744   			10.45   		   		
16749   			11.26   		   		
16755   			10.74   		   		
16761   			11.03   		   		
16767   			11.71   		   		
16772   			11.92   		   		
16778   			11.12   		   		
16784   			11.58   		   		
16789   			11.24   		   		
16795   			12.38   		   		
16801   			11.60   		   		
16807   			11.43   		   		
16812   			11.08   		   		
16818   			12.00   		   		
16824   			10.97   		   		
16830   			11.91   		   		
16835   			10.53   		   		
16841   			10.48   		   		
16847   			10.76   		   		
16852   			11.28   		   		
16858   			10.80   		   		
16864   			10.51   		   		
16870   			10.51   		   		
16875   			9.83   		   		
16881   			9.25   		   		
16887   			10.51   		   		
16893   			11.08   		   		
16898   			9.88   		   		
16904   			10.00   		   		
16910   			9.94   		   		
16915   			9.46   		   		
16921   			9.40   		   		
16927   			9.17   		   		
16933   			9.00   		   		
16938   			8.03   		   		
16944   			8.87   		   		
16950   			7.44   		   		
16955   			8.93   		   		
16961   			8.41   		   		
16967   			8.53   		   		
16973   			8.47   		   		
16978   			8.36   		   		
16984   			7.38   		   		
16990   			7.72   		   		
16996   			7.95   		   		
17001   			7.15   		   		
17007   			6.92   		   		
17013   			4.96   		   		
17019   			7.26   		   		
17024   			7.38   		   		
17030   			7.70   		   		
17036   			7.07   		   		
17041   			7.47   		   		
17047   			7.24   		   		
17053   			7.01   		   		
17059   			7.11   		   		
17064   			7.34   		   		
17070   			6.19   		   		
17076   			5.04   		   		
17081   			6.88   		   		
17087   			6.63   		   		
17093   			7.61   		   		
17099   			6.86   		   		
17104   			7.21   		   		
17110   			7.32   		   		
17116   			6.27   		   		
17122   			6.15   		   		
17127   			7.36   		   		
17133   			6.78   		   		
17139   			4.25   		   		
17144   			5.81   		   		
17150   			6.09   		   		
17156   			5.98   		   		
17162   			6.44   		   		
17167   			5.46   		   		
17173   			5.71   		   		
17179   			5.60   		   		
17185   			6.46   		   		
17190   			6.00   		   		
17196   			6.40   		   		
17202   			4.73   		   		
17207   			6.29   		   		
17213   			6.11   		   		
17219   			5.60   		   		
17225   			5.14   		   		
17230   			5.35   		   		
17236   			5.23   		   		
17242   			5.69   		   		
17248   			5.17   		   		
17253   			5.69   		   		
17259   			5.42   		   		
17265   			3.12   		   		
17270   			4.62   		   		
17276   			5.19   		   		
17282   			5.14   		   		
17288   			5.06   		   		
17293   			5.69   		   		
17299   			5.86   		   		
17305   			5.52   		   		
17311   			4.19   		   		
17316   			4.21   		   		
17322   			4.62   		   		
17328   			2.71   		   		
17333   			4.96   		   		
17339   			4.27   		   		
17345   			4.37   		   		
17351   			4.08   		   		
17356   			4.02   		   		
17362   			4.14   		   		
17368   			3.27   		   		
17374   			4.68   		   		
17379   			4.62   		   		
17385   			3.58   		   		
17391   			2.37   		   		
17396   			4.27   		   		
17402   			4.85   		   		
17408   			3.87   		   		
17414   			3.98   		   		
17419   			4.96   		   		
17425   			3.93   		   		
17431   			3.79   		   		
17437   			3.96   		   		
17442   			3.50   		   		
17448   			3.50   		   		
17454   			2.17   		   		
17459   			3.23   		   		
17465   			3.23   		   		
17471   			3.81   		   		
17477   			2.83   		   		
17482   			3.12   		   		
17488   			3.18   		   		
17494   			3.70   		   		
17500   			4.04   		   		
17505   			3.58   		   		
17511   			3.70   		   		
17517   			3.19   		   		
17522   			3.54   		   		
17528   			2.50   		   		
17534   			3.42   		   		
17540   			3.65   		   		
17545   			4.16   		   		
17551   			3.35   		   		
17557   			2.95   		   		
17563   			3.46   		   		
17568   			2.66   		   		
17574   			3.12   		   		
17580   			2.25   		   		
17585   			2.71   		   		
17591   			2.66   		   		
17597   			2.77   		   		
17603   			3.18   		   		
17608   			3.06   		   		
17614   			3.35   		   		
17620   			2.89   		   		
17626   			2.37   		   		
17631   			2.50   		   		
17637   			2.16   		   		
17643   			2.50   		   		
17648   			2.56   		   		
17654   			2.27   		   		
17660   			1.34   		   		
17666   			1.75   		   		
17671   			2.21   		   		
17677   			1.57   		   		
17683   			2.44   		   		
17689   			2.48   		   		
17694   			1.91   		   		
17700   			1.21   		   		
17706   			1.67   		   		
17711   			1.85   		   		
17717   			1.13   		   		
17723   			1.13   		   		
17729   			2.35   		   		
17734   			1.60   		   		
17740   			1.36   		   		
17746   			2.25   		   		
17751   			2.14   		   		
17757   			2.02   		   		
17763   			2.14   		   		
17769   			1.73   		   		
17774   			1.67   		   		
17780   			2.19   		   		
17786   			0.92   		   		
17792   			1.44   		   		
17797   			1.27   		   		
17803   			1.13   		   		
17809   			1.60   		   		
17814   			0.90   		   		
17820   			1.31   		   		
17826   			0.79   		   		
17832   			1.79   		   		
17837   			1.91   		   		
17843   			0.92   		   		
17849   			1.33   		   		
17855   			0.58   		   		
17860   			0.96   		   		
17866   			0.67   		   		
17872   			0.55   		   		
17877   			0.38   		   		
17883   			0.84   		   		
17889   			0.98   		   		
17895   			2.43   		   		
17900   			2.02   		   		
17906   			1.04   		   		
17912   			1.27   		   		
17918   			0.42   		   		
17923   			0.36   		   		
17929   			0.54   		   		
17935   			-0.45   		   		
17940   			0.83   		   		
17946   			0.98   		   		
17952   			1.10   		   		
17958   			0.17   		   		
17963   			1.56   		   		
17969   			0.46   		   		
17975   			-0.26   		   		
17981   			0.03   		   		
17986   			0.73   		   		
17992   			-0.20   		   		
17998   			0.96   		   		
18003   			-0.14   		   		
18009   			0.15   		   		
18015   			0.67   		   		
18021   			0.32   		   		
18026   			0.50   		   		
18032   			0.25   		   		
18038   			1.06   		   		
18044   			0.65   		   		
18049   			1.23   		   		
18055   			1.70   		   		
18061   			1.21   		   		
18066   			0.81   		   		
18072   			0.63   		   		
18078   			0.69   		   		
18084   			0.46   		   		
18089   			0.50   		   		
18095   			0.09   		   		
18101   			0.03   		   		
18107   			0.38   		   		
18112   			-0.20   		   		
18118   			0.15   		   		
18124   			0.67   		   		
18129   			-0.26   		   		
18135   			0.15   		   		
18141   			-0.49   		   		
18147   			0.23   		   		
18152   			0.40   		   		
18158   			-0.18   		   		
18164   			0.34   		   		
18170   			0.17   		   		
18175   			0.19   		   		
18181   			0.76   		   		
18187   			-0.39   		   		
18192   			-0.28   		   		
18198   			0.36   		   		
18204   			0.02   		   		
18210   			-0.74   		   		
18215   			0.08   		   		
18221   			-0.04   		   		
18227   			0.19   		   		
18233   			-0.05   		   		
18238   			0.48   		   		
18244   			-0.39   		   		
18250   			-0.51   		   		
18255   			-0.51   		   		
18261   			-0.35   		   		
18267   			0.23   		   		
18273   			1.15   		   		
18278   			-0.29   		   		
18284   			-0.47   		   		
18290   			-0.95   		   		
18295   			0.67   		   		
18301   			-0.14   		   		
18307   			-0.02   		   		
18313   			-0.84   		   		
18318   			0.61   		   		
18324   			-0.02   		   		
18330   			0.26   		   		
18336   			-0.14   		   		
18341   			-0.43   		   		
18347   			0.38   		   		
18353   			-1.07   		   		
18358   			0.55   		   		
18364   			0.50   		   		
18370   			0.79   		   		
18376   			-0.12   		   		
18381   			0.29   		   		
18387   			-0.12   		   		
18393   			-0.12   		   		
18399   			-0.41   		   		
18404   			-0.02   		   		
18410   			1.54   		   		
18416   			-1.87   		   		
18421   			-0.02   		   		
18427   			0.39   		   		
18433   			-1.07   		   		
18439   			0.26   		   		
18444   			0.84   		   		
18450   			-0.31   		   		
18456   			0.03   		   		
18462   			-0.02   		   		
18467   			0.67   		   		
18473   			0.38   		   		
18479   			0.38   		   		
18484   			-0.43   		   		
18490   			-0.20   		   		
18496   			-0.02   		   		
18502   			0.38   		   		
18507   			-0.66   		   		
18513   			0.26   		   		
18519   			0.55   		   		
18525   			0.50   		   		
18530   			0.26   		   		
18536   			0.21   		   		
18542   			0.21   		   		
18547   			0.54   		   		
18553   			0.02   		   		
18559   			-0.04   		   		
18565   			-0.68   		   		
18570   			-0.27   		   		
18576   			0.05   		   		
18582   			-0.41   		   		
18588   			0.11   		   		
18593   			-0.12   		   		
18599   			0.75   		   		
18605   			0.32   		   		
18610   			-0.02   		   		
18616   			-0.66   		   		
18622   			-0.55   		   		
18628   			-0.20   		   		
18633   			0.48   		   		
18639   			0.30   		   		
18645   			0.53   		   		
18651   			0.65   		   		
18656   			-0.05   		   		
18662   			-0.18   		   		
18668   			0.40   		   		
18673   			0.34   		   		
18679   			1.10   		   		
18685   			1.21   		   		
18691   			0.11   		   		
18696   			-0.18   		   		
18702   			0.34   		   		
18708   			0.40   		   		
18714   			0.81   		   		
18719   			0.81   		   		
18725   			0.11   		   		
18731   			0.00   		   		
18736   			0.17   		   		
18742   			0.63   		   		
18748   			0.00   		   		
18754   			-0.64   		   		
18759   			-0.18   		   		
18765   			0.52   		   		
18771   			0.40   		   		
18777   			0.15   		   		
18782   			0.32   		   		
18788   			0.50   		   		
18794   			0.21   		   		
18799   			1.19   		   		
18805   			0.11   		   		
18811   			-0.12   		   		
18817   			0.17   		   		
18822   			0.81   		   		
18828   			-0.24   		   		
18834   			-0.43   		   		
18840   			-0.78   		   		
18845   			0.03   		   		
18851   			0.32   		   		
18857   			0.38   		   		
18862   			0.55   		   		
18868   			1.08   		   		
18874   			0.03   		   		
18880   			1.02   		   		
18885   			0.50   		   		
18891   			0.55   		   		
18897   			0.61   		   		
18903   			0.79   		   		
18908   			0.73   		   		
18914   			1.48   		   		
18920   			0.81   		   		
18925   			0.63   		   		
18931   			0.46   		   		
18937   			0.92   		   		
18943   			1.10   		   		
18948   			1.15   		   		
18954   			1.15   		   		
18960   			1.39   		   		
18966   			0.69   		   		
18971   			-0.06   		   		
18977   			0.46   		   		
18983   			0.17   		   		
18988   			1.15   		   		
18994   			0.69   		   		
19000   			1.39   		   		
19006   			1.10   		   		
19011   			0.81   		   		
19017   			0.63   		   		
19023   			0.92   		   		
19029   			0.92   		   		
19034   			1.33   		   		
19040   			0.34   		   		
19046   			0.11   		   		
19051   			1.10   		   		
19057   			1.04   		   		
19063   			0.61   		   		
19069   			1.13   		   		
19074   			1.19   		   		
19080   			1.36   		   		
19086   			0.90   		   		
19092   			1.40   		   		
19097   			0.53   		   		
19103   			0.53   		   		
19109   			0.19   		   		
19114   			-0.16   		   		
19120   			1.04   		   		
19126   			1.27   		   		
19132   			0.92   		   		
19137   			0.58   		   		
19143   			1.04   		   		
19149   			1.19   		   		
19154   			1.65   		   		
19160   			1.60   		   		
19166   			0.79   		   		
19172   			0.67   		   		
19177   			0.55   		   		
19183   			0.50   		   		
19189   			1.25   		   		
19195   			1.25   		   		
19200   			0.38   		   		
19206   			0.17   		   		
19212   			-1.16   		   		
19217   			0.46   		   		
19223   			0.75   		   		
19229   			0.46   		   		
19235   			0.03   		   		
19240   			-0.08   		   		
19246   			-0.26   		   		
19252   			0.03   		   		
19258   			-0.31   		   		
19263   			0.23   		   		
19269   			0.34   		   		
19275   			-1.86   		   		
19280   			0.40   		   		
19286   			-1.34   		   		
19292   			-0.24   		   		
19298   			-0.41   		   		
19303   			-0.18   		   		
19309   			-0.06   		   		
19315   			-0.06   		   		
19321   			0.50   		   		
19326   			-0.14   		   		
19332   			-0.31   		   		
19338   			-1.07   		   		
19343   			0.50   		   		
19349   			0.11   		   		
19355   			0.05   		   		
19361   			0.58   		   		
19366   			1.27   		   		
19372   			0.23   		   		
19378   			-0.47   		   		
19384   			0.81   		   		
19389   			1.15   		   		
19395   			0.92   		   		
19401   			0.86   		   		
19406   			0.98   		   		
19412   			1.04   		   		
19418   			0.46   		   		
19424   			0.63   		   		
19429   			-0.06   		   		
19435   			1.15   		   		
19441   			0.29   		   		
19447   			0.23   		   		
19452   			0.23   		   		
19458   			0.46   		   		
19464   			-0.18   		   		
19469   			0.52   		   		
19475   			0.11   		   		
19481   			-0.47   		   		
19487   			-0.29   		   		
19492   			-0.66   		   		
19498   			0.79   		   		
19504   			1.13   		   		
19510   			0.79   		   		
19515   			0.67   		   		
19521   			-0.49   		   		
19527   			-0.60   		   		
19532   			-0.60   		   		
19538   			0.15   		   		
19544   			-0.31   		   		
19550   			-0.12   		   		
19555   			-0.24   		   		
19561   			0.17   		   		
19567   			0.58   		   		
19573   			0.40   		   		
19578   			0.40   		   		
19584   			1.04   		   		
19590   			-0.18   		   		
19595   			0.29   		   		
19601   			0.98   		   		
19607   			1.19   		   		
19613   			0.15   		   		
19618   			0.73   		   		
19624   			1.25   		   		
19630   			1.31   		   		
19636   			1.31   		   		
19641   			2.12   		   		
19647   			1.02   		   		
19653   			1.31   		   		
19658   			1.08   		   		
19664   			1.50   		   		
19670   			1.50   		   		
19676   			1.27   		   		
19681   			0.46   		   		
19687   			1.10   		   		
19693   			1.08   		   		
19699   			0.26   		   		
19704   			1.08   		   		
19710   			1.54   		   		
19716   			0.79   		   		
19721   			0.24   		   		
19727   			1.34   		   		
19733   			1.17   		   		
19739   			0.13   		   		
19744   			-0.80   		   		
19750   			-0.29   		   		
19756   			-0.64   		   		
19762   			0.23   		   		
19767   			-0.12   		   		
19773   			0.17   		   		
19779   			0.15   		   		
19784   			0.73   		   		
19790   			1.08   		   		
19796   			0.32   		   		
19802   			0.50   		   		
19807   			1.04   		   		
19813   			0.00   		   		
19819   			-0.24   		   		
19825   			-0.12   		   		
19830   			-0.12   		   		
19836   			0.36   		   		
19842   			0.54   		   		
19847   			0.71   		   		
19853   			-0.16   		   		
19859   			-0.27   		   		
19865   			0.23   		   		
19870   			0.00   		   		
19876   			-0.41   		   		
19882   			0.23   		   		
19888   			0.92   		   		
19893   			1.36   		   		
19899   			1.02   		   		
19905   			0.50   		   		
19910   			-0.43   		   		
19916   			0.44   		   		
19922   			-0.29   		   		
19928   			0.29   		   		
19933   			0.23   		   		
19939   			1.15   		   		
19945   			0.00   		   		
19951   			-0.87   		   		
19956   			0.52   		   		
19962   			-0.12   		   		
19968   			0.40   		   		
19973   			-0.18   		   		
19979   			0.58   		   		
19985   			0.69   		   		
19991   			0.29   		   		
19996   			0.11   		   		
20002   			-0.06   		   		
20008   			0.00   		   		
20014   			0.34   		   		
20019   			0.69   		   		
20025   			0.75   		   		
20031   			1.39   		   		
20036   			1.08   		   		
20042   			0.96   		   		
20048   			1.02   		   		
20054   			0.96   		   		
20059   			0.79   		   		
20065   			0.90   		   		
20071   			1.13   		   		
20077   			1.02   		   		
20082   			0.90   		   		
20088   			0.21   		   		
20094   			0.38   		   		
20099   			-0.60   		   		
20105   			0.09   		   		
20111   			-0.37   		   		
20117   			0.67   		   		
20122   			0.86   		   		
20128   			0.00   		   		
20134   			0.46   		   		
20139   			0.05   		   		
20145   			0.11   		   		
20151   			0.42   		   		
20157   			0.01   		   		
20162   			-0.45   		   		
20168   			0.36   		   		
20174   			0.53   		   		
20180   			0.79   		   		
20185   			0.90   		   		
20191   			1.31   		   		
20197   			0.26   		   		
20202   			0.84   		   		
20208   			1.67   		   		
20214   			0.40   		   		
20220   			1.44   		   		
20225   			1.10   		   		
20231   			0.52   		   		
20237   			0.79   		   		
20243   			0.09   		   		
20248   			0.38   		   		
20254   			-0.02   		   		
20260   			-1.30   		   		
20265   			0.81   		   		
20271   			0.86   		   		
20277   			0.23   		   		
20283   			-0.47   		   		
20288   			-0.58   		   		
20294   			-0.41   		   		
20300   			-0.47   		   		
20306   			-0.41   		   		
20311   			0.34   		   		
20317   			0.17   		   		
20323   			-1.94   		   		
20328   			0.44   		   		
20334   			1.19   		   		
20340   			0.21   		   		
20346   			-0.14   		   		
20351   			0.15   		   		
20357   			-1.36   		   		
20363   			-0.49   		   		
20369   			-0.31   		   		
20374   			-0.31   		   		
20380   			-0.55   		   		
20386   			-1.13   		   		
20391   			0.38   		   		
20397   			0.44   		   		
20403   			0.79   		   		
20409   			0.03   		   		
20414   			0.38   		   		
20420   			-0.31   		   		
20426   			0.32   		   		
20432   			0.55   		   		
20437   			-0.60   		   		
20443   			0.32   		   		
20449   			-1.30   		   		
20454   			-0.26   		   		
20460   			0.26   		   		
20466   			0.40   		   		
20472   			0.46   		   		
20477   			0.11   		   		
20483   			0.00   		   		
20489   			0.00   		   		
20495   			0.26   		   		
20500   			0.79   		   		
20506   			-0.49   		   		
20512   			-0.08   		   		
20517   			0.26   		   		
20523   			0.46   		   		
20529   			0.11   		   		
20535   			0.23   		   		
20540   			0.23   		   		
20546   			0.05   		   		
20552   			0.05   		   		
20558   			0.05   		   		
20563   			-0.76   		   		
20569   			0.40   		   		
20575   			-0.35   		   		
20580   			-0.47   		   		
20586   			-1.22   		   		
20592   			-0.53   		   		
20598   			0.40   		   		
20603   			0.40   		   		
20609   			1.11   		   		
20615   			-0.10   		   		
20621   			0.01   		   		
20626   			0.13   		   		
20632   			0.36   		   		
20638   			0.79   		   		
20643   			0.44   		   		
20649   			0.67   		   		
20655   			0.73   		   		
20661   			0.03   		   		
20666   			0.15   		   		
20672   			0.90   		   		
20678   			1.02   		   		
20684   			-0.08   		   		
20689   			-0.14   		   		
20695   			0.21   		   		
20701   			0.73   		   		
20706   			0.38   		   		
20712   			0.67   		   		
20718   			0.50   		   		
20724   			-0.12   		   		
20729   			-0.06   		   		
20735   			0.00   		   		
20741   			0.17   		   		
20747   			0.46   		   		
20752   			0.73   		   		
20758   			-0.14   		   		
20764   			0.84   		   		
20769   			-0.89   		   		
20775   			-0.26   		   		
20781   			-0.99   		   		
20787   			-0.18   		   		
20792   			-0.06   		   		
20798   			-0.12   		   		
20804   			0.29   		   		
20810   			0.07   		   		
20815   			0.65   		   		
20821   			0.01   		   		
20827   			-0.16   		   		
20832   			-0.45   		   		
20838   			-0.02   		   		
20844   			-0.78   		   		
20850   			-0.66   		   		
20855   			-0.72   		   		
20861   			0.55   		   		
20867   			-0.53   		   		
20873   			0.63   		   		
20878   			-1.05   		   		
20884   			-0.18   		   		
20890   			-0.47   		   		
20895   			0.23   		   		
20901   			0.69   		   		
20907   			-0.35   		   		
20913   			-0.24   		   		
20918   			0.00   		   		
20924   			-1.18   		   		
20930   			0.09   		   		
20936   			-0.49   		   		
20941   			-1.07   		   		
20947   			-1.18   		   		
20953   			-1.24   		   		
20958   			-0.37   		   		
20964   			-0.02   		   		
20970   			-0.55   		   		
20976   			-0.31   		   		
20981   			0.32   		   		
20987   			-0.08   		   		
20993   			0.55   		   		
20999   			0.44   		   		
21004   			-0.20   		   		
21010   			-0.49   		   		
21016   			-0.37   		   		
21021   			-0.55   		   		
21027   			-0.78   		   		
21033   			-0.43   		   		
21039   			-0.95   		   		
21044   			-0.43   		   		
21050   			-1.13   		   		
21056   			-2.69   		   		
21061   			-0.78   		   		
21067   			0.09   		   		
21073   			-0.66   		   		
21079   			-0.60   		   		
21084   			-0.66   		   		
21090   			-0.14   		   		
21096   			-0.66   		   		
21102   			-0.14   		   		
21107   			-0.78   		   		
21113   			0.21   		   		
21119   			-0.49   		   		
21124   			0.26   		   		
21130   			0.21   		   		
21136   			0.67   		   		
21142   			0.03   		   		
21147   			0.79   		   		
21153   			0.46   		   		
21159   			-0.35   		   		
21165   			-0.18   		   		
21170   			-1.28   		   		
21176   			-0.70   		   		
21182   			-2.34   		   		
21187   			-0.49   		   		
21193   			-0.08   		   		
21199   			0.38   		   		
21205   			-0.55   		   		
21210   			0.63   		   		
21216   			-0.06   		   		
21222   			-0.87   		   		
21228   			0.17   		   		
21233   			0.46   		   		
21239   			-0.49   		   		
21245   			-0.26   		   		
21250   			0.03   		   		
21256   			-0.26   		   		
21262   			0.50   		   		
21268   			-0.20   		   		
21273   			-0.20   		   		
21279   			0.21   		   		
21285   			-0.43   		   		
21291   			-0.26   		   		
21296   			0.01   		   		
21302   			-0.34   		   		
21308   			0.01   		   		
21313   			-0.05   		   		
21319   			0.07   		   		
21325   			0.09   		   		
21331   			-0.02   		   		
21336   			-0.02   		   		
21342   			0.26   		   		
21348   			0.96   		   		
21354   			0.81   		   		
21359   			0.11   		   		
21365   			-0.58   		   		
21371   			-0.06   		   		
21376   			-0.35   		   		
21382   			0.58   		   		
21388   			-0.24   		   		
21394   			0.05   		   		
21399   			-1.28   		   		
21405   			-0.81   		   		
21411   			0.29   		   		
21417   			-0.12   		   		
21422   			-0.64   		   		
21428   			-0.35   		   		
21434   			-0.58   		   		
21439   			0.11   		   		
21445   			0.23   		   		
21451   			-0.18   		   		
21457   			0.11   		   		
21462   			0.23   		   		
21468   			0.08   		   		
21474   			0.60   		   		
21480   			0.89   		   		
21485   			-0.79   		   		
21491   			-0.33   		   		
21497   			-1.01   		   		
21502   			0.26   		   		
21508   			-0.66   		   		
21514   			0.21   		   		
21520   			0.90   		   		
21525   			0.19   		   		
21531   			0.65   		   		
21537   			0.30   		   		
21543   			0.19   		   		
21548   			-0.86   		   		
21554   			-0.58   		   		
21560   			0.00   		   		
21565   			0.52   		   		
21571   			0.00   		   		
21577   			0.52   		   		
21583   			0.23   		   		
21588   			0.34   		   		
21594   			0.17   		   		
21600   			-0.06   		   		
21606   			-0.41   		   		
21611   			-0.70   		   		
21617   			-0.18   		   		
21623   			0.00   		   		
21628   			0.34   		   		
21634   			0.34   		   		
21640   			0.17   		   		
21646   			0.05   		   		
21651   			-0.58   		   		
21657   			-0.12   		   		
21663   			-1.16   		   		
21668   			0.38   		   		
21674   			-0.08   		   		
21680   			0.15   		   		
21686   			-0.08   		   		
21691   			0.21   		   		
21697   			0.09   		   		
21703   			-0.31   		   		
21709   			0.15   		   		
21714   			0.44   		   		
21720   			0.32   		   		
21726   			-1.34   		   		
21731   			0.58   		   		
21737   			1.27   		   		
21743   			1.15   		   		
21749   			0.46   		   		
21754   			1.29   		   		
21760   			0.36   		   		
21766   			0.24   		   		
21772   			0.13   		   		
21777   			0.53   		   		
21783   			0.32   		   		
21789   			-1.65   		   		
21794   			0.32   		   		
21800   			-0.66   		   		
21806   			-0.43   		   		
21812   			-0.89   		   		
21817   			1.25   		   		
21823   			0.32   		   		
21829   			0.44   		   		
21835   			0.61   		   		
21840   			0.84   		   		
21846   			-0.02   		   		
21852   			-2.23   		   		
21857   			-0.66   		   		
21863   			0.90   		   		
21869   			0.44   		   		
21875   			0.50   		   		
21880   			-0.02   		   		
21886   			0.26   		   		
21892   			-0.55   		   		
21898   			0.75   		   		
21903   			1.79   		   		
21909   			0.29   		   		
21915   			-2.44   		   		
21920   			0.00   		   		
21926   			-0.02   		   		
21932   			0.09   		   		
21938   			-0.20   		   		
