Timestamp		Force Z		Comments
0   			-0.46   		   		
6   			-0.46   		   		
12   			-0.46   		   		
18   			0.12   		   		
23   			-0.80   		   		
29   			-0.57   		   		
35   			-0.80   		   		
41   			-1.04   		   		
46   			0.53   		   		
52   			-0.05   		   		
58   			0.18   		   		
63   			0.24   		   		
69   			-0.11   		   		
75   			-0.46   		   		
81   			-1.30   		   		
86   			0.03   		   		
92   			-0.44   		   		
98   			-0.03   		   		
104   			-0.20   		   		
109   			0.61   		   		
115   			-0.15   		   		
121   			-0.38   		   		
126   			0.14   		   		
132   			-0.26   		   		
138   			0.32   		   		
144   			0.09   		   		
149   			-0.72   		   		
155   			-0.84   		   		
161   			-1.19   		   		
167   			-1.34   		   		
172   			-0.53   		   		
178   			-0.01   		   		
184   			-0.82   		   		
189   			-0.70   		   		
195   			0.09   		   		
201   			0.09   		   		
207   			-0.26   		   		
212   			0.55   		   		
218   			0.38   		   		
224   			-0.28   		   		
229   			-0.34   		   		
235   			-0.86   		   		
241   			-0.16   		   		
247   			0.36   		   		
252   			-0.61   		   		
258   			-1.54   		   		
264   			-0.38   		   		
270   			-1.48   		   		
275   			-0.96   		   		
281   			-0.18   		   		
287   			-1.28   		   		
293   			-1.28   		   		
298   			-1.34   		   		
304   			-0.94   		   		
310   			-0.47   		   		
315   			-0.99   		   		
321   			-1.28   		   		
327   			-1.28   		   		
333   			-1.46   		   		
338   			0.12   		   		
344   			-0.17   		   		
350   			-0.57   		   		
356   			-0.63   		   		
361   			-1.91   		   		
367   			-1.58   		   		
373   			-0.82   		   		
378   			-1.35   		   		
384   			-0.71   		   		
390   			-0.71   		   		
396   			-0.09   		   		
401   			0.43   		   		
407   			0.49   		   		
413   			-0.38   		   		
419   			0.32   		   		
424   			0.49   		   		
430   			0.90   		   		
436   			-0.44   		   		
441   			0.38   		   		
447   			0.20   		   		
453   			0.66   		   		
459   			0.49   		   		
464   			-1.07   		   		
470   			-0.55   		   		
476   			-0.32   		   		
481   			-0.20   		   		
487   			0.38   		   		
493   			0.55   		   		
499   			-0.38   		   		
504   			-0.55   		   		
510   			-0.88   		   		
516   			-0.76   		   		
522   			-0.53   		   		
527   			-0.47   		   		
533   			0.69   		   		
539   			-1.13   		   		
544   			0.95   		   		
550   			0.32   		   		
556   			-0.67   		   		
562   			-0.84   		   		
567   			-1.25   		   		
573   			-0.78   		   		
579   			-0.78   		   		
585   			-1.01   		   		
590   			-0.84   		   		
596   			-0.84   		   		
602   			-1.94   		   		
607   			-0.96   		   		
613   			-0.49   		   		
619   			0.20   		   		
625   			-0.05   		   		
630   			-0.69   		   		
636   			-1.04   		   		
642   			-0.75   		   		
648   			0.76   		   		
653   			-0.20   		   		
659   			0.49   		   		
665   			-2.18   		   		
670   			0.49   		   		
676   			-1.19   		   		
682   			-0.49   		   		
688   			0.66   		   		
693   			-0.49   		   		
699   			-0.26   		   		
705   			0.66   		   		
711   			-0.69   		   		
716   			-0.40   		   		
722   			0.76   		   		
728   			-0.17   		   		
733   			-0.46   		   		
739   			-0.75   		   		
745   			0.41   		   		
751   			0.70   		   		
756   			0.59   		   		
762   			0.12   		   		
768   			-0.15   		   		
774   			-1.19   		   		
779   			0.26   		   		
785   			-0.38   		   		
791   			-0.84   		   		
796   			-1.11   		   		
802   			0.16   		   		
808   			-0.53   		   		
814   			0.11   		   		
819   			-0.07   		   		
825   			-0.67   		   		
831   			0.32   		   		
837   			-0.26   		   		
842   			-0.20   		   		
848   			0.32   		   		
854   			-0.09   		   		
859   			0.09   		   		
865   			-0.26   		   		
871   			-0.44   		   		
877   			0.14   		   		
882   			0.09   		   		
888   			0.03   		   		
894   			-0.49   		   		
900   			0.14   		   		
905   			0.66   		   		
911   			-0.44   		   		
917   			0.09   		   		
922   			0.32   		   		
928   			0.78   		   		
934   			0.20   		   		
940   			-0.19   		   		
945   			-1.17   		   		
951   			-0.42   		   		
957   			-0.19   		   		
963   			-0.71   		   		
968   			-0.15   		   		
974   			-0.90   		   		
980   			-0.67   		   		
985   			-0.03   		   		
991   			0.43   		   		
997   			-0.17   		   		
1003   			0.59   		   		
1008   			-0.22   		   		
1014   			-0.28   		   		
1020   			-0.51   		   		
1026   			-0.26   		   		
1031   			-0.61   		   		
1037   			-0.32   		   		
1043   			0.26   		   		
1048   			-0.15   		   		
1054   			-0.18   		   		
1060   			0.51   		   		
1066   			0.34   		   		
1071   			0.57   		   		
1077   			0.51   		   		
1083   			0.41   		   		
1089   			-0.86   		   		
1094   			0.30   		   		
1100   			0.35   		   		
1106   			0.07   		   		
1111   			0.20   		   		
1117   			0.66   		   		
1123   			1.13   		   		
1129   			1.13   		   		
1134   			0.14   		   		
1140   			0.74   		   		
1146   			0.92   		   		
1151   			0.40   		   		
1157   			0.51   		   		
1163   			0.34   		   		
1169   			0.09   		   		
1174   			0.55   		   		
1180   			-0.20   		   		
1186   			0.14   		   		
1192   			0.43   		   		
1197   			0.14   		   		
1203   			-0.03   		   		
1209   			-1.77   		   		
1214   			0.20   		   		
1220   			0.95   		   		
1226   			0.35   		   		
1232   			0.41   		   		
1237   			0.01   		   		
1243   			0.35   		   		
1249   			0.64   		   		
1255   			0.66   		   		
1260   			1.36   		   		
1266   			0.38   		   		
1272   			-0.84   		   		
1277   			0.61   		   		
1283   			1.16   		   		
1289   			1.16   		   		
1295   			0.24   		   		
1300   			-0.22   		   		
1306   			0.18   		   		
1312   			-0.12   		   		
1318   			0.22   		   		
1323   			0.86   		   		
1329   			1.55   		   		
1335   			0.11   		   		
1340   			0.12   		   		
1346   			0.35   		   		
1352   			0.53   		   		
1358   			0.18   		   		
1363   			0.88   		   		
1369   			1.34   		   		
1375   			0.76   		   		
1381   			0.42   		   		
1386   			0.76   		   		
1392   			0.48   		   		
1398   			0.66   		   		
1403   			0.78   		   		
1409   			-0.49   		   		
1415   			0.38   		   		
1421   			0.84   		   		
1426   			0.42   		   		
1432   			0.42   		   		
1438   			-0.28   		   		
1444   			0.42   		   		
1449   			0.01   		   		
1455   			0.40   		   		
1461   			0.63   		   		
1466   			0.40   		   		
1472   			0.51   		   		
1478   			0.63   		   		
1484   			-0.07   		   		
1489   			-0.47   		   		
1495   			-0.70   		   		
1501   			0.34   		   		
1507   			-0.70   		   		
1512   			0.03   		   		
1518   			0.03   		   		
1524   			0.84   		   		
1529   			-0.32   		   		
1535   			-0.84   		   		
1541   			-0.75   		   		
1547   			-1.50   		   		
1552   			-1.33   		   		
1558   			-0.86   		   		
1564   			-0.40   		   		
1570   			-0.61   		   		
1575   			-1.25   		   		
1581   			-0.67   		   		
1587   			-1.07   		   		
1592   			-0.72   		   		
1598   			-0.51   		   		
1604   			-0.34   		   		
1610   			-0.80   		   		
1615   			-0.69   		   		
1621   			-0.40   		   		
1627   			-0.46   		   		
1633   			-0.57   		   		
1638   			-0.63   		   		
1644   			-1.44   		   		
1650   			-0.98   		   		
1655   			0.30   		   		
1661   			-0.05   		   		
1667   			0.01   		   		
1673   			0.64   		   		
1678   			-0.22   		   		
1684   			-0.34   		   		
1690   			-0.46   		   		
1696   			0.18   		   		
1701   			-0.57   		   		
1707   			-0.17   		   		
1713   			-0.11   		   		
1718   			-0.40   		   		
1724   			-0.57   		   		
1730   			-0.40   		   		
1736   			-0.80   		   		
1741   			-0.88   		   		
1747   			-1.11   		   		
1753   			-1.69   		   		
1759   			-0.99   		   		
1764   			-1.98   		   		
1770   			-1.38   		   		
1776   			-1.15   		   		
1781   			-1.73   		   		
1787   			-0.69   		   		
1793   			-0.92   		   		
1799   			-0.51   		   		
1804   			-0.92   		   		
1810   			-0.40   		   		
1816   			-2.37   		   		
1821   			-0.28   		   		
1827   			-0.53   		   		
1833   			-1.34   		   		
1839   			-0.65   		   		
1844   			-1.05   		   		
1850   			-0.36   		   		
1856   			-0.38   		   		
1862   			-0.67   		   		
1867   			-0.32   		   		
1873   			-0.44   		   		
1879   			0.38   		   		
1885   			-0.01   		   		
1890   			-1.11   		   		
1896   			-0.94   		   		
1902   			-0.99   		   		
1907   			-0.65   		   		
1913   			-0.46   		   		
1919   			0.24   		   		
1925   			-0.92   		   		
1930   			-0.46   		   		
1936   			-0.80   		   		
1942   			-2.44   		   		
1947   			-0.24   		   		
1953   			-0.24   		   		
1959   			-0.24   		   		
1965   			-1.23   		   		
1970   			-1.21   		   		
1976   			-0.34   		   		
1982   			-0.34   		   		
1988   			-1.04   		   		
1993   			-0.80   		   		
1999   			-1.05   		   		
2005   			-0.59   		   		
2010   			-0.82   		   		
2016   			-1.34   		   		
2022   			-0.94   		   		
2028   			-1.91   		   		
2033   			-0.51   		   		
2039   			-0.57   		   		
2045   			-0.46   		   		
2051   			0.53   		   		
2056   			-0.44   		   		
2062   			0.55   		   		
2068   			-0.72   		   		
2073   			-0.67   		   		
2079   			-0.61   		   		
2085   			0.92   		   		
2091   			-0.53   		   		
2096   			-0.07   		   		
2102   			-0.18   		   		
2108   			0.40   		   		
2114   			-0.34   		   		
2119   			-0.17   		   		
2125   			-0.22   		   		
2131   			-0.22   		   		
2136   			-0.57   		   		
2142   			-0.17   		   		
2148   			0.07   		   		
2154   			0.35   		   		
2159   			-0.11   		   		
2165   			0.35   		   		
2171   			0.57   		   		
2177   			0.34   		   		
2182   			0.28   		   		
2188   			-0.24   		   		
2194   			-0.88   		   		
2199   			0.01   		   		
2205   			0.53   		   		
2211   			0.64   		   		
2217   			0.07   		   		
2222   			0.82   		   		
2228   			0.19   		   		
2234   			0.01   		   		
2240   			1.11   		   		
2245   			0.24   		   		
2251   			1.05   		   		
2257   			1.40   		   		
2262   			0.35   		   		
2268   			0.64   		   		
2274   			-0.11   		   		
2280   			-0.05   		   		
2285   			0.92   		   		
2291   			-0.47   		   		
2297   			-0.53   		   		
2303   			-0.30   		   		
2308   			0.34   		   		
2314   			-0.11   		   		
2320   			-0.28   		   		
2325   			0.24   		   		
2331   			0.07   		   		
2337   			-0.34   		   		
2343   			-0.12   		   		
2348   			0.22   		   		
2354   			0.74   		   		
2360   			-2.39   		   		
2365   			0.05   		   		
2371   			-0.05   		   		
2377   			0.64   		   		
2383   			-0.11   		   		
2388   			-0.28   		   		
2394   			-0.11   		   		
2400   			0.53   		   		
2406   			0.64   		   		
2411   			0.88   		   		
2417   			0.99   		   		
2423   			-1.56   		   		
2428   			0.01   		   		
2434   			0.47   		   		
2440   			-0.05   		   		
2446   			0.24   		   		
2451   			0.18   		   		
2457   			1.11   		   		
2463   			0.07   		   		
2469   			0.01   		   		
2474   			0.19   		   		
2480   			-0.39   		   		
2486   			-0.75   		   		
2491   			-0.46   		   		
2497   			-0.34   		   		
2503   			-0.75   		   		
2509   			-0.34   		   		
2514   			-0.01   		   		
2520   			0.11   		   		
2526   			-0.07   		   		
2532   			-0.07   		   		
2537   			0.11   		   		
2543   			0.95   		   		
2549   			1.01   		   		
2554   			0.43   		   		
2560   			0.14   		   		
2566   			-0.38   		   		
2572   			-0.09   		   		
2577   			0.03   		   		
2583   			0.49   		   		
2589   			0.90   		   		
2595   			0.49   		   		
2600   			0.70   		   		
2606   			1.22   		   		
2612   			0.47   		   		
2617   			0.35   		   		
2623   			0.82   		   		
2629   			0.32   		   		
2635   			0.43   		   		
2640   			0.38   		   		
2646   			0.49   		   		
2652   			-0.84   		   		
2658   			-0.28   		   		
2663   			0.35   		   		
2669   			0.88   		   		
2675   			0.76   		   		
2680   			0.99   		   		
2686   			0.82   		   		
2692   			1.05   		   		
2698   			0.18   		   		
2703   			0.18   		   		
2709   			0.70   		   		
2715   			0.49   		   		
2721   			-0.26   		   		
2726   			-0.15   		   		
2732   			-0.49   		   		
2738   			-0.15   		   		
2743   			0.92   		   		
2749   			0.40   		   		
2755   			0.51   		   		
2761   			1.15   		   		
2766   			0.11   		   		
2772   			0.32   		   		
2778   			0.09   		   		
2784   			0.61   		   		
2789   			-0.03   		   		
2795   			-0.03   		   		
2801   			0.24   		   		
2806   			0.35   		   		
2812   			-0.05   		   		
2818   			0.18   		   		
2824   			1.57   		   		
2829   			0.93   		   		
2835   			0.88   		   		
2841   			0.47   		   		
2846   			1.05   		   		
2852   			0.35   		   		
2858   			-0.03   		   		
2864   			0.84   		   		
2869   			1.01   		   		
2875   			1.30   		   		
2881   			1.53   		   		
2887   			1.13   		   		
2892   			0.72   		   		
2898   			0.72   		   		
2904   			-1.13   		   		
2909   			0.55   		   		
2915   			0.66   		   		
2921   			0.61   		   		
2927   			1.36   		   		
2932   			0.14   		   		
2938   			0.66   		   		
2944   			0.20   		   		
2950   			0.26   		   		
2955   			0.49   		   		
2961   			0.90   		   		
2967   			-0.32   		   		
2972   			-0.75   		   		
2978   			0.76   		   		
2984   			0.24   		   		
2990   			0.01   		   		
2995   			0.93   		   		
3001   			0.49   		   		
3007   			0.09   		   		
3013   			-0.44   		   		
3018   			-0.20   		   		
3024   			-0.55   		   		
3030   			-0.61   		   		
3035   			0.09   		   		
3041   			0.26   		   		
3047   			-0.15   		   		
3053   			-0.72   		   		
3058   			0.33   		   		
3064   			-0.42   		   		
3070   			-0.54   		   		
3076   			-0.71   		   		
3081   			0.51   		   		
3087   			0.72   		   		
3093   			-0.03   		   		
3098   			0.49   		   		
3104   			0.61   		   		
3110   			0.03   		   		
3116   			-0.49   		   		
3121   			-0.20   		   		
3127   			-0.20   		   		
3133   			0.55   		   		
3139   			-0.44   		   		
3144   			-0.80   		   		
3150   			-0.46   		   		
3156   			-0.51   		   		
3161   			-0.92   		   		
3167   			-1.15   		   		
3173   			-1.27   		   		
3179   			-1.44   		   		
3184   			-0.46   		   		
3190   			-0.75   		   		
3196   			-0.80   		   		
3202   			-0.75   		   		
3207   			-0.17   		   		
3213   			-0.75   		   		
3219   			-0.22   		   		
3224   			-1.21   		   		
3230   			-1.25   		   		
3236   			-0.78   		   		
3242   			-1.54   		   		
3247   			-1.13   		   		
3253   			-0.15   		   		
3259   			-1.07   		   		
3265   			-0.26   		   		
3270   			-0.84   		   		
3276   			-0.90   		   		
3282   			-0.38   		   		
3287   			-0.69   		   		
3293   			0.18   		   		
3299   			-0.17   		   		
3305   			-0.22   		   		
3310   			-0.46   		   		
3316   			0.32   		   		
3322   			0.26   		   		
3328   			-0.55   		   		
3333   			0.32   		   		
3339   			0.20   		   		
3345   			-0.49   		   		
3350   			-0.26   		   		
3356   			-0.20   		   		
3362   			-0.26   		   		
3368   			0.09   		   		
3373   			-0.22   		   		
3379   			-0.69   		   		
3385   			-0.63   		   		
3391   			-0.63   		   		
3396   			-1.21   		   		
3402   			-0.53   		   		
3408   			-0.59   		   		
3413   			-0.59   		   		
3419   			0.34   		   		
3425   			-0.76   		   		
3431   			-0.61   		   		
3436   			-0.67   		   		
3442   			0.72   		   		
3448   			0.61   		   		
3454   			-0.09   		   		
3459   			-0.44   		   		
3465   			0.26   		   		
3471   			-0.49   		   		
3476   			-1.13   		   		
3482   			-0.09   		   		
3488   			-0.46   		   		
3494   			-0.63   		   		
3499   			-0.28   		   		
3505   			-0.34   		   		
3511   			0.18   		   		
3517   			-0.09   		   		
3522   			-1.25   		   		
3528   			-0.61   		   		
3534   			-0.38   		   		
3539   			-0.38   		   		
3545   			0.38   		   		
3551   			-0.38   		   		
3557   			-0.03   		   		
3562   			-0.67   		   		
3568   			-0.55   		   		
3574   			-1.09   		   		
3580   			-0.80   		   		
3585   			0.01   		   		
3591   			-0.11   		   		
3597   			-1.50   		   		
3602   			-0.59   		   		
3608   			-0.30   		   		
3614   			-0.30   		   		
3620   			-0.70   		   		
3625   			-1.17   		   		
3631   			-0.84   		   		
3637   			-2.41   		   		
3642   			-0.84   		   		
3648   			-0.15   		   		
3654   			0.38   		   		
3660   			-0.32   		   		
3665   			0.66   		   		
3671   			0.72   		   		
3677   			-0.49   		   		
3683   			0.14   		   		
3688   			-0.36   		   		
3694   			-0.01   		   		
3700   			-2.27   		   		
3705   			-0.76   		   		
3711   			-0.01   		   		
3717   			-0.72   		   		
3723   			-0.32   		   		
3728   			-0.32   		   		
3734   			-0.26   		   		
3740   			-0.49   		   		
3746   			0.09   		   		
3751   			-0.20   		   		
3757   			0.43   		   		
3763   			-1.54   		   		
3768   			0.66   		   		
3774   			0.03   		   		
3780   			0.20   		   		
3786   			-0.67   		   		
3791   			-0.15   		   		
3797   			0.09   		   		
3803   			-0.36   		   		
3809   			0.51   		   		
3814   			0.40   		   		
3820   			0.34   		   		
3826   			-1.69   		   		
3831   			0.28   		   		
3837   			-0.01   		   		
3843   			1.03   		   		
3849   			0.57   		   		
3854   			-0.07   		   		
3860   			-0.20   		   		
3866   			-0.78   		   		
3872   			-0.72   		   		
3877   			-0.32   		   		
3883   			0.26   		   		
3889   			-0.96   		   		
3894   			-0.61   		   		
3900   			-0.78   		   		
3906   			0.26   		   		
3912   			-0.67   		   		
3917   			-1.33   		   		
3923   			-0.86   		   		
3929   			0.12   		   		
3935   			-0.63   		   		
3940   			-0.40   		   		
3946   			0.03   		   		
3952   			-0.61   		   		
3957   			-0.09   		   		
3963   			-0.26   		   		
3969   			-1.19   		   		
3975   			-1.09   		   		
3980   			-0.17   		   		
3986   			-0.28   		   		
3992   			-0.86   		   		
3998   			-1.38   		   		
4003   			0.03   		   		
4009   			-0.67   		   		
4015   			-1.01   		   		
4020   			-1.13   		   		
4026   			-0.72   		   		
4032   			-0.96   		   		
4038   			-1.42   		   		
4043   			-1.83   		   		
4049   			-1.48   		   		
4055   			-1.54   		   		
4061   			-1.04   		   		
4066   			-1.09   		   		
4072   			-1.15   		   		
4078   			-1.04   		   		
4083   			-0.75   		   		
4089   			-1.42   		   		
4095   			-0.26   		   		
4101   			-0.61   		   		
4106   			-0.55   		   		
4112   			-0.09   		   		
4118   			0.01   		   		
4124   			-0.75   		   		
4129   			-1.33   		   		
4135   			-0.98   		   		
4141   			-1.27   		   		
4146   			-1.50   		   		
4152   			-1.21   		   		
4158   			-0.92   		   		
4164   			-0.98   		   		
4169   			-1.62   		   		
4175   			-0.90   		   		
4181   			-1.30   		   		
4187   			-1.36   		   		
4192   			-0.61   		   		
4198   			-0.96   		   		
4204   			-1.44   		   		
4209   			-0.51   		   		
4215   			-1.04   		   		
4221   			-2.14   		   		
4227   			-1.38   		   		
4232   			-1.62   		   		
4238   			-0.69   		   		
4244   			-3.65   		   		
4249   			-1.91   		   		
4255   			-0.22   		   		
4261   			-1.13   		   		
4267   			-0.26   		   		
4272   			-1.25   		   		
4278   			-1.65   		   		
4284   			-1.71   		   		
4290   			-0.69   		   		
4295   			-0.57   		   		
4301   			0.12   		   		
4307   			-2.66   		   		
4312   			-1.73   		   		
4318   			-0.49   		   		
4324   			0.90   		   		
4330   			0.43   		   		
4335   			0.14   		   		
4341   			0.49   		   		
4347   			-0.17   		   		
4353   			-0.05   		   		
4358   			-0.05   		   		
4364   			0.01   		   		
4370   			-0.86   		   		
4375   			-0.12   		   		
4381   			0.34   		   		
4387   			-0.30   		   		
4393   			0.16   		   		
4398   			-0.24   		   		
4404   			-0.03   		   		
4410   			0.03   		   		
4416   			0.43   		   		
4421   			-0.38   		   		
4427   			-0.61   		   		
4433   			-0.28   		   		
4438   			0.24   		   		
4444   			-0.51   		   		
4450   			-0.40   		   		
4456   			0.24   		   		
4461   			0.49   		   		
4467   			-0.20   		   		
4473   			-1.42   		   		
4479   			-1.48   		   		
4484   			-1.77   		   		
4490   			-0.32   		   		
4496   			-0.78   		   		
4501   			-0.96   		   		
4507   			0.26   		   		
4513   			-0.49   		   		
4519   			0.26   		   		
4524   			-0.32   		   		
4530   			-0.32   		   		
4536   			-0.20   		   		
4542   			-0.44   		   		
4547   			-1.21   		   		
4553   			-0.34   		   		
4559   			-0.69   		   		
4564   			-0.75   		   		
4570   			-0.80   		   		
4576   			-0.32   		   		
4582   			-1.48   		   		
4587   			-2.18   		   		
4593   			-1.48   		   		
4599   			-0.84   		   		
4605   			-1.13   		   		
4610   			-1.30   		   		
4616   			-0.55   		   		
4622   			-1.07   		   		
4627   			-0.72   		   		
4633   			-0.15   		   		
4639   			-0.38   		   		
4645   			-0.55   		   		
4650   			0.03   		   		
4656   			-0.90   		   		
4662   			-0.61   		   		
4667   			-1.77   		   		
4673   			-0.55   		   		
4679   			-0.38   		   		
4685   			0.14   		   		
4690   			-0.22   		   		
4696   			-0.11   		   		
4702   			-0.80   		   		
4708   			-0.86   		   		
4713   			-1.09   		   		
4719   			-1.35   		   		
4725   			-2.45   		   		
4730   			-1.17   		   		
4736   			-1.17   		   		
4742   			-0.13   		   		
4748   			-1.01   		   		
4753   			-0.44   		   		
4759   			-0.84   		   		
4765   			-1.01   		   		
4771   			-0.72   		   		
4776   			-1.27   		   		
4782   			-1.21   		   		
4788   			-3.01   		   		
4793   			-0.75   		   		
4799   			-1.50   		   		
4805   			-0.80   		   		
4811   			-2.14   		   		
4816   			-1.33   		   		
4822   			-1.38   		   		
4828   			-1.21   		   		
4834   			-0.98   		   		
4839   			-0.22   		   		
4845   			-0.28   		   		
4851   			-0.69   		   		
4856   			-1.04   		   		
4862   			-0.70   		   		
4868   			-0.70   		   		
4874   			0.34   		   		
4879   			0.40   		   		
4885   			-0.36   		   		
4891   			0.16   		   		
4897   			-0.30   		   		
4902   			-0.65   		   		
4908   			-1.05   		   		
4914   			-0.59   		   		
4919   			-0.99   		   		
4925   			-0.36   		   		
4931   			-0.99   		   		
4937   			-1.75   		   		
4942   			-0.82   		   		
4948   			-1.30   		   		
4954   			-0.61   		   		
4960   			-0.96   		   		
4965   			-0.49   		   		
4971   			-0.49   		   		
4977   			-0.44   		   		
4982   			0.09   		   		
4988   			-0.96   		   		
4994   			-1.59   		   		
5000   			-1.65   		   		
5005   			-0.78   		   		
5011   			-0.72   		   		
5017   			-0.96   		   		
5023   			-1.19   		   		
5028   			-1.19   		   		
5034   			-1.59   		   		
5040   			-0.67   		   		
5045   			-0.44   		   		
5051   			-0.78   		   		
5057   			0.20   		   		
5063   			-0.72   		   		
5068   			-0.84   		   		
5074   			-1.30   		   		
5080   			-1.36   		   		
5086   			-0.61   		   		
5091   			-0.40   		   		
5097   			0.53   		   		
5103   			-1.15   		   		
5108   			-0.80   		   		
5114   			-1.04   		   		
5120   			-0.74   		   		
5126   			-0.22   		   		
5131   			-1.09   		   		
5137   			-1.67   		   		
5143   			-2.89   		   		
5149   			-1.25   		   		
5154   			-0.96   		   		
5160   			-0.38   		   		
5166   			-0.84   		   		
5171   			-1.07   		   		
5177   			-1.19   		   		
5183   			-0.67   		   		
5189   			0.32   		   		
5194   			0.49   		   		
5200   			-0.78   		   		
5206   			-1.94   		   		
5211   			0.14   		   		
5217   			-0.26   		   		
5223   			0.03   		   		
5229   			-0.32   		   		
5234   			-0.44   		   		
5240   			-0.84   		   		
5246   			-0.32   		   		
5252   			-0.61   		   		
5257   			0.03   		   		
5263   			-0.26   		   		
5269   			-1.13   		   		
5274   			-0.61   		   		
5280   			0.32   		   		
5286   			1.30   		   		
5292   			0.64   		   		
5297   			0.30   		   		
5303   			0.70   		   		
5309   			0.99   		   		
5315   			0.35   		   		
5320   			0.34   		   		
5326   			0.74   		   		
5332   			0.86   		   		
5337   			0.80   		   		
5343   			0.34   		   		
5349   			0.78   		   		
5355   			0.20   		   		
5360   			1.07   		   		
5366   			1.42   		   		
5372   			0.95   		   		
5378   			0.30   		   		
5383   			0.30   		   		
5389   			0.35   		   		
5395   			0.93   		   		
5400   			-0.34   		   		
5406   			0.03   		   		
5412   			0.09   		   		
5418   			-0.03   		   		
5423   			0.90   		   		
5429   			0.09   		   		
5435   			-0.05   		   		
5441   			0.24   		   		
5446   			0.70   		   		
5452   			1.68   		   		
5458   			1.34   		   		
5463   			1.51   		   		
5469   			1.45   		   		
5475   			1.68   		   		
5481   			1.05   		   		
5486   			1.05   		   		
5492   			0.95   		   		
5498   			1.36   		   		
5504   			0.90   		   		
5509   			1.19   		   		
5515   			1.13   		   		
5521   			0.90   		   		
5526   			0.32   		   		
5532   			-0.09   		   		
5538   			0.78   		   		
5544   			1.36   		   		
5549   			0.92   		   		
5555   			0.40   		   		
5561   			0.69   		   		
5567   			1.61   		   		
5572   			0.16   		   		
5578   			-0.32   		   		
5584   			-0.55   		   		
5589   			0.14   		   		
5595   			-0.32   		   		
5601   			0.09   		   		
5607   			0.07   		   		
5612   			0.93   		   		
5618   			0.82   		   		
5624   			1.11   		   		
5630   			0.82   		   		
5635   			0.20   		   		
5641   			-0.03   		   		
5647   			0.43   		   		
5652   			0.20   		   		
5658   			0.55   		   		
5664   			0.59   		   		
5670   			0.12   		   		
5675   			0.53   		   		
5681   			0.70   		   		
5687   			1.68   		   		
5693   			1.28   		   		
5698   			1.86   		   		
5704   			2.03   		   		
5710   			1.63   		   		
5715   			0.41   		   		
5721   			0.64   		   		
5727   			0.01   		   		
5733   			0.82   		   		
5738   			0.47   		   		
5744   			0.47   		   		
5750   			1.11   		   		
5755   			0.59   		   		
5761   			0.35   		   		
5767   			0.12   		   		
5773   			0.30   		   		
5778   			0.26   		   		
5784   			-0.78   		   		
5790   			-0.32   		   		
5796   			-0.26   		   		
5801   			-0.55   		   		
5807   			-0.41   		   		
5813   			0.51   		   		
5819   			0.63   		   		
5824   			0.11   		   		
5830   			-0.53   		   		
5836   			-0.51   		   		
5841   			-0.11   		   		
5847   			-0.22   		   		
5853   			0.01   		   		
5859   			0.12   		   		
5864   			-0.03   		   		
5870   			0.84   		   		
5876   			-1.59   		   		
5881   			-0.20   		   		
5887   			0.84   		   		
5893   			1.88   		   		
5899   			1.36   		   		
5904   			0.38   		   		
5910   			-0.09   		   		
5916   			-0.49   		   		
5922   			0.63   		   		
5927   			0.40   		   		
5933   			-0.12   		   		
5939   			-1.86   		   		
5944   			-0.65   		   		
5950   			-0.77   		   		
5956   			0.10   		   		
5962   			0.10   		   		
5967   			0.22   		   		
5973   			0.10   		   		
5979   			0.03   		   		
5985   			0.14   		   		
5990   			0.49   		   		
5996   			0.84   		   		
6002   			0.84   		   		
6007   			1.36   		   		
6013   			0.95   		   		
6019   			0.20   		   		
6025   			0.32   		   		
6030   			0.78   		   		
6036   			0.38   		   		
6042   			0.95   		   		
6048   			0.14   		   		
6053   			0.66   		   		
6059   			1.19   		   		
6065   			0.95   		   		
6070   			1.01   		   		
6076   			-0.26   		   		
6082   			1.01   		   		
6088   			1.42   		   		
6093   			1.71   		   		
6099   			1.24   		   		
6105   			0.78   		   		
6111   			1.13   		   		
6116   			1.71   		   		
6122   			1.86   		   		
6128   			1.97   		   		
6133   			1.68   		   		
6139   			1.57   		   		
6145   			1.80   		   		
6151   			1.40   		   		
6156   			1.22   		   		
6162   			1.80   		   		
6168   			0.70   		   		
6174   			1.40   		   		
6179   			1.97   		   		
6185   			1.74   		   		
6191   			1.63   		   		
6196   			1.28   		   		
6202   			2.67   		   		
6208   			2.36   		   		
6214   			1.78   		   		
6219   			1.96   		   		
6225   			1.84   		   		
6231   			1.96   		   		
6237   			1.68   		   		
6242   			1.97   		   		
6248   			1.28   		   		
6254   			1.16   		   		
6259   			1.34   		   		
6265   			1.45   		   		
6271   			1.80   		   		
6277   			2.90   		   		
6282   			2.44   		   		
6288   			3.07   		   		
6294   			3.55   		   		
6300   			2.92   		   		
6305   			2.80   		   		
6311   			2.17   		   		
6317   			2.51   		   		
6322   			2.53   		   		
6328   			2.88   		   		
6334   			2.70   		   		
6340   			2.82   		   		
6345   			2.76   		   		
6351   			2.96   		   		
6357   			3.59   		   		
6363   			2.72   		   		
6368   			3.19   		   		
6374   			3.24   		   		
6380   			3.15   		   		
6385   			3.15   		   		
6391   			3.67   		   		
6397   			3.67   		   		
6403   			3.44   		   		
6408   			3.19   		   		
6414   			3.07   		   		
6420   			2.49   		   		
6426   			2.78   		   		
6431   			2.26   		   		
6437   			2.51   		   		
6443   			3.38   		   		
6448   			2.69   		   		
6454   			3.09   		   		
6460   			3.78   		   		
6466   			3.71   		   		
6471   			3.30   		   		
6477   			3.53   		   		
6483   			3.88   		   		
6489   			3.53   		   		
6494   			3.61   		   		
6500   			3.15   		   		
6506   			3.78   		   		
6511   			4.02   		   		
6517   			3.55   		   		
6523   			3.24   		   		
6529   			3.65   		   		
6534   			3.76   		   		
6540   			4.57   		   		
6546   			2.90   		   		
6551   			4.05   		   		
6557   			3.82   		   		
6563   			4.28   		   		
6569   			3.36   		   		
6574   			4.17   		   		
6580   			4.30   		   		
6586   			4.02   		   		
6592   			4.13   		   		
6597   			3.67   		   		
6603   			4.36   		   		
6609   			1.55   		   		
6614   			3.69   		   		
6620   			3.57   		   		
6626   			3.75   		   		
6632   			4.38   		   		
6637   			3.03   		   		
6643   			3.67   		   		
6649   			3.15   		   		
6655   			2.92   		   		
6660   			3.84   		   		
6666   			3.52   		   		
6672   			1.73   		   		
6677   			3.98   		   		
6683   			3.69   		   		
6689   			4.55   		   		
6695   			4.11   		   		
6700   			4.74   		   		
6706   			3.65   		   		
6712   			3.42   		   		
6718   			4.34   		   		
6723   			5.20   		   		
6729   			5.55   		   		
6735   			5.55   		   		
6740   			5.03   		   		
6746   			5.20   		   		
6752   			4.94   		   		
6758   			3.90   		   		
6763   			4.48   		   		
6769   			4.94   		   		
6775   			5.22   		   		
6781   			5.57   		   		
6786   			5.22   		   		
6792   			6.20   		   		
6798   			5.80   		   		
6803   			5.28   		   		
6809   			5.92   		   		
6815   			5.46   		   		
6821   			5.17   		   		
6826   			5.69   		   		
6832   			5.86   		   		
6838   			5.30   		   		
6844   			5.36   		   		
6849   			5.30   		   		
6855   			5.59   		   		
6861   			5.07   		   		
6866   			5.57   		   		
6872   			6.32   		   		
6878   			5.92   		   		
6884   			6.61   		   		
6889   			5.86   		   		
6895   			6.05   		   		
6901   			7.14   		   		
6907   			6.17   		   		
6912   			6.57   		   		
6918   			6.68   		   		
6924   			6.89   		   		
6929   			6.43   		   		
6935   			5.74   		   		
6941   			6.38   		   		
6947   			6.43   		   		
6952   			7.07   		   		
6958   			6.15   		   		
6964   			7.12   		   		
6970   			7.18   		   		
6975   			6.55   		   		
6981   			5.61   		   		
6987   			7.27   		   		
6992   			7.50   		   		
6998   			7.04   		   		
7004   			7.22   		   		
7010   			7.10   		   		
7015   			7.50   		   		
7021   			7.33   		   		
7027   			7.10   		   		
7033   			7.79   		   		
7038   			6.76   		   		
7044   			6.93   		   		
7050   			7.50   		   		
7055   			7.62   		   		
7061   			9.28   		   		
7067   			7.91   		   		
7073   			7.85   		   		
7078   			7.80   		   		
7084   			8.20   		   		
7090   			7.85   		   		
7096   			8.59   		   		
7101   			7.68   		   		
7107   			8.37   		   		
7113   			8.19   		   		
7118   			7.62   		   		
7124   			8.39   		   		
7130   			7.75   		   		
7136   			7.24   		   		
7141   			7.53   		   		
7147   			6.95   		   		
7153   			8.16   		   		
7159   			8.90   		   		
7164   			9.36   		   		
7170   			8.44   		   		
7176   			7.98   		   		
7181   			8.19   		   		
7187   			8.02   		   		
7193   			8.37   		   		
7199   			9.40   		   		
7204   			8.71   		   		
7210   			8.62   		   		
7216   			8.73   		   		
7222   			8.50   		   		
7227   			8.56   		   		
7233   			8.90   		   		
7239   			8.33   		   		
7244   			8.44   		   		
7250   			8.96   		   		
7256   			8.90   		   		
7262   			8.79   		   		
7267   			9.45   		   		
7273   			8.71   		   		
7279   			9.00   		   		
7285   			8.71   		   		
7290   			9.28   		   		
7296   			9.30   		   		
7302   			9.19   		   		
7307   			10.16   		   		
7313   			9.19   		   		
7319   			8.84   		   		
7325   			9.34   		   		
7330   			8.54   		   		
7336   			8.71   		   		
7342   			9.00   		   		
7348   			10.20   		   		
7353   			9.25   		   		
7359   			9.70   		   		
7365   			9.36   		   		
7370   			8.84   		   		
7376   			10.16   		   		
7382   			9.45   		   		
7388   			10.49   		   		
7393   			10.20   		   		
7399   			9.63   		   		
7405   			9.11   		   		
7411   			9.70   		   		
7416   			9.36   		   		
7422   			9.42   		   		
7428   			9.48   		   		
7433   			10.22   		   		
7439   			9.45   		   		
7445   			9.68   		   		
7451   			9.05   		   		
7456   			9.17   		   		
7462   			9.57   		   		
7468   			9.99   		   		
7474   			10.28   		   		
7479   			9.53   		   		
7485   			8.84   		   		
7491   			8.96   		   		
7496   			9.28   		   		
7502   			9.45   		   		
7508   			9.40   		   		
7514   			9.45   		   		
7519   			9.28   		   		
7525   			8.62   		   		
7531   			6.43   		   		
7536   			9.25   		   		
7542   			9.07   		   		
7548   			10.16   		   		
7554   			10.05   		   		
7559   			8.84   		   		
7565   			9.02   		   		
7571   			9.30   		   		
7577   			9.53   		   		
7582   			10.51   		   		
7588   			10.22   		   		
7594   			8.84   		   		
7599   			10.16   		   		
7605   			10.39   		   		
7611   			10.79   		   		
7617   			11.54   		   		
7622   			11.48   		   		
7628   			11.25   		   		
7634   			11.54   		   		
7640   			11.63   		   		
7645   			11.74   		   		
7651   			11.74   		   		
7657   			11.40   		   		
7662   			10.94   		   		
7668   			10.12   		   		
7674   			11.49   		   		
7680   			11.89   		   		
7685   			10.46   		   		
7691   			11.84   		   		
7697   			11.50   		   		
7703   			12.19   		   		
7708   			10.99   		   		
7714   			10.76   		   		
7720   			12.19   		   		
7725   			11.92   		   		
7731   			12.37   		   		
7737   			12.49   		   		
7743   			12.49   		   		
7748   			12.14   		   		
7754   			12.03   		   		
7760   			12.32   		   		
7766   			12.43   		   		
7771   			12.37   		   		
7777   			12.49   		   		
7783   			12.77   		   		
7788   			12.83   		   		
7794   			12.60   		   		
7800   			12.49   		   		
7806   			12.09   		   		
7811   			12.43   		   		
7817   			12.03   		   		
7823   			12.54   		   		
7829   			12.83   		   		
7834   			12.03   		   		
7840   			11.63   		   		
7846   			12.09   		   		
7851   			12.14   		   		
7857   			13.29   		   		
7863   			12.72   		   		
7869   			13.23   		   		
7874   			13.40   		   		
7880   			12.66   		   		
7886   			13.11   		   		
7892   			12.20   		   		
7897   			11.94   		   		
7903   			13.25   		   		
7909   			13.71   		   		
7914   			12.96   		   		
7920   			12.74   		   		
7926   			13.42   		   		
7932   			13.36   		   		
7937   			12.45   		   		
7943   			13.54   		   		
7949   			13.25   		   		
7955   			13.88   		   		
7960   			13.71   		   		
7966   			13.36   		   		
7972   			12.96   		   		
7977   			12.56   		   		
7983   			12.68   		   		
7989   			12.56   		   		
7995   			13.36   		   		
8000   			12.91   		   		
8006   			12.45   		   		
8012   			10.22   		   		
8017   			11.82   		   		
8023   			12.39   		   		
8029   			11.82   		   		
8035   			11.99   		   		
8040   			12.60   		   		
8046   			12.77   		   		
8052   			13.57   		   		
8058   			13.34   		   		
8063   			12.03   		   		
8069   			12.34   		   		
8075   			12.22   		   		
8080   			12.39   		   		
8086   			12.05   		   		
8092   			12.68   		   		
8098   			13.27   		   		
8103   			12.64   		   		
8109   			12.30   		   		
8115   			12.87   		   		
8121   			13.27   		   		
8126   			13.46   		   		
8132   			13.00   		   		
8138   			12.89   		   		
8143   			12.89   		   		
8149   			12.66   		   		
8155   			13.10   		   		
8161   			12.30   		   		
8166   			12.53   		   		
8172   			12.64   		   		
8178   			12.47   		   		
8184   			12.47   		   		
8189   			12.92   		   		
8195   			13.49   		   		
8201   			12.87   		   		
8206   			12.52   		   		
8212   			12.77   		   		
8218   			13.06   		   		
8224   			11.92   		   		
8229   			12.66   		   		
8235   			12.43   		   		
8241   			12.89   		   		
8247   			13.23   		   		
8252   			11.86   		   		
8258   			12.66   		   		
8264   			13.46   		   		
8269   			12.62   		   		
8275   			12.74   		   		
8281   			12.96   		   		
8287   			11.59   		   		
8292   			11.99   		   		
8298   			12.64   		   		
8304   			12.93   		   		
8310   			13.10   		   		
8315   			12.99   		   		
8321   			12.19   		   		
8327   			12.66   		   		
8332   			12.60   		   		
8338   			11.86   		   		
8344   			12.26   		   		
8350   			11.86   		   		
8355   			11.29   		   		
8361   			12.43   		   		
8367   			11.97   		   		
8373   			11.86   		   		
8378   			11.34   		   		
8384   			11.65   		   		
8390   			12.51   		   		
8395   			12.16   		   		
8401   			11.88   		   		
8407   			12.11   		   		
8413   			12.20   		   		
8418   			13.00   		   		
8424   			12.09   		   		
8430   			13.23   		   		
8435   			12.03   		   		
8441   			11.67   		   		
8447   			11.89   		   		
8453   			12.41   		   		
8458   			12.64   		   		
8464   			11.67   		   		
8470   			11.29   		   		
8476   			12.37   		   		
8481   			11.23   		   		
8487   			11.06   		   		
8493   			9.23   		   		
8498   			11.99   		   		
8504   			12.56   		   		
8510   			11.76   		   		
8516   			11.14   		   		
8521   			12.28   		   		
8527   			12.05   		   		
8533   			12.56   		   		
8539   			12.34   		   		
8544   			12.28   		   		
8550   			11.54   		   		
8556   			11.11   		   		
8561   			12.26   		   		
8567   			12.20   		   		
8573   			12.83   		   		
8579   			12.43   		   		
8584   			12.96   		   		
8590   			13.19   		   		
8596   			12.05   		   		
8602   			13.14   		   		
8607   			13.14   		   		
8613   			12.54   		   		
8619   			12.49   		   		
8624   			12.49   		   		
8630   			12.32   		   		
8636   			12.37   		   		
8642   			12.47   		   		
8647   			13.21   		   		
8653   			13.33   		   		
8659   			11.96   		   		
8665   			12.24   		   		
8670   			12.37   		   		
8676   			12.89   		   		
8682   			13.57   		   		
8687   			13.23   		   		
8693   			12.89   		   		
8699   			12.11   		   		
8705   			12.05   		   		
8710   			12.91   		   		
8716   			11.82   		   		
8722   			12.16   		   		
8728   			11.99   		   		
8733   			12.96   		   		
8739   			12.05   		   		
8745   			12.85   		   		
8750   			12.68   		   		
8756   			12.81   		   		
8762   			12.19   		   		
8768   			12.24   		   		
8773   			12.87   		   		
8779   			12.53   		   		
8785   			11.67   		   		
8791   			12.47   		   		
8796   			13.09   		   		
8802   			11.49   		   		
8808   			12.41   		   		
8813   			12.64   		   		
8819   			12.59   		   		
8825   			12.41   		   		
8831   			12.59   		   		
8836   			12.19   		   		
8842   			12.09   		   		
8848   			12.14   		   		
8854   			11.52   		   		
8859   			12.09   		   		
8865   			12.60   		   		
8871   			12.14   		   		
8876   			12.49   		   		
8882   			12.32   		   		
8888   			11.80   		   		
8894   			12.26   		   		
8899   			12.51   		   		
8905   			13.19   		   		
8911   			11.99   		   		
8917   			13.19   		   		
8922   			11.88   		   		
8928   			12.11   		   		
8934   			12.51   		   		
8939   			12.22   		   		
8945   			11.82   		   		
8951   			12.45   		   		
8957   			12.07   		   		
8962   			11.72   		   		
8968   			11.09   		   		
8974   			11.72   		   		
8979   			12.58   		   		
8985   			12.94   		   		
8991   			12.20   		   		
8997   			11.92   		   		
9002   			12.26   		   		
9008   			11.46   		   		
9014   			11.49   		   		
9020   			12.35   		   		
9025   			11.44   		   		
9031   			12.07   		   		
9037   			10.12   		   		
9042   			12.89   		   		
9048   			12.09   		   		
9054   			11.11   		   		
9060   			11.57   		   		
9065   			11.34   		   		
9071   			11.86   		   		
9077   			12.37   		   		
9083   			12.49   		   		
9088   			12.03   		   		
9094   			11.92   		   		
9100   			10.71   		   		
9105   			13.11   		   		
9111   			11.92   		   		
9117   			12.43   		   		
9123   			12.26   		   		
9128   			11.69   		   		
9134   			11.92   		   		
9140   			12.20   		   		
9146   			11.97   		   		
9151   			12.72   		   		
9157   			12.68   		   		
9163   			12.74   		   		
9168   			13.02   		   		
9174   			12.51   		   		
9180   			12.39   		   		
9186   			12.09   		   		
9191   			12.60   		   		
9197   			12.43   		   		
9203   			11.00   		   		
9209   			11.06   		   		
9214   			10.51   		   		
9220   			11.42   		   		
9226   			12.51   		   		
9231   			12.39   		   		
9237   			12.16   		   		
9243   			12.35   		   		
9249   			12.81   		   		
9254   			11.61   		   		
9260   			11.09   		   		
9266   			11.09   		   		
9272   			12.11   		   		
9277   			12.79   		   		
9283   			12.22   		   		
9289   			11.88   		   		
9294   			11.42   		   		
9300   			12.98   		   		
9306   			13.21   		   		
9312   			12.29   		   		
9317   			13.32   		   		
9323   			11.84   		   		
9329   			12.54   		   		
9335   			12.49   		   		
9340   			12.49   		   		
9346   			11.57   		   		
9352   			12.20   		   		
9357   			11.48   		   		
9363   			11.88   		   		
9369   			11.94   		   		
9375   			11.42   		   		
9380   			11.59   		   		
9386   			12.14   		   		
9392   			11.74   		   		
9398   			11.23   		   		
9403   			11.23   		   		
9409   			11.52   		   		
9415   			11.74   		   		
9420   			11.92   		   		
9426   			12.09   		   		
9432   			12.14   		   		
9438   			11.74   		   		
9443   			12.14   		   		
9449   			11.40   		   		
9455   			10.66   		   		
9461   			11.63   		   		
9466   			11.80   		   		
9472   			11.33   		   		
9478   			11.84   		   		
9483   			11.84   		   		
9489   			10.81   		   		
9495   			11.33   		   		
9501   			11.67   		   		
9506   			11.33   		   		
9512   			11.73   		   		
9518   			10.64   		   		
9523   			11.50   		   		
9529   			12.26   		   		
9535   			11.97   		   		
9541   			12.60   		   		
9546   			11.69   		   		
9552   			11.34   		   		
9558   			11.46   		   		
9564   			11.57   		   		
9569   			11.80   		   		
9575   			11.57   		   		
9581   			11.46   		   		
9586   			10.62   		   		
9592   			12.34   		   		
9598   			11.19   		   		
9604   			10.74   		   		
9609   			11.88   		   		
9615   			11.65   		   		
9621   			11.42   		   		
9627   			11.54   		   		
9632   			11.59   		   		
9638   			11.54   		   		
9644   			12.05   		   		
9649   			11.42   		   		
9655   			11.71   		   		
9661   			11.59   		   		
9667   			11.02   		   		
9672   			11.04   		   		
9678   			11.10   		   		
9684   			10.99   		   		
9690   			11.73   		   		
9695   			12.13   		   		
9701   			11.63   		   		
9707   			11.40   		   		
9712   			10.77   		   		
9718   			10.20   		   		
9724   			11.23   		   		
9730   			11.29   		   		
9735   			11.40   		   		
9741   			11.29   		   		
9747   			10.77   		   		
9753   			10.31   		   		
9758   			11.23   		   		
9764   			10.60   		   		
9770   			9.80   		   		
9775   			10.37   		   		
9781   			10.49   		   		
9787   			10.83   		   		
9793   			10.94   		   		
9798   			11.34   		   		
9804   			10.94   		   		
9810   			10.77   		   		
9816   			11.34   		   		
9821   			12.14   		   		
9827   			11.06   		   		
9833   			11.80   		   		
9838   			11.00   		   		
9844   			10.62   		   		
9850   			10.91   		   		
9856   			11.19   		   		
9861   			10.39   		   		
9867   			10.16   		   		
9873   			10.37   		   		
9879   			11.86   		   		
9884   			11.52   		   		
9890   			11.63   		   		
9896   			11.52   		   		
9901   			10.87   		   		
9907   			11.49   		   		
9913   			11.32   		   		
9919   			11.21   		   		
9924   			10.92   		   		
9930   			10.83   		   		
9936   			11.34   		   		
9942   			11.74   		   		
9947   			11.63   		   		
9953   			11.92   		   		
9959   			11.29   		   		
9964   			10.71   		   		
9970   			11.00   		   		
9976   			11.11   		   		
9982   			11.40   		   		
9987   			11.31   		   		
9993   			11.31   		   		
9999   			11.59   		   		
10005   			10.85   		   		
10010   			11.48   		   		
10016   			10.79   		   		
10022   			11.88   		   		
10027   			11.59   		   		
10033   			10.74   		   		
10039   			11.14   		   		
10045   			10.68   		   		
10050   			10.96   		   		
10056   			11.31   		   		
10062   			11.54   		   		
10067   			11.14   		   		
10073   			11.00   		   		
10079   			11.52   		   		
10085   			11.34   		   		
10090   			12.14   		   		
10096   			10.89   		   		
10102   			11.46   		   		
10108   			12.04   		   		
10113   			12.04   		   		
10119   			11.64   		   		
10125   			8.14   		   		
10130   			10.79   		   		
10136   			11.14   		   		
10142   			11.31   		   		
10148   			11.36   		   		
10153   			10.45   		   		
10159   			10.39   		   		
10165   			11.82   		   		
10171   			10.68   		   		
10176   			11.02   		   		
10182   			10.96   		   		
10188   			9.70   		   		
10193   			12.11   		   		
10199   			11.48   		   		
10205   			12.22   		   		
10211   			11.54   		   		
10216   			11.29   		   		
10222   			10.77   		   		
10228   			11.40   		   		
10234   			10.89   		   		
10239   			11.57   		   		
10245   			10.85   		   		
10251   			9.88   		   		
10256   			11.25   		   		
10262   			11.42   		   		
10268   			10.91   		   		
10274   			11.36   		   		
10279   			12.05   		   		
10285   			11.59   		   		
10291   			11.42   		   		
10297   			10.96   		   		
10302   			10.77   		   		
10308   			12.77   		   		
10314   			9.28   		   		
10319   			11.57   		   		
10325   			11.57   		   		
10331   			10.94   		   		
10337   			11.00   		   		
10342   			11.17   		   		
10348   			11.80   		   		
10354   			11.06   		   		
10360   			11.31   		   		
10365   			11.08   		   		
10371   			10.62   		   		
10377   			11.48   		   		
10382   			11.48   		   		
10388   			10.62   		   		
10394   			11.48   		   		
10400   			11.31   		   		
10405   			11.48   		   		
10411   			11.59   		   		
10417   			10.20   		   		
10423   			10.83   		   		
10428   			10.83   		   		
10434   			11.23   		   		
10440   			11.40   		   		
10445   			10.16   		   		
10451   			10.74   		   		
10457   			11.25   		   		
10463   			10.96   		   		
10468   			11.25   		   		
10474   			11.31   		   		
10480   			11.88   		   		
10486   			11.71   		   		
10491   			11.54   		   		
10497   			11.08   		   		
10503   			11.34   		   		
10508   			10.94   		   		
10514   			11.23   		   		
10520   			11.23   		   		
10526   			10.94   		   		
10531   			10.31   		   		
10537   			11.40   		   		
10543   			11.23   		   		
10549   			10.37   		   		
10554   			10.89   		   		
10560   			10.64   		   		
10566   			10.76   		   		
10571   			11.44   		   		
10577   			10.87   		   		
10583   			11.16   		   		
10589   			10.91   		   		
10594   			11.36   		   		
10600   			11.48   		   		
10606   			11.71   		   		
10612   			11.54   		   		
10617   			11.44   		   		
10623   			10.99   		   		
10629   			11.44   		   		
10634   			11.10   		   		
10640   			11.56   		   		
10646   			10.92   		   		
10652   			11.21   		   		
10657   			11.89   		   		
10663   			11.78   		   		
10669   			11.67   		   		
10675   			11.29   		   		
10680   			11.92   		   		
10686   			10.71   		   		
10692   			10.71   		   		
10697   			11.46   		   		
10703   			10.54   		   		
10709   			10.71   		   		
10715   			10.77   		   		
10720   			11.40   		   		
10726   			11.46   		   		
10732   			10.71   		   		
10738   			11.06   		   		
10743   			10.08   		   		
10749   			11.63   		   		
10755   			10.37   		   		
10760   			9.88   		   		
10766   			10.45   		   		
10772   			11.08   		   		
10778   			10.62   		   		
10783   			10.68   		   		
10789   			10.54   		   		
10795   			10.66   		   		
10801   			11.29   		   		
10806   			11.00   		   		
10812   			11.17   		   		
10818   			12.09   		   		
10823   			11.52   		   		
10829   			10.89   		   		
10835   			10.60   		   		
10841   			10.54   		   		
10846   			11.36   		   		
10852   			11.48   		   		
10858   			11.08   		   		
10864   			11.25   		   		
10869   			11.19   		   		
10875   			11.34   		   		
10881   			11.17   		   		
10886   			10.60   		   		
10892   			10.43   		   		
10898   			10.83   		   		
10904   			11.50   		   		
10909   			11.96   		   		
10915   			10.30   		   		
10921   			12.01   		   		
10926   			10.87   		   		
10932   			11.09   		   		
10938   			11.49   		   		
10944   			11.89   		   		
10949   			11.61   		   		
10955   			12.01   		   		
10961   			10.94   		   		
10967   			10.54   		   		
10972   			10.60   		   		
10978   			10.03   		   		
10984   			9.40   		   		
10989   			11.10   		   		
10995   			11.27   		   		
11001   			10.93   		   		
11007   			11.16   		   		
11012   			11.10   		   		
11018   			11.79   		   		
11024   			11.21   		   		
11030   			11.16   		   		
11035   			11.39   		   		
11041   			10.36   		   		
11047   			9.88   		   		
11052   			10.56   		   		
11058   			11.19   		   		
11064   			10.85   		   		
11070   			10.51   		   		
11075   			11.48   		   		
11081   			11.02   		   		
11087   			11.71   		   		
11093   			10.79   		   		
11098   			11.14   		   		
11104   			11.02   		   		
11110   			11.42   		   		
11115   			11.02   		   		
11121   			10.33   		   		
11127   			10.11   		   		
11133   			10.74   		   		
11138   			10.79   		   		
11144   			10.91   		   		
11150   			11.82   		   		
11156   			10.96   		   		
11161   			11.57   		   		
11167   			11.29   		   		
11173   			11.46   		   		
11178   			11.00   		   		
11184   			10.71   		   		
11190   			10.66   		   		
11196   			10.60   		   		
11201   			11.17   		   		
11207   			11.06   		   		
11213   			11.23   		   		
11219   			11.06   		   		
11224   			11.52   		   		
11230   			11.92   		   		
11236   			12.43   		   		
11241   			11.34   		   		
11247   			11.23   		   		
11253   			11.80   		   		
11259   			11.17   		   		
11264   			11.00   		   		
11270   			11.23   		   		
11276   			10.60   		   		
11282   			10.71   		   		
11287   			11.34   		   		
11293   			10.71   		   		
11299   			10.20   		   		
11304   			10.66   		   		
11310   			10.60   		   		
11316   			10.71   		   		
11322   			10.71   		   		
11327   			11.06   		   		
11333   			10.36   		   		
11339   			10.81   		   		
11345   			10.47   		   		
11350   			10.64   		   		
11356   			10.36   		   		
11362   			11.29   		   		
11367   			10.31   		   		
11373   			10.43   		   		
11379   			10.83   		   		
11385   			11.11   		   		
11390   			11.42   		   		
11396   			11.54   		   		
11402   			11.54   		   		
11408   			11.36   		   		
11413   			11.14   		   		
11419   			11.19   		   		
11425   			10.96   		   		
11430   			10.91   		   		
11436   			11.02   		   		
11442   			10.96   		   		
11448   			11.08   		   		
11453   			11.36   		   		
11459   			11.36   		   		
11465   			10.51   		   		
11471   			10.96   		   		
11476   			10.39   		   		
11482   			10.85   		   		
11488   			11.31   		   		
11493   			11.65   		   		
11499   			11.19   		   		
11505   			11.14   		   		
11511   			10.79   		   		
11516   			11.25   		   		
11522   			11.54   		   		
11528   			11.08   		   		
11534   			10.77   		   		
11539   			11.46   		   		
11545   			11.34   		   		
11551   			10.66   		   		
11556   			11.86   		   		
11562   			11.46   		   		
11568   			11.00   		   		
11574   			11.97   		   		
11579   			11.52   		   		
11585   			11.29   		   		
11591   			11.46   		   		
11597   			10.43   		   		
11602   			10.37   		   		
11608   			10.60   		   		
11614   			10.54   		   		
11619   			11.17   		   		
11625   			10.71   		   		
11631   			10.71   		   		
11637   			11.11   		   		
11642   			11.52   		   		
11648   			11.23   		   		
11654   			10.71   		   		
11659   			10.77   		   		
11665   			11.17   		   		
11671   			11.23   		   		
11677   			11.25   		   		
11682   			10.85   		   		
11688   			11.48   		   		
11694   			11.48   		   		
11700   			11.36   		   		
11705   			11.36   		   		
11711   			11.48   		   		
11717   			9.13   		   		
11722   			10.91   		   		
11728   			10.68   		   		
11734   			11.11   		   		
11740   			11.69   		   		
11745   			10.20   		   		
11751   			10.66   		   		
11757   			11.80   		   		
11763   			10.94   		   		
11768   			10.54   		   		
11774   			11.29   		   		
11780   			9.57   		   		
11785   			11.63   		   		
11791   			10.94   		   		
11797   			11.29   		   		
11803   			11.00   		   		
11808   			10.20   		   		
11814   			11.06   		   		
11820   			11.09   		   		
11826   			11.21   		   		
11831   			10.46   		   		
11837   			10.81   		   		
11843   			8.92   		   		
11848   			11.25   		   		
11854   			10.74   		   		
11860   			11.54   		   		
11866   			11.54   		   		
11871   			10.68   		   		
11877   			11.02   		   		
11883   			10.39   		   		
11889   			10.11   		   		
11894   			10.45   		   		
11900   			10.22   		   		
11906   			10.45   		   		
11911   			10.68   		   		
11917   			10.85   		   		
11923   			11.36   		   		
11929   			11.14   		   		
11934   			10.43   		   		
11940   			11.46   		   		
11946   			10.94   		   		
11952   			10.31   		   		
11957   			11.06   		   		
11963   			11.00   		   		
11969   			10.37   		   		
11974   			10.89   		   		
11980   			9.91   		   		
11986   			10.20   		   		
11992   			10.89   		   		
11997   			11.34   		   		
12003   			10.54   		   		
12009   			10.37   		   		
12015   			11.11   		   		
12020   			11.54   		   		
12026   			10.91   		   		
12032   			10.74   		   		
12037   			10.96   		   		
12043   			10.16   		   		
12049   			9.74   		   		
12055   			10.43   		   		
12060   			10.89   		   		
12066   			11.00   		   		
12072   			10.94   		   		
12078   			10.66   		   		
12083   			10.77   		   		
12089   			10.20   		   		
12095   			10.60   		   		
12100   			9.57   		   		
12106   			10.28   		   		
12112   			10.79   		   		
12118   			10.28   		   		
12123   			9.65   		   		
12129   			9.30   		   		
12135   			9.99   		   		
12141   			10.96   		   		
12146   			11.25   		   		
12152   			9.99   		   		
12158   			11.08   		   		
12163   			10.77   		   		
12169   			9.97   		   		
12175   			10.49   		   		
12181   			10.60   		   		
12186   			10.66   		   		
12192   			10.68   		   		
12198   			11.02   		   		
12204   			9.99   		   		
12209   			10.56   		   		
12215   			11.42   		   		
12221   			10.96   		   		
12226   			10.51   		   		
12232   			11.02   		   		
12238   			10.91   		   		
12244   			9.76   		   		
12249   			9.57   		   		
12255   			10.37   		   		
12261   			11.29   		   		
12267   			10.77   		   		
12272   			11.11   		   		
12278   			10.62   		   		
12284   			10.16   		   		
12289   			10.62   		   		
12295   			10.05   		   		
12301   			10.28   		   		
12307   			10.51   		   		
12312   			10.39   		   		
12318   			10.68   		   		
12324   			9.65   		   		
12330   			10.05   		   		
12335   			10.30   		   		
12341   			9.38   		   		
12347   			9.78   		   		
12352   			10.13   		   		
12358   			10.47   		   		
12364   			10.20   		   		
12370   			11.00   		   		
12375   			10.43   		   		
12381   			10.03   		   		
12387   			9.51   		   		
12393   			10.16   		   		
12398   			11.08   		   		
12404   			10.51   		   		
12410   			10.91   		   		
12415   			10.91   		   		
12421   			10.22   		   		
12427   			10.33   		   		
12433   			10.05   		   		
12438   			9.82   		   		
12444   			9.99   		   		
12450   			9.82   		   		
12456   			10.62   		   		
12461   			9.70   		   		
12467   			9.88   		   		
12473   			9.59   		   		
12478   			9.34   		   		
12484   			10.08   		   		
12490   			10.08   		   		
12496   			10.60   		   		
12501   			9.91   		   		
12507   			9.99   		   		
12513   			9.93   		   		
12518   			10.74   		   		
12524   			10.56   		   		
12530   			10.28   		   		
12536   			11.25   		   		
12541   			10.11   		   		
12547   			10.56   		   		
12553   			10.56   		   		
12559   			10.28   		   		
12564   			10.62   		   		
12570   			9.53   		   		
12576   			7.75   		   		
12581   			9.19   		   		
12587   			10.22   		   		
12593   			11.36   		   		
12599   			10.91   		   		
12604   			10.62   		   		
12610   			10.91   		   		
12616   			10.56   		   		
12622   			9.99   		   		
12627   			10.51   		   		
12633   			11.14   		   		
12639   			10.56   		   		
12644   			9.70   		   		
12650   			10.22   		   		
12656   			10.51   		   		
12662   			10.62   		   		
12667   			10.79   		   		
12673   			11.08   		   		
12679   			10.62   		   		
12685   			11.02   		   		
12690   			10.96   		   		
12696   			10.68   		   		
12702   			10.62   		   		
12707   			10.85   		   		
12713   			10.39   		   		
12719   			10.74   		   		
12725   			11.42   		   		
12730   			10.51   		   		
12736   			10.62   		   		
12742   			10.68   		   		
12748   			10.56   		   		
12753   			11.02   		   		
12759   			10.74   		   		
12765   			10.11   		   		
12770   			9.93   		   		
12776   			9.30   		   		
12782   			10.51   		   		
12788   			10.39   		   		
12793   			10.75   		   		
12799   			10.35   		   		
12805   			10.58   		   		
12811   			10.75   		   		
12816   			10.12   		   		
12822   			11.23   		   		
12828   			10.66   		   		
12833   			10.08   		   		
12839   			10.66   		   		
12845   			10.26   		   		
12851   			10.24   		   		
12856   			10.24   		   		
12862   			9.89   		   		
12868   			10.24   		   		
12874   			9.89   		   		
12879   			9.99   		   		
12885   			9.99   		   		
12891   			10.39   		   		
12896   			10.28   		   		
12902   			10.33   		   		
12908   			10.11   		   		
12914   			8.44   		   		
12919   			9.88   		   		
12925   			10.16   		   		
12931   			10.28   		   		
12937   			10.83   		   		
12942   			10.43   		   		
12948   			10.83   		   		
12954   			10.54   		   		
12959   			10.54   		   		
12965   			10.66   		   		
12971   			10.31   		   		
12977   			10.03   		   		
12982   			10.20   		   		
12988   			10.26   		   		
12994   			10.31   		   		
13000   			10.66   		   		
13005   			10.54   		   		
13011   			10.66   		   		
13017   			10.89   		   		
13022   			10.11   		   		
13028   			10.51   		   		
13034   			10.11   		   		
13040   			9.65   		   		
13045   			10.45   		   		
13051   			10.22   		   		
13057   			9.82   		   		
13063   			10.28   		   		
13068   			10.28   		   		
13074   			9.99   		   		
13080   			10.18   		   		
13085   			10.52   		   		
13091   			10.12   		   		
13097   			10.35   		   		
13103   			10.01   		   		
13108   			11.59   		   		
13114   			10.56   		   		
13120   			10.05   		   		
13125   			11.08   		   		
13131   			10.74   		   		
13137   			10.49   		   		
13143   			10.71   		   		
13148   			10.31   		   		
13154   			10.94   		   		
13160   			10.66   		   		
13166   			10.14   		   		
13171   			10.89   		   		
13177   			10.49   		   		
13183   			9.34   		   		
13188   			10.49   		   		
13194   			9.88   		   		
13200   			9.99   		   		
13206   			10.45   		   		
13211   			9.65   		   		
13217   			10.22   		   		
13223   			10.14   		   		
13229   			10.54   		   		
13234   			10.66   		   		
13240   			10.08   		   		
13246   			9.57   		   		
13251   			9.25   		   		
13257   			10.16   		   		
13263   			10.11   		   		
13269   			9.65   		   		
13274   			9.70   		   		
13280   			10.37   		   		
13286   			11.11   		   		
13292   			10.20   		   		
13297   			10.08   		   		
13303   			10.89   		   		
13309   			9.57   		   		
13314   			9.80   		   		
13320   			10.83   		   		
13326   			10.14   		   		
13332   			11.29   		   		
13337   			10.05   		   		
13343   			10.45   		   		
13349   			9.59   		   		
13355   			10.05   		   		
13360   			11.19   		   		
13366   			11.50   		   		
13372   			10.41   		   		
13377   			10.07   		   		
13383   			10.47   		   		
13389   			11.16   		   		
13395   			10.16   		   		
13400   			9.93   		   		
13406   			10.85   		   		
13412   			9.65   		   		
13418   			11.02   		   		
13423   			10.54   		   		
13429   			9.40   		   		
13435   			9.91   		   		
13440   			9.74   		   		
13446   			9.86   		   		
13452   			9.34   		   		
13458   			9.00   		   		
13463   			9.34   		   		
13469   			9.45   		   		
13475   			9.51   		   		
13481   			9.80   		   		
13486   			10.55   		   		
13492   			11.06   		   		
13498   			9.69   		   		
13503   			10.20   		   		
13509   			10.01   		   		
13515   			11.27   		   		
13521   			10.30   		   		
13526   			10.64   		   		
13532   			9.73   		   		
13538   			10.31   		   		
13544   			9.86   		   		
13549   			11.06   		   		
13555   			10.77   		   		
13561   			10.20   		   		
13566   			10.56   		   		
13572   			10.56   		   		
13578   			10.74   		   		
13584   			10.62   		   		
13589   			10.85   		   		
13595   			11.16   		   		
13601   			8.98   		   		
13606   			10.30   		   		
13612   			10.93   		   		
13618   			10.76   		   		
13624   			10.62   		   		
13629   			10.39   		   		
13635   			10.05   		   		
13641   			9.88   		   		
13647   			10.05   		   		
13652   			10.51   		   		
13658   			10.74   		   		
13664   			8.21   		   		
13669   			10.45   		   		
13675   			10.16   		   		
13681   			10.93   		   		
13687   			10.30   		   		
13692   			9.73   		   		
13698   			9.27   		   		
13704   			9.78   		   		
13710   			8.75   		   		
13715   			9.32   		   		
13721   			9.84   		   		
13727   			7.89   		   		
13732   			9.61   		   		
13738   			9.76   		   		
13744   			9.93   		   		
13750   			9.93   		   		
13755   			10.91   		   		
13761   			10.74   		   		
13767   			11.02   		   		
13773   			10.05   		   		
13778   			9.82   		   		
13784   			9.76   		   		
13790   			8.33   		   		
13795   			9.19   		   		
13801   			9.65   		   		
13807   			10.05   		   		
13813   			9.30   		   		
13818   			9.65   		   		
13824   			9.51   		   		
13830   			9.11   		   		
13836   			10.08   		   		
13841   			9.97   		   		
13847   			9.97   		   		
13853   			9.99   		   		
13858   			10.45   		   		
13864   			11.02   		   		
13870   			10.28   		   		
13876   			10.85   		   		
13881   			10.83   		   		
13887   			10.66   		   		
13893   			10.37   		   		
13899   			9.91   		   		
13904   			9.63   		   		
13910   			9.00   		   		
13916   			9.57   		   		
13921   			9.80   		   		
13927   			10.77   		   		
13933   			10.60   		   		
13939   			11.08   		   		
13944   			10.91   		   		
13950   			10.85   		   		
13956   			11.25   		   		
13962   			10.33   		   		
13967   			11.06   		   		
13973   			10.71   		   		
13979   			10.20   		   		
13984   			10.26   		   		
13990   			9.86   		   		
13996   			10.45   		   		
14002   			10.33   		   		
14007   			10.33   		   		
14013   			9.42   		   		
14019   			9.76   		   		
14025   			10.37   		   		
14030   			9.63   		   		
14036   			10.03   		   		
14042   			10.31   		   		
14047   			9.57   		   		
14053   			10.94   		   		
14059   			10.03   		   		
14065   			10.94   		   		
14070   			10.20   		   		
14076   			10.31   		   		
14082   			10.01   		   		
14088   			10.46   		   		
14093   			10.69   		   		
14099   			10.75   		   		
14105   			10.06   		   		
14110   			10.91   		   		
14116   			10.91   		   		
14122   			10.85   		   		
14128   			10.91   		   		
14133   			10.39   		   		
14139   			11.17   		   		
14145   			10.49   		   		
14151   			10.31   		   		
14156   			10.31   		   		
14162   			10.49   		   		
14168   			10.49   		   		
14173   			11.52   		   		
14179   			11.52   		   		
14185   			11.06   		   		
14191   			11.17   		   		
14196   			11.00   		   		
14202   			11.00   		   		
14208   			10.71   		   		
14214   			9.86   		   		
14219   			10.43   		   		
14225   			9.93   		   		
14231   			11.19   		   		
14236   			10.79   		   		
14242   			10.11   		   		
14248   			11.02   		   		
14254   			9.74   		   		
14259   			10.49   		   		
14265   			10.60   		   		
14271   			8.88   		   		
14276   			10.37   		   		
14282   			10.31   		   		
14288   			10.31   		   		
14294   			10.43   		   		
14299   			10.71   		   		
14305   			9.68   		   		
14311   			10.14   		   		
14317   			10.83   		   		
14322   			11.00   		   		
14328   			10.31   		   		
14334   			8.54   		   		
14339   			10.58   		   		
14345   			10.58   		   		
14351   			10.70   		   		
14357   			10.93   		   		
14362   			10.64   		   		
14368   			10.08   		   		
14374   			10.37   		   		
14380   			10.89   		   		
14385   			10.60   		   		
14391   			11.17   		   		
14397   			8.82   		   		
14402   			10.60   		   		
14408   			9.97   		   		
14414   			10.31   		   		
14420   			9.97   		   		
14425   			10.31   		   		
14431   			10.20   		   		
14437   			10.89   		   		
14443   			9.63   		   		
14448   			10.49   		   		
14454   			11.08   		   		
14460   			8.16   		   		
14465   			9.70   		   		
14471   			9.99   		   		
14477   			10.11   		   		
14483   			9.63   		   		
14488   			10.54   		   		
14494   			10.77   		   		
14500   			10.89   		   		
14506   			10.49   		   		
14511   			10.08   		   		
14517   			10.26   		   		
14523   			10.08   		   		
14528   			10.60   		   		
14534   			10.43   		   		
14540   			10.49   		   		
14546   			10.54   		   		
14551   			10.31   		   		
14557   			9.74   		   		
14563   			10.60   		   		
14569   			10.16   		   		
14574   			10.11   		   		
14580   			10.39   		   		
14586   			10.68   		   		
14591   			10.11   		   		
14597   			9.51   		   		
14603   			10.60   		   		
14609   			9.51   		   		
14614   			10.60   		   		
14620   			10.37   		   		
14626   			10.13   		   		
14632   			9.15   		   		
14637   			10.18   		   		
14643   			8.87   		   		
14649   			8.92   		   		
14654   			9.45   		   		
14660   			10.14   		   		
14666   			9.11   		   		
14672   			8.65   		   		
14677   			9.86   		   		
14683   			9.28   		   		
14689   			9.80   		   		
14695   			9.91   		   		
14700   			10.43   		   		
14706   			9.63   		   		
14712   			9.82   		   		
14717   			9.82   		   		
14723   			9.99   		   		
14729   			10.22   		   		
14735   			10.16   		   		
14740   			9.88   		   		
14746   			9.88   		   		
14752   			9.59   		   		
14758   			10.11   		   		
14763   			10.11   		   		
14769   			10.03   		   		
14775   			10.31   		   		
14780   			10.49   		   		
14786   			9.68   		   		
14792   			10.03   		   		
14798   			9.25   		   		
14803   			9.53   		   		
14809   			10.22   		   		
14815   			8.21   		   		
14820   			9.59   		   		
14826   			9.23   		   		
14832   			9.57   		   		
14838   			9.68   		   		
14843   			10.08   		   		
14849   			10.14   		   		
14855   			10.66   		   		
14861   			10.49   		   		
14866   			9.97   		   		
14872   			10.43   		   		
14878   			9.40   		   		
14883   			9.91   		   		
14889   			9.51   		   		
14895   			10.20   		   		
14901   			10.26   		   		
14906   			11.23   		   		
14912   			10.54   		   		
14918   			10.37   		   		
14924   			10.54   		   		
14929   			10.49   		   		
14935   			9.86   		   		
14941   			8.56   		   		
14946   			9.82   		   		
14952   			10.68   		   		
14958   			10.85   		   		
14964   			10.56   		   		
14969   			10.89   		   		
14975   			9.86   		   		
14981   			10.66   		   		
14987   			10.26   		   		
14992   			10.54   		   		
14998   			11.42   		   		
15004   			10.28   		   		
15009   			9.99   		   		
15015   			10.39   		   		
15021   			9.82   		   		
15027   			9.74   		   		
15032   			10.37   		   		
15038   			10.77   		   		
15044   			10.71   		   		
15050   			10.66   		   		
15055   			10.37   		   		
15061   			9.97   		   		
15067   			10.49   		   		
15072   			10.83   		   		
15078   			9.97   		   		
15084   			10.39   		   		
15090   			10.74   		   		
15095   			9.88   		   		
15101   			10.11   		   		
15107   			10.33   		   		
15113   			11.19   		   		
15118   			11.08   		   		
15124   			9.82   		   		
15130   			10.68   		   		
15135   			10.33   		   		
15141   			10.26   		   		
15147   			10.26   		   		
15153   			9.17   		   		
15158   			10.08   		   		
15164   			11.00   		   		
15170   			10.79   		   		
15176   			10.74   		   		
15181   			10.56   		   		
15187   			9.99   		   		
15193   			10.11   		   		
15198   			9.59   		   		
15204   			9.88   		   		
15210   			10.22   		   		
15216   			9.65   		   		
15221   			9.93   		   		
15227   			9.97   		   		
15233   			10.26   		   		
15239   			10.20   		   		
15244   			9.86   		   		
15250   			10.43   		   		
15256   			9.86   		   		
15261   			9.80   		   		
15267   			10.66   		   		
15273   			10.54   		   		
15279   			11.06   		   		
15284   			10.77   		   		
15290   			11.29   		   		
15296   			9.28   		   		
15301   			11.40   		   		
15307   			11.52   		   		
15313   			10.99   		   		
15319   			10.70   		   		
15324   			10.93   		   		
15330   			10.76   		   		
15336   			11.61   		   		
15342   			10.62   		   		
15347   			10.74   		   		
15353   			11.02   		   		
15359   			9.42   		   		
15364   			10.22   		   		
15370   			10.85   		   		
15376   			10.16   		   		
15382   			10.39   		   		
15387   			10.62   		   		
15393   			9.82   		   		
15399   			10.85   		   		
15405   			9.88   		   		
15410   			10.28   		   		
15416   			9.48   		   		
15422   			9.99   		   		
15427   			10.11   		   		
15433   			10.05   		   		
15439   			9.99   		   		
15445   			9.53   		   		
15450   			9.88   		   		
15456   			10.22   		   		
15462   			10.68   		   		
15468   			10.56   		   		
15473   			10.45   		   		
15479   			10.51   		   		
15485   			10.37   		   		
15490   			10.54   		   		
15496   			10.77   		   		
15502   			11.00   		   		
15508   			10.89   		   		
15513   			10.49   		   		
15519   			10.71   		   		
15525   			11.57   		   		
15531   			11.17   		   		
15536   			10.71   		   		
15542   			11.59   		   		
15548   			10.79   		   		
15553   			11.71   		   		
15559   			11.48   		   		
15565   			11.65   		   		
15571   			11.34   		   		
15576   			11.40   		   		
15582   			11.40   		   		
15588   			11.06   		   		
15594   			11.63   		   		
15599   			10.87   		   		
15605   			10.76   		   		
15611   			10.53   		   		
15616   			11.21   		   		
15622   			11.50   		   		
15628   			11.06   		   		
15634   			11.52   		   		
15639   			11.34   		   		
15645   			10.37   		   		
15651   			10.60   		   		
15657   			10.89   		   		
15662   			11.69   		   		
15668   			11.17   		   		
15674   			10.14   		   		
15679   			10.83   		   		
15685   			10.35   		   		
15691   			10.75   		   		
15697   			10.69   		   		
15702   			10.98   		   		
15708   			11.21   		   		
15714   			11.88   		   		
15720   			11.59   		   		
15725   			11.82   		   		
15731   			11.02   		   		
15737   			11.25   		   		
15742   			11.92   		   		
15748   			11.40   		   		
15754   			10.71   		   		
15760   			10.49   		   		
15765   			9.91   		   		
15771   			10.22   		   		
15777   			10.56   		   		
15783   			10.22   		   		
15788   			11.31   		   		
15794   			11.65   		   		
15800   			11.17   		   		
15805   			11.34   		   		
15811   			10.83   		   		
15817   			11.57   		   		
15823   			11.52   		   		
15828   			10.91   		   		
15834   			10.91   		   		
15840   			11.02   		   		
15846   			11.82   		   		
15851   			11.08   		   		
15857   			10.62   		   		
15863   			10.51   		   		
15868   			10.28   		   		
15874   			10.74   		   		
15880   			10.45   		   		
15886   			11.63   		   		
15891   			10.49   		   		
15897   			12.26   		   		
15903   			11.23   		   		
15908   			11.11   		   		
15914   			11.88   		   		
15920   			11.82   		   		
15926   			11.19   		   		
15931   			10.28   		   		
15937   			10.51   		   		
15943   			10.37   		   		
15949   			10.14   		   		
15954   			10.43   		   		
15960   			9.63   		   		
15966   			8.88   		   		
15971   			10.60   		   		
15977   			11.00   		   		
15983   			11.23   		   		
15989   			12.54   		   		
15994   			11.74   		   		
16000   			11.40   		   		
16006   			11.29   		   		
16012   			11.29   		   		
16017   			11.92   		   		
16023   			11.80   		   		
16029   			9.97   		   		
16034   			10.71   		   		
16040   			11.23   		   		
16046   			10.89   		   		
16052   			11.52   		   		
16057   			10.94   		   		
16063   			10.08   		   		
16069   			11.52   		   		
16075   			11.92   		   		
16080   			11.52   		   		
16086   			10.07   		   		
16092   			10.41   		   		
16097   			10.13   		   		
16103   			10.58   		   		
16109   			11.44   		   		
16115   			10.94   		   		
16120   			10.49   		   		
16126   			10.83   		   		
16132   			10.37   		   		
16138   			10.83   		   		
16143   			10.94   		   		
16149   			10.26   		   		
16155   			10.83   		   		
16160   			9.80   		   		
16166   			10.37   		   		
16172   			10.37   		   		
16178   			11.17   		   		
16183   			10.89   		   		
16189   			10.89   		   		
16195   			10.37   		   		
16201   			10.74   		   		
16206   			11.02   		   		
16212   			10.79   		   		
16218   			11.14   		   		
16223   			11.02   		   		
16229   			11.00   		   		
16235   			11.34   		   		
16241   			10.89   		   		
16246   			10.31   		   		
16252   			11.63   		   		
16258   			11.76   		   		
16264   			11.25   		   		
16269   			10.85   		   		
16275   			10.51   		   		
16281   			10.22   		   		
16286   			10.37   		   		
16292   			10.77   		   		
16298   			11.17   		   		
16304   			10.14   		   		
16309   			10.71   		   		
16315   			10.85   		   		
16321   			10.28   		   		
16327   			10.33   		   		
16332   			10.74   		   		
16338   			10.91   		   		
16344   			10.85   		   		
16349   			10.85   		   		
16355   			10.16   		   		
16361   			9.59   		   		
16367   			9.76   		   		
16372   			9.88   		   		
16378   			9.93   		   		
16384   			10.11   		   		
16390   			11.14   		   		
16395   			10.39   		   		
16401   			10.56   		   		
16407   			9.93   		   		
16412   			9.82   		   		
16418   			10.51   		   		
16424   			10.28   		   		
16430   			10.22   		   		
16435   			10.22   		   		
16441   			9.70   		   		
16447   			7.75   		   		
16452   			9.65   		   		
16458   			9.70   		   		
16464   			9.36   		   		
16470   			9.30   		   		
16475   			8.62   		   		
16481   			8.10   		   		
16487   			8.37   		   		
16493   			8.31   		   		
16498   			8.14   		   		
16504   			9.17   		   		
16510   			6.64   		   		
16515   			9.03   		   		
16521   			8.00   		   		
16527   			7.66   		   		
16533   			7.54   		   		
16538   			8.06   		   		
16544   			7.22   		   		
16550   			7.45   		   		
16556   			7.62   		   		
16561   			7.80   		   		
16567   			7.34   		   		
16573   			5.46   		   		
16578   			7.24   		   		
16584   			6.78   		   		
16590   			6.43   		   		
16596   			5.92   		   		
16601   			6.76   		   		
16607   			7.10   		   		
16613   			6.47   		   		
16619   			6.47   		   		
16624   			6.47   		   		
16630   			6.41   		   		
16636   			4.57   		   		
16641   			6.81   		   		
16647   			6.47   		   		
16653   			6.47   		   		
16659   			6.53   		   		
16664   			6.47   		   		
16670   			6.30   		   		
16676   			6.01   		   		
16682   			6.24   		   		
16687   			4.63   		   		
16693   			5.84   		   		
16699   			3.82   		   		
16704   			6.12   		   		
16710   			5.32   		   		
16716   			5.97   		   		
16722   			5.69   		   		
16727   			5.17   		   		
16733   			4.88   		   		
16739   			5.69   		   		
16745   			5.97   		   		
16750   			4.71   		   		
16756   			4.88   		   		
16762   			4.48   		   		
16767   			5.22   		   		
16773   			4.86   		   		
16779   			5.15   		   		
16785   			5.20   		   		
16790   			5.49   		   		
16796   			4.97   		   		
16802   			4.69   		   		
16808   			4.63   		   		
16813   			4.86   		   		
16819   			4.46   		   		
16825   			2.32   		   		
16830   			3.84   		   		
16836   			4.48   		   		
16842   			3.90   		   		
16848   			4.94   		   		
16853   			3.55   		   		
16859   			4.34   		   		
16865   			3.99   		   		
16871   			3.42   		   		
16876   			3.76   		   		
16882   			2.72   		   		
16888   			2.23   		   		
16893   			4.19   		   		
16899   			3.96   		   		
16905   			4.59   		   		
16911   			3.96   		   		
16916   			4.59   		   		
16922   			4.71   		   		
16928   			4.13   		   		
16934   			3.27   		   		
16939   			4.13   		   		
16945   			4.36   		   		
16951   			2.11   		   		
16956   			4.53   		   		
16962   			4.19   		   		
16968   			3.55   		   		
16974   			4.25   		   		
16979   			3.27   		   		
16985   			3.15   		   		
16991   			3.78   		   		
16997   			3.03   		   		
17002   			2.75   		   		
17008   			3.15   		   		
17014   			1.99   		   		
17019   			2.86   		   		
17025   			3.09   		   		
17031   			3.36   		   		
17037   			3.01   		   		
17042   			3.59   		   		
17048   			3.13   		   		
17054   			3.65   		   		
17060   			3.53   		   		
17065   			3.99   		   		
17071   			3.53   		   		
17077   			1.86   		   		
17082   			2.78   		   		
17088   			3.36   		   		
17094   			3.13   		   		
17100   			3.65   		   		
17105   			3.13   		   		
17111   			3.24   		   		
17117   			2.75   		   		
17123   			2.63   		   		
17128   			1.94   		   		
17134   			2.86   		   		
17140   			2.28   		   		
17145   			3.50   		   		
17151   			3.03   		   		
17157   			3.15   		   		
17163   			2.86   		   		
17168   			2.51   		   		
17174   			2.55   		   		
17180   			2.44   		   		
17186   			2.09   		   		
17191   			2.67   		   		
17197   			3.36   		   		
17203   			2.75   		   		
17208   			2.80   		   		
17214   			3.27   		   		
17220   			2.98   		   		
17226   			2.46   		   		
17231   			2.82   		   		
17237   			2.65   		   		
17243   			3.17   		   		
17249   			2.82   		   		
17254   			1.96   		   		
17260   			2.15   		   		
17266   			1.80   		   		
17271   			1.34   		   		
17277   			0.82   		   		
17283   			2.03   		   		
17289   			1.74   		   		
17294   			2.44   		   		
17300   			1.97   		   		
17306   			1.34   		   		
17312   			3.13   		   		
17317   			1.66   		   		
17323   			1.55   		   		
17329   			1.37   		   		
17334   			1.66   		   		
17340   			0.62   		   		
17346   			1.57   		   		
17352   			1.80   		   		
17357   			1.28   		   		
17363   			0.99   		   		
17369   			0.47   		   		
17375   			1.24   		   		
17380   			2.17   		   		
17386   			1.76   		   		
17392   			0.09   		   		
17397   			0.95   		   		
17403   			1.42   		   		
17409   			0.09   		   		
17415   			0.49   		   		
17420   			0.61   		   		
17426   			0.43   		   		
17432   			0.39   		   		
17438   			0.91   		   		
17443   			1.09   		   		
17449   			-0.01   		   		
17455   			1.43   		   		
17460   			2.03   		   		
17466   			1.05   		   		
17472   			1.57   		   		
17478   			1.45   		   		
17483   			1.28   		   		
17489   			0.84   		   		
17495   			-0.03   		   		
17501   			0.03   		   		
17506   			0.49   		   		
17512   			0.26   		   		
17518   			0.24   		   		
17523   			0.47   		   		
17529   			0.30   		   		
17535   			0.24   		   		
17541   			0.64   		   		
17546   			0.99   		   		
17552   			0.70   		   		
17558   			-0.92   		   		
17563   			2.20   		   		
17569   			1.97   		   		
17575   			1.73   		   		
17581   			1.21   		   		
17586   			1.50   		   		
17592   			1.50   		   		
17598   			0.98   		   		
17604   			1.68   		   		
17609   			0.53   		   		
17615   			0.76   		   		
17621   			-0.11   		   		
17626   			0.93   		   		
17632   			1.14   		   		
17638   			1.03   		   		
17644   			0.97   		   		
17649   			1.26   		   		
17655   			0.04   		   		
17661   			1.07   		   		
17667   			0.84   		   		
17672   			0.38   		   		
17678   			0.09   		   		
17684   			-1.25   		   		
17689   			0.19   		   		
17695   			0.07   		   		
17701   			0.01   		   		
17707   			0.94   		   		
17712   			0.19   		   		
17718   			0.30   		   		
17724   			0.47   		   		
17730   			0.35   		   		
17735   			1.80   		   		
17741   			0.82   		   		
17747   			-1.36   		   		
17752   			0.55   		   		
17758   			0.20   		   		
17764   			0.09   		   		
17770   			0.38   		   		
17775   			0.03   		   		
17781   			0.43   		   		
17787   			0.78   		   		
17793   			0.20   		   		
17798   			0.78   		   		
17804   			-0.15   		   		
17810   			-0.03   		   		
17815   			-0.49   		   		
17821   			-0.15   		   		
17827   			-0.26   		   		
17833   			-0.40   		   		
17838   			-0.34   		   		
17844   			-0.34   		   		
17850   			-0.51   		   		
17856   			0.18   		   		
17861   			0.70   		   		
17867   			-0.17   		   		
17873   			-0.40   		   		
17878   			0.47   		   		
17884   			0.18   		   		
17890   			0.53   		   		
17896   			-0.17   		   		
17901   			-0.05   		   		
17907   			0.47   		   		
17913   			0.35   		   		
17919   			0.66   		   		
17924   			1.19   		   		
17930   			0.55   		   		
17936   			0.90   		   		
17941   			0.38   		   		
17947   			-0.57   		   		
17953   			-0.40   		   		
17959   			0.12   		   		
17964   			0.47   		   		
17970   			-0.11   		   		
17976   			-1.01   		   		
17982   			-0.67   		   		
17987   			-0.26   		   		
17993   			-0.72   		   		
17999   			0.66   		   		
18004   			0.49   		   		
18010   			0.49   		   		
18016   			-0.15   		   		
18022   			0.49   		   		
18027   			0.43   		   		
18033   			-0.18   		   		
18039   			-0.18   		   		
18045   			-0.47   		   		
18050   			-0.12   		   		
18056   			-0.30   		   		
18062   			-0.46   		   		
18067   			-0.11   		   		
18073   			0.12   		   		
18079   			-0.51   		   		
18085   			0.12   		   		
18090   			-0.25   		   		
18096   			-0.54   		   		
18102   			-0.30   		   		
18107   			0.62   		   		
18113   			-0.65   		   		
18119   			0.12   		   		
18125   			-0.28   		   		
18130   			-0.28   		   		
18136   			-0.86   		   		
18142   			-1.44   		   		
18148   			-1.09   		   		
18153   			-0.34   		   		
18159   			-0.39   		   		
18165   			-3.12   		   		
18170   			-0.91   		   		
18176   			-0.76   		   		
18182   			-0.82   		   		
18188   			-1.17   		   		
18193   			-1.05   		   		
18199   			-0.53   		   		
18205   			-0.80   		   		
18211   			-1.38   		   		
18216   			-1.33   		   		
18222   			-1.85   		   		
18228   			-1.50   		   		
18233   			-0.82   		   		
18239   			-0.48   		   		
18245   			-1.11   		   		
18251   			0.16   		   		
18256   			-0.01   		   		
18262   			-0.72   		   		
18268   			-0.26   		   		
18274   			-1.07   		   		
18279   			-0.38   		   		
18285   			-0.38   		   		
18291   			0.24   		   		
18296   			-0.40   		   		
18302   			-0.28   		   		
18308   			-0.11   		   		
18314   			-0.57   		   		
18319   			-0.44   		   		
18325   			-0.09   		   		
18331   			-0.78   		   		
18337   			-0.44   		   		
18342   			-0.09   		   		
18348   			-0.44   		   		
18354   			-0.38   		   		
18359   			-0.49   		   		
18365   			0.09   		   		
18371   			-0.20   		   		
18377   			0.01   		   		
18382   			-0.22   		   		
18388   			-0.17   		   		
18394   			0.12   		   		
18400   			-0.34   		   		
18405   			-0.07   		   		
18411   			0.28   		   		
18417   			0.16   		   		
18422   			-0.13   		   		
18428   			-0.65   		   		
18434   			-0.11   		   		
18440   			-0.57   		   		
18445   			0.18   		   		
18451   			0.24   		   		
18457   			0.35   		   		
18463   			0.49   		   		
18468   			-0.49   		   		
18474   			0.32   		   		
18480   			0.20   		   		
18485   			1.13   		   		
18491   			-0.61   		   		
18497   			0.66   		   		
18503   			0.38   		   		
18508   			0.26   		   		
18514   			0.55   		   		
18520   			-0.03   		   		
18526   			-0.03   		   		
18531   			-0.49   		   		
18537   			-0.78   		   		
18543   			-0.32   		   		
18548   			-0.15   		   		
18554   			-0.67   		   		
18560   			-0.90   		   		
18566   			-0.55   		   		
18571   			-0.15   		   		
18577   			0.03   		   		
18583   			-0.32   		   		
18589   			-0.67   		   		
18594   			-0.26   		   		
18600   			0.03   		   		
18606   			-0.11   		   		
18611   			0.99   		   		
18617   			0.76   		   		
18623   			0.76   		   		
18629   			1.16   		   		
18634   			1.24   		   		
18640   			0.09   		   		
18646   			0.09   		   		
18652   			0.49   		   		
18657   			0.09   		   		
18663   			0.24   		   		
18669   			0.35   		   		
18674   			0.53   		   		
18680   			0.47   		   		
18686   			0.01   		   		
18692   			0.20   		   		
18697   			-0.20   		   		
18703   			-1.19   		   		
18709   			-2.35   		   		
18714   			-0.55   		   		
18720   			-0.11   		   		
18726   			-0.05   		   		
18732   			-0.22   		   		
18737   			0.53   		   		
18743   			-0.11   		   		
18749   			-0.15   		   		
18755   			-0.78   		   		
18760   			-0.38   		   		
18766   			-1.01   		   		
18772   			-0.44   		   		
18777   			-0.24   		   		
18783   			-0.18   		   		
18789   			-0.30   		   		
18795   			-0.41   		   		
18800   			-0.88   		   		
18806   			-0.63   		   		
18812   			0.12   		   		
18818   			-0.86   		   		
18823   			-1.44   		   		
18829   			-0.05   		   		
18835   			-0.38   		   		
18840   			-0.32   		   		
18846   			0.66   		   		
18852   			-0.67   		   		
18858   			0.32   		   		
18863   			0.64   		   		
18869   			0.53   		   		
18875   			0.53   		   		
18881   			0.47   		   		
18886   			0.64   		   		
18892   			0.03   		   		
18898   			-0.15   		   		
18903   			0.95   		   		
18909   			0.55   		   		
18915   			0.84   		   		
18921   			0.01   		   		
18926   			0.59   		   		
18932   			0.53   		   		
18938   			1.16   		   		
18944   			0.30   		   		
18949   			-0.53   		   		
18955   			-0.12   		   		
18961   			0.22   		   		
18966   			0.11   		   		
18972   			-0.24   		   		
18978   			-0.57   		   		
18984   			0.01   		   		
18989   			-0.05   		   		
18995   			0.18   		   		
19001   			-0.51   		   		
19007   			-0.69   		   		
19012   			-0.57   		   		
19018   			-1.21   		   		
19024   			-0.63   		   		
19029   			-0.17   		   		
19035   			-0.55   		   		
19041   			0.14   		   		
19047   			-0.15   		   		
19052   			0.09   		   		
19058   			-0.49   		   		
19064   			1.09   		   		
19070   			-0.18   		   		
19075   			-0.36   		   		
19081   			-0.65   		   		
19087   			0.34   		   		
19092   			-0.28   		   		
19098   			0.70   		   		
19104   			0.01   		   		
19110   			0.18   		   		
19115   			0.12   		   		
19121   			0.16   		   		
19127   			0.51   		   		
19133   			-0.24   		   		
19138   			-0.41   		   		
19144   			-0.47   		   		
19150   			-0.40   		   		
19155   			-0.40   		   		
19161   			0.07   		   		
19167   			0.35   		   		
19173   			0.88   		   		
19178   			0.03   		   		
19184   			0.49   		   		
19190   			0.03   		   		
19196   			-0.38   		   		
19201   			-0.20   		   		
19207   			-0.17   		   		
19213   			-0.11   		   		
19218   			0.76   		   		
19224   			-0.05   		   		
19230   			-0.40   		   		
19236   			0.11   		   		
19241   			1.21   		   		
19247   			-0.01   		   		
19253   			0.34   		   		
19259   			1.26   		   		
19264   			0.84   		   		
19270   			1.13   		   		
19276   			0.43   		   		
19281   			0.03   		   		
19287   			0.49   		   		
19293   			0.30   		   		
19299   			0.18   		   		
19304   			0.35   		   		
19310   			1.11   		   		
19316   			-1.56   		   		
19321   			-0.18   		   		
19327   			-0.12   		   		
19333   			0.05   		   		
19339   			0.57   		   		
19344   			-0.30   		   		
19350   			0.30   		   		
19356   			0.59   		   		
19362   			0.12   		   		
19367   			0.53   		   		
19373   			0.47   		   		
19379   			0.12   		   		
19384   			-0.28   		   		
19390   			-0.05   		   		
19396   			-0.34   		   		
19402   			-0.51   		   		
19407   			-0.63   		   		
19413   			-0.40   		   		
19419   			-0.51   		   		
19425   			-0.11   		   		
19430   			0.18   		   		
19436   			0.40   		   		
19442   			0.69   		   		
19447   			-0.65   		   		
19453   			-0.94   		   		
19459   			-0.18   		   		
19465   			-0.55   		   		
19470   			-0.84   		   		
19476   			-0.15   		   		
19482   			-0.20   		   		
19488   			-0.90   		   		
19493   			-0.34   		   		
19499   			0.07   		   		
19505   			0.07   		   		
19510   			-0.75   		   		
19516   			-0.22   		   		
19522   			-0.03   		   		
19528   			-0.26   		   		
19533   			-0.38   		   		
19539   			0.66   		   		
19545   			-0.20   		   		
19551   			-0.38   		   		
19556   			-0.20   		   		
19562   			-0.09   		   		
19568   			-0.90   		   		
19573   			-0.09   		   		
19579   			0.12   		   		
19585   			-0.40   		   		
19591   			0.18   		   		
19596   			-0.51   		   		
19602   			-0.11   		   		
19608   			-0.69   		   		
19614   			-0.22   		   		
19619   			-0.40   		   		
19625   			-0.63   		   		
19631   			0.47   		   		
19636   			0.41   		   		
19642   			0.59   		   		
19648   			-0.51   		   		
19654   			-0.11   		   		
19659   			-0.28   		   		
19665   			-0.32   		   		
19671   			-1.30   		   		
19677   			0.26   		   		
19682   			-0.61   		   		
19688   			-0.49   		   		
19694   			-0.32   		   		
19699   			-0.32   		   		
19705   			-0.26   		   		
19711   			0.03   		   		
19717   			-0.32   		   		
19722   			-0.26   		   		
19728   			0.26   		   		
19734   			0.03   		   		
19740   			-0.78   		   		
19745   			0.26   		   		
19751   			-0.80   		   		
19757   			0.41   		   		
19762   			-0.34   		   		
19768   			-0.05   		   		
19774   			-0.69   		   		
19780   			-0.22   		   		
19785   			-0.28   		   		
19791   			-0.46   		   		
19797   			-2.02   		   		
19802   			-0.11   		   		
19808   			-0.15   		   		
19814   			-0.38   		   		
19820   			-0.03   		   		
19825   			0.26   		   		
19831   			-0.44   		   		
19837   			-0.51   		   		
19843   			-1.04   		   		
19848   			-0.22   		   		
19854   			0.07   		   		
19860   			-1.33   		   		
19865   			-0.07   		   		
19871   			0.16   		   		
19877   			-0.59   		   		
19883   			-0.88   		   		
19888   			-1.23   		   		
19894   			-1.44   		   		
19900   			-0.05   		   		
19906   			-0.86   		   		
19911   			-1.09   		   		
19917   			-0.40   		   		
19923   			-2.41   		   		
19928   			-1.01   		   		
19934   			-0.15   		   		
19940   			-0.61   		   		
19946   			-1.07   		   		
19951   			-0.90   		   		
19957   			-1.01   		   		
19963   			-1.36   		   		
19969   			0.09   		   		
19974   			0.43   		   		
19980   			-0.72   		   		
19986   			-1.25   		   		
19991   			-1.07   		   		
19997   			-1.19   		   		
20003   			-0.90   		   		
20009   			-0.80   		   		
20014   			-0.05   		   		
20020   			0.12   		   		
20026   			-0.17   		   		
20032   			-0.92   		   		
20037   			0.01   		   		
20043   			0.01   		   		
20049   			-0.80   		   		
20054   			-0.98   		   		
20060   			-0.57   		   		
20066   			-0.51   		   		
20072   			-0.40   		   		
20077   			-1.04   		   		
20083   			-0.98   		   		
20089   			-0.57   		   		
20095   			-0.17   		   		
20100   			-0.86   		   		
20106   			-0.63   		   		
20112   			-1.44   		   		
20117   			-1.73   		   		
20123   			-0.96   		   		
20129   			-0.38   		   		
20135   			-0.61   		   		
20140   			-1.42   		   		
20146   			-1.01   		   		
20152   			-1.11   		   		
20158   			-0.94   		   		
20163   			0.22   		   		
20169   			-0.65   		   		
20175   			-0.53   		   		
20180   			-0.76   		   		
20186   			-0.94   		   		
20192   			-0.41   		   		
20198   			-0.12   		   		
20203   			-0.18   		   		
20209   			-0.65   		   		
20215   			-0.25   		   		
20221   			-0.65   		   		
20226   			-0.07   		   		
20232   			-0.25   		   		
20238   			0.55   		   		
20243   			-0.09   		   		
20249   			-0.55   		   		
20255   			-0.20   		   		
20261   			0.14   		   		
20266   			0.47   		   		
20272   			0.18   		   		
20278   			-0.17   		   		
20284   			-0.46   		   		
20289   			-0.28   		   		
20295   			-0.76   		   		
20301   			-0.94   		   		
20306   			-0.01   		   		
20312   			0.45   		   		
20318   			0.45   		   		
20324   			-0.05   		   		
20329   			-0.63   		   		
20335   			0.01   		   		
20341   			-1.38   		   		
20346   			-0.34   		   		
20352   			-0.38   		   		
20358   			0.32   		   		
20364   			0.03   		   		
20369   			0.03   		   		
20375   			-0.26   		   		
20381   			-0.34   		   		
20387   			-0.46   		   		
20392   			-0.22   		   		
20398   			-0.05   		   		
20404   			-2.02   		   		
20409   			0.03   		   		
20415   			0.26   		   		
20421   			0.20   		   		
20427   			0.55   		   		
20432   			0.78   		   		
20438   			-0.12   		   		
20444   			0.16   		   		
20450   			0.63   		   		
20455   			0.34   		   		
20461   			-0.12   		   		
20467   			-0.40   		   		
20472   			0.41   		   		
20478   			0.41   		   		
20484   			0.24   		   		
20490   			0.12   		   		
20495   			0.16   		   		
20501   			-0.82   		   		
20507   			-0.65   		   		
20513   			-0.65   		   		
20518   			0.34   		   		
20524   			0.49   		   		
20530   			0.03   		   		
20535   			-0.72   		   		
20541   			-0.84   		   		
20547   			-0.38   		   		
20553   			-0.51   		   		
20558   			-0.28   		   		
20564   			-0.28   		   		
20570   			-0.22   		   		
20576   			-0.05   		   		
20581   			0.01   		   		
20587   			-0.86   		   		
20593   			-0.51   		   		
20598   			-0.57   		   		
20604   			-0.63   		   		
20610   			-1.05   		   		
20616   			-0.53   		   		
20621   			0.69   		   		
20627   			-1.05   		   		
20633   			0.28   		   		
20639   			0.20   		   		
20644   			-1.01   		   		
20650   			-0.55   		   		
20656   			-0.20   		   		
20661   			0.43   		   		
20667   			0.09   		   		
20673   			-0.72   		   		
20679   			-1.54   		   		
20684   			-0.09   		   		
20690   			0.26   		   		
20696   			0.03   		   		
20702   			-0.20   		   		
20707   			-0.78   		   		
20713   			-0.67   		   		
20719   			-0.20   		   		
20724   			-0.78   		   		
20730   			-0.49   		   		
20736   			-0.72   		   		
20742   			-0.15   		   		
20747   			-1.01   		   		
20753   			-1.42   		   		
20759   			-1.07   		   		
20765   			-1.19   		   		
20770   			-1.07   		   		
20776   			-1.42   		   		
20782   			-0.69   		   		
20787   			-0.17   		   		
20793   			-0.46   		   		
20799   			-1.27   		   		
20805   			-2.37   		   		
20810   			-2.00   		   		
20816   			-0.78   		   		
20822   			-1.71   		   		
20828   			-1.42   		   		
20833   			-0.61   		   		
20839   			-0.07   		   		
20845   			-0.76   		   		
20850   			-1.17   		   		
20856   			-0.18   		   		
20862   			-0.65   		   		
20868   			-0.53   		   		
20873   			-0.82   		   		
20879   			-0.24   		   		
20885   			-0.82   		   		
20891   			0.16   		   		
20896   			-0.34   		   		
20902   			-0.34   		   		
20908   			-0.17   		   		
20913   			-0.05   		   		
20919   			0.64   		   		
20925   			-0.32   		   		
20931   			0.49   		   		
20936   			0.72   		   		
20942   			-0.26   		   		
20948   			-0.32   		   		
20954   			-0.51   		   		
20959   			-0.40   		   		
20965   			-0.11   		   		
20971   			0.07   		   		
20976   			-0.28   		   		
20982   			-0.09   		   		
20988   			-0.90   		   		
20994   			-0.90   		   		
20999   			-1.71   		   		
21005   			-0.55   		   		
21011   			-0.36   		   		
21017   			-0.94   		   		
21022   			-1.11   		   		
21028   			0.11   		   		
21034   			-1.28   		   		
21039   			-0.60   		   		
21045   			0.32   		   		
21051   			-0.14   		   		
21057   			-0.60   		   		
21062   			-0.78   		   		
21068   			-0.61   		   		
21074   			0.26   		   		
21079   			-1.54   		   		
21085   			-0.09   		   		
21091   			-0.44   		   		
21097   			-0.84   		   		
21102   			-0.96   		   		
21108   			-0.72   		   		
21114   			-0.61   		   		
21120   			-1.01   		   		
21125   			-0.57   		   		
21131   			-0.97   		   		
21137   			-2.89   		   		
21142   			-0.05   		   		
21148   			-0.86   		   		
21154   			-0.92   		   		
21160   			-0.63   		   		
21165   			-1.15   		   		
21171   			-0.80   		   		
21177   			-0.51   		   		
21183   			-1.33   		   		
21188   			-0.28   		   		
21194   			-0.28   		   		
