Timestamp		Force Z		Comments
0   			-1.08   		   		
6   			-0.56   		   		
12   			-0.67   		   		
18   			-0.09   		   		
23   			0.25   		   		
29   			0.37   		   		
35   			-1.60   		   		
40   			0.66   		   		
46   			0.49   		   		
52   			0.49   		   		
58   			0.23   		   		
63   			0.64   		   		
69   			-0.17   		   		
75   			-0.17   		   		
81   			0.70   		   		
86   			0.83   		   		
92   			1.06   		   		
98   			-1.54   		   		
103   			-0.38   		   		
109   			0.08   		   		
115   			0.20   		   		
121   			0.14   		   		
126   			0.60   		   		
132   			0.20   		   		
138   			0.54   		   		
144   			-0.02   		   		
149   			0.62   		   		
155   			0.33   		   		
161   			0.39   		   		
166   			0.10   		   		
172   			-0.35   		   		
178   			0.12   		   		
184   			1.04   		   		
189   			1.45   		   		
195   			0.58   		   		
201   			0.62   		   		
207   			0.45   		   		
212   			0.04   		   		
218   			0.62   		   		
224   			-0.07   		   		
229   			0.49   		   		
235   			-0.56   		   		
241   			0.25   		   		
247   			1.12   		   		
252   			0.72   		   		
258   			0.43   		   		
264   			-0.50   		   		
270   			0.08   		   		
275   			0.02   		   		
281   			0.14   		   		
287   			-0.23   		   		
292   			-0.46   		   		
298   			-0.46   		   		
304   			0.46   		   		
310   			0.00   		   		
315   			0.72   		   		
321   			0.37   		   		
327   			0.20   		   		
333   			0.77   		   		
338   			0.77   		   		
344   			-0.19   		   		
350   			-0.19   		   		
355   			0.27   		   		
361   			0.51   		   		
367   			0.62   		   		
373   			1.30   		   		
378   			0.49   		   		
384   			0.20   		   		
390   			0.08   		   		
396   			-0.33   		   		
401   			-0.87   		   		
407   			-0.64   		   		
413   			-0.81   		   		
418   			0.17   		   		
424   			-0.35   		   		
430   			-0.15   		   		
436   			-0.33   		   		
441   			0.02   		   		
447   			-0.04   		   		
453   			0.89   		   		
459   			0.31   		   		
464   			1.01   		   		
470   			0.72   		   		
476   			1.06   		   		
481   			0.72   		   		
487   			1.27   		   		
493   			1.27   		   		
499   			1.62   		   		
504   			1.10   		   		
510   			1.10   		   		
516   			1.33   		   		
522   			0.75   		   		
527   			0.58   		   		
533   			0.41   		   		
539   			0.35   		   		
544   			0.25   		   		
550   			0.20   		   		
556   			0.60   		   		
562   			0.60   		   		
567   			0.72   		   		
573   			0.72   		   		
579   			-1.78   		   		
584   			0.89   		   		
590   			1.12   		   		
596   			0.83   		   		
602   			0.72   		   		
607   			1.58   		   		
613   			1.01   		   		
619   			1.58   		   		
625   			-0.04   		   		
630   			0.31   		   		
636   			0.95   		   		
642   			-0.73   		   		
647   			-0.21   		   		
653   			0.43   		   		
659   			1.51   		   		
665   			0.17   		   		
670   			-0.06   		   		
676   			0.23   		   		
682   			0.52   		   		
688   			0.08   		   		
693   			-0.09   		   		
699   			0.83   		   		
705   			-1.43   		   		
710   			0.37   		   		
716   			0.75   		   		
722   			-0.06   		   		
728   			0.29   		   		
733   			0.29   		   		
739   			0.29   		   		
745   			0.60   		   		
751   			0.14   		   		
756   			-0.09   		   		
762   			0.49   		   		
768   			-0.38   		   		
773   			1.47   		   		
779   			0.95   		   		
785   			0.43   		   		
791   			0.37   		   		
796   			0.77   		   		
802   			1.06   		   		
808   			1.47   		   		
814   			1.64   		   		
819   			1.76   		   		
825   			0.72   		   		
831   			-0.46   		   		
836   			0.93   		   		
842   			1.39   		   		
848   			1.04   		   		
854   			0.70   		   		
859   			0.52   		   		
865   			0.12   		   		
871   			0.87   		   		
877   			1.04   		   		
882   			1.27   		   		
888   			1.53   		   		
894   			0.02   		   		
899   			-0.56   		   		
905   			0.66   		   		
911   			0.31   		   		
917   			0.16   		   		
922   			0.10   		   		
928   			0.27   		   		
934   			0.74   		   		
940   			0.74   		   		
945   			0.62   		   		
951   			0.56   		   		
957   			-0.94   		   		
962   			1.61   		   		
968   			1.14   		   		
974   			1.18   		   		
980   			1.70   		   		
985   			1.30   		   		
991   			0.66   		   		
997   			1.35   		   		
1003   			1.22   		   		
1008   			0.93   		   		
1014   			1.16   		   		
1020   			0.64   		   		
1025   			0.99   		   		
1031   			1.32   		   		
1037   			1.43   		   		
1043   			1.72   		   		
1048   			0.91   		   		
1054   			1.49   		   		
1060   			1.87   		   		
1066   			0.77   		   		
1071   			0.60   		   		
1077   			0.72   		   		
1083   			1.82   		   		
1088   			0.58   		   		
1094   			1.27   		   		
1100   			0.52   		   		
1106   			0.64   		   		
1111   			0.93   		   		
1117   			1.58   		   		
1123   			1.30   		   		
1129   			0.43   		   		
1134   			1.30   		   		
1140   			0.66   		   		
1146   			1.39   		   		
1151   			0.58   		   		
1157   			1.62   		   		
1163   			0.46   		   		
1169   			1.27   		   		
1174   			1.51   		   		
1180   			1.04   		   		
1186   			1.22   		   		
1192   			1.74   		   		
1197   			1.22   		   		
1203   			0.14   		   		
1209   			0.60   		   		
1214   			0.37   		   		
1220   			0.02   		   		
1226   			0.83   		   		
1232   			0.83   		   		
1237   			1.30   		   		
1243   			1.24   		   		
1249   			1.18   		   		
1255   			0.54   		   		
1260   			-0.21   		   		
1266   			0.66   		   		
1272   			0.72   		   		
1277   			0.25   		   		
1283   			-0.04   		   		
1289   			-0.06   		   		
1295   			1.62   		   		
1300   			0.87   		   		
1306   			1.62   		   		
1312   			0.46   		   		
1318   			-1.08   		   		
1323   			1.06   		   		
1329   			-0.33   		   		
1335   			-0.91   		   		
1340   			0.20   		   		
1346   			-0.67   		   		
1352   			-0.85   		   		
1358   			-0.44   		   		
1363   			-0.56   		   		
1369   			-0.09   		   		
1375   			0.12   		   		
1381   			0.81   		   		
1386   			0.52   		   		
1392   			0.29   		   		
1398   			0.12   		   		
1403   			-0.96   		   		
1409   			-0.09   		   		
1415   			-0.27   		   		
1421   			-0.62   		   		
1426   			-0.96   		   		
1432   			-0.87   		   		
1438   			-0.75   		   		
1444   			0.46   		   		
1449   			0.87   		   		
1455   			0.41   		   		
1461   			0.62   		   		
1466   			-0.02   		   		
1472   			-0.48   		   		
1478   			-0.65   		   		
1484   			-0.02   		   		
1489   			-0.02   		   		
1495   			0.10   		   		
1501   			-0.36   		   		
1507   			-0.59   		   		
1512   			0.16   		   		
1518   			0.29   		   		
1524   			-0.46   		   		
1529   			0.17   		   		
1535   			-0.58   		   		
1541   			-0.35   		   		
1547   			-0.25   		   		
1552   			-0.14   		   		
1558   			-0.83   		   		
1564   			0.04   		   		
1570   			-0.14   		   		
1575   			-0.73   		   		
1581   			0.14   		   		
1587   			0.20   		   		
1592   			-0.21   		   		
1598   			-0.50   		   		
1604   			-0.09   		   		
1610   			-0.44   		   		
1615   			0.02   		   		
1621   			-0.15   		   		
1627   			-0.44   		   		
1633   			-0.09   		   		
1638   			0.31   		   		
1644   			0.37   		   		
1650   			0.25   		   		
1655   			-0.15   		   		
1661   			0.37   		   		
1667   			0.89   		   		
1673   			0.66   		   		
1678   			0.37   		   		
1684   			0.31   		   		
1690   			0.43   		   		
1696   			0.66   		   		
1701   			0.83   		   		
1707   			0.43   		   		
1713   			0.14   		   		
1718   			0.35   		   		
1724   			0.17   		   		
1730   			0.29   		   		
1736   			0.52   		   		
1741   			0.52   		   		
1747   			-0.06   		   		
1753   			0.00   		   		
1758   			0.12   		   		
1764   			0.29   		   		
1770   			-0.06   		   		
1776   			-0.38   		   		
1781   			-0.50   		   		
1787   			0.14   		   		
1793   			0.08   		   		
1799   			0.25   		   		
1804   			-0.04   		   		
1810   			0.60   		   		
1816   			-0.96   		   		
1821   			0.43   		   		
1827   			0.72   		   		
1833   			0.46   		   		
1839   			0.12   		   		
1844   			-0.58   		   		
1850   			0.41   		   		
1856   			0.46   		   		
1862   			0.99   		   		
1867   			1.16   		   		
1873   			-0.06   		   		
1879   			-1.27   		   		
1884   			0.75   		   		
1890   			1.08   		   		
1896   			0.04   		   		
1902   			-0.13   		   		
1907   			0.33   		   		
1913   			0.74   		   		
1919   			0.37   		   		
1925   			0.60   		   		
1930   			0.20   		   		
1936   			0.89   		   		
1942   			-0.62   		   		
1947   			0.54   		   		
1953   			1.30   		   		
1959   			0.89   		   		
1965   			0.49   		   		
1970   			1.41   		   		
1976   			1.64   		   		
1982   			1.35   		   		
1988   			1.58   		   		
1993   			0.95   		   		
1999   			0.14   		   		
2005   			-0.69   		   		
2010   			0.35   		   		
2016   			-0.06   		   		
2022   			0.52   		   		
2028   			0.35   		   		
2033   			-0.06   		   		
2039   			0.06   		   		
2045   			0.41   		   		
2051   			0.35   		   		
2056   			0.99   		   		
2062   			1.85   		   		
2068   			-1.45   		   		
2073   			0.58   		   		
2079   			0.00   		   		
2085   			0.00   		   		
2091   			-0.06   		   		
2096   			0.52   		   		
2102   			0.64   		   		
2108   			1.56   		   		
2114   			0.46   		   		
2119   			0.74   		   		
2125   			0.56   		   		
2131   			1.20   		   		
2136   			1.84   		   		
2142   			1.08   		   		
2148   			1.24   		   		
2154   			1.58   		   		
2159   			1.41   		   		
2165   			1.24   		   		
2171   			0.72   		   		
2177   			1.06   		   		
2182   			0.08   		   		
2188   			1.06   		   		
2194   			0.77   		   		
2199   			0.37   		   		
2205   			0.58   		   		
2211   			0.87   		   		
2217   			1.56   		   		
2222   			0.41   		   		
2228   			0.52   		   		
2234   			0.17   		   		
2240   			0.64   		   		
2245   			0.70   		   		
2251   			0.70   		   		
2257   			1.22   		   		
2262   			0.23   		   		
2268   			1.45   		   		
2274   			1.10   		   		
2280   			0.70   		   		
2285   			0.81   		   		
2291   			1.12   		   		
2297   			0.89   		   		
2303   			0.72   		   		
2308   			1.12   		   		
2314   			0.25   		   		
2320   			0.06   		   		
2325   			-0.40   		   		
2331   			0.29   		   		
2337   			-0.23   		   		
2343   			0.75   		   		
2348   			0.60   		   		
2354   			0.02   		   		
2360   			-0.09   		   		
2366   			0.37   		   		
2371   			0.31   		   		
2377   			0.43   		   		
2383   			0.43   		   		
2388   			0.37   		   		
2394   			0.72   		   		
2400   			1.06   		   		
2406   			1.01   		   		
2411   			1.06   		   		
2417   			1.18   		   		
2423   			1.30   		   		
2429   			0.49   		   		
2434   			0.87   		   		
2440   			0.41   		   		
2446   			1.34   		   		
2451   			0.41   		   		
2457   			0.06   		   		
2463   			0.49   		   		
2469   			0.37   		   		
2474   			0.72   		   		
2480   			0.02   		   		
2486   			-1.60   		   		
2491   			-0.46   		   		
2497   			0.29   		   		
2503   			0.64   		   		
2509   			-0.12   		   		
2514   			0.35   		   		
2520   			0.46   		   		
2526   			1.22   		   		
2532   			0.81   		   		
2537   			0.93   		   		
2543   			1.04   		   		
2549   			-0.81   		   		
2554   			0.58   		   		
2560   			1.51   		   		
2566   			0.81   		   		
2572   			0.46   		   		
2577   			-0.06   		   		
2583   			0.58   		   		
2589   			0.46   		   		
2595   			0.64   		   		
2600   			0.81   		   		
2606   			-0.44   		   		
2612   			-0.85   		   		
2617   			0.54   		   		
2623   			0.37   		   		
2629   			-0.15   		   		
2635   			0.66   		   		
2640   			0.02   		   		
2646   			0.49   		   		
2652   			0.77   		   		
2658   			0.31   		   		
2663   			-0.56   		   		
2669   			0.08   		   		
2675   			-4.74   		   		
2680   			0.49   		   		
2686   			0.66   		   		
2692   			0.72   		   		
2698   			0.25   		   		
2703   			0.66   		   		
2709   			-0.21   		   		
2715   			0.77   		   		
2721   			0.43   		   		
2726   			0.25   		   		
2732   			0.49   		   		
2738   			-1.60   		   		
2743   			0.89   		   		
2749   			0.02   		   		
2755   			0.60   		   		
2761   			-0.09   		   		
2766   			0.31   		   		
2772   			0.77   		   		
2778   			1.66   		   		
2784   			1.14   		   		
2789   			0.97   		   		
2795   			0.68   		   		
2801   			0.80   		   		
2806   			1.12   		   		
2812   			1.06   		   		
2818   			1.18   		   		
2824   			0.66   		   		
2829   			0.43   		   		
2835   			0.54   		   		
2841   			0.66   		   		
2847   			0.77   		   		
2852   			1.18   		   		
2858   			0.31   		   		
2864   			0.85   		   		
2869   			0.50   		   		
2875   			0.39   		   		
2881   			1.48   		   		
2887   			0.15   		   		
2892   			0.33   		   		
2898   			0.56   		   		
2904   			-0.36   		   		
2910   			-0.30   		   		
2915   			-0.94   		   		
2921   			0.41   		   		
2927   			0.06   		   		
2932   			0.52   		   		
2938   			-0.12   		   		
2944   			0.23   		   		
2950   			0.23   		   		
2955   			0.46   		   		
2961   			0.93   		   		
2967   			-0.17   		   		
2973   			-0.12   		   		
2978   			0.33   		   		
2984   			-0.25   		   		
2990   			0.33   		   		
2995   			0.56   		   		
3001   			0.10   		   		
3007   			0.31   		   		
3013   			0.43   		   		
3018   			-0.33   		   		
3024   			-0.15   		   		
3030   			0.08   		   		
3036   			0.72   		   		
3041   			0.08   		   		
3047   			0.37   		   		
3053   			0.37   		   		
3058   			0.95   		   		
3064   			0.37   		   		
3070   			0.31   		   		
3076   			0.43   		   		
3081   			0.54   		   		
3087   			0.72   		   		
3093   			0.06   		   		
3099   			1.04   		   		
3104   			0.23   		   		
3110   			0.52   		   		
3116   			0.23   		   		
3121   			0.08   		   		
3127   			0.49   		   		
3133   			0.14   		   		
3139   			0.25   		   		
3144   			1.53   		   		
3150   			0.97   		   		
3156   			0.68   		   		
3162   			1.26   		   		
3167   			0.33   		   		
3173   			0.85   		   		
3179   			0.17   		   		
3184   			0.12   		   		
3190   			0.17   		   		
3196   			0.12   		   		
3202   			0.06   		   		
3207   			0.58   		   		
3213   			0.00   		   		
3219   			-0.40   		   		
3225   			-0.12   		   		
3230   			-0.06   		   		
3236   			0.39   		   		
3242   			-0.02   		   		
3247   			-0.95   		   		
3253   			-0.08   		   		
3259   			-0.37   		   		
3265   			-0.64   		   		
3270   			0.12   		   		
3276   			0.35   		   		
3282   			-0.12   		   		
3288   			0.23   		   		
3293   			-0.64   		   		
3299   			0.00   		   		
3305   			0.41   		   		
3310   			0.70   		   		
3316   			0.87   		   		
3322   			1.47   		   		
3328   			1.06   		   		
3333   			1.47   		   		
3339   			0.60   		   		
3345   			0.49   		   		
3351   			0.23   		   		
3356   			0.35   		   		
3362   			0.23   		   		
3368   			0.12   		   		
3373   			0.29   		   		
3379   			0.37   		   		
3385   			0.66   		   		
3391   			0.25   		   		
3396   			0.49   		   		
3402   			0.60   		   		
3408   			-1.58   		   		
3413   			0.85   		   		
3419   			0.39   		   		
3425   			0.10   		   		
3431   			0.22   		   		
3436   			-0.56   		   		
3442   			-0.04   		   		
3448   			-1.08   		   		
3454   			-1.02   		   		
3459   			-0.73   		   		
3465   			-0.27   		   		
3471   			-1.49   		   		
3476   			0.02   		   		
3482   			0.20   		   		
3488   			-0.09   		   		
3494   			0.89   		   		
3499   			1.47   		   		
3505   			0.77   		   		
3511   			0.54   		   		
3517   			0.14   		   		
3522   			1.85   		   		
3528   			0.99   		   		
3534   			-0.98   		   		
3539   			0.06   		   		
3545   			0.29   		   		
3551   			-0.52   		   		
3557   			0.29   		   		
3562   			0.35   		   		
3568   			0.87   		   		
3574   			0.93   		   		
3580   			0.64   		   		
3585   			0.52   		   		
3591   			0.06   		   		
3597   			0.64   		   		
3602   			-0.17   		   		
3608   			0.87   		   		
3614   			0.41   		   		
3620   			0.93   		   		
3625   			0.53   		   		
3631   			0.35   		   		
3637   			0.37   		   		
3643   			0.31   		   		
3648   			-0.04   		   		
3654   			0.08   		   		
3660   			0.31   		   		
3665   			0.20   		   		
3671   			0.60   		   		
3677   			-0.91   		   		
3683   			0.20   		   		
3688   			0.66   		   		
3694   			0.49   		   		
3700   			0.25   		   		
3706   			0.31   		   		
3711   			0.72   		   		
3717   			1.24   		   		
3723   			0.93   		   		
3728   			1.22   		   		
3734   			0.29   		   		
3740   			0.35   		   		
3746   			0.35   		   		
3751   			1.30   		   		
3757   			0.83   		   		
3763   			0.25   		   		
3769   			0.60   		   		
3774   			0.25   		   		
3780   			0.49   		   		
3786   			0.60   		   		
3791   			1.01   		   		
3797   			0.95   		   		
3803   			0.43   		   		
3809   			-0.15   		   		
3814   			-0.33   		   		
3820   			-0.04   		   		
3826   			0.31   		   		
3832   			1.01   		   		
3837   			1.01   		   		
3843   			0.60   		   		
3849   			0.66   		   		
3854   			1.24   		   		
3860   			0.54   		   		
3866   			0.87   		   		
3872   			0.52   		   		
3877   			0.87   		   		
3883   			0.41   		   		
3889   			0.87   		   		
3895   			0.52   		   		
3900   			-0.17   		   		
3906   			0.29   		   		
3912   			0.29   		   		
3917   			-0.12   		   		
3923   			0.17   		   		
3929   			1.22   		   		
3935   			1.91   		   		
3940   			0.81   		   		
3946   			0.41   		   		
3952   			-0.04   		   		
3958   			0.49   		   		
3963   			1.58   		   		
3969   			0.60   		   		
3975   			0.49   		   		
3980   			0.85   		   		
3986   			0.91   		   		
3992   			0.79   		   		
3998   			1.08   		   		
4003   			1.14   		   		
4009   			0.87   		   		
4015   			1.22   		   		
4021   			0.29   		   		
4026   			1.74   		   		
4032   			1.51   		   		
4038   			1.34   		   		
4043   			2.03   		   		
4049   			0.99   		   		
4055   			1.16   		   		
4061   			0.35   		   		
4066   			1.47   		   		
4072   			0.25   		   		
4078   			0.89   		   		
4084   			0.54   		   		
4089   			-0.21   		   		
4095   			0.87   		   		
4101   			1.22   		   		
4106   			0.46   		   		
4112   			0.58   		   		
4118   			0.58   		   		
4124   			0.75   		   		
4129   			0.00   		   		
4135   			0.81   		   		
4141   			0.93   		   		
4147   			0.87   		   		
4152   			0.51   		   		
4158   			0.27   		   		
4164   			-0.02   		   		
4169   			0.97   		   		
4175   			1.14   		   		
4181   			1.02   		   		
4187   			0.62   		   		
4192   			0.21   		   		
4198   			0.21   		   		
4204   			0.96   		   		
4210   			0.27   		   		
4215   			1.03   		   		
4221   			1.55   		   		
4227   			0.62   		   		
4232   			0.85   		   		
4238   			1.24   		   		
4244   			1.24   		   		
4250   			0.20   		   		
4255   			0.66   		   		
4261   			0.83   		   		
4267   			-4.62   		   		
4273   			0.49   		   		
4278   			0.54   		   		
4284   			1.01   		   		
4290   			0.31   		   		
4295   			0.23   		   		
4301   			-0.06   		   		
4307   			0.41   		   		
4313   			0.17   		   		
4318   			0.87   		   		
4324   			0.77   		   		
4330   			-0.67   		   		
4335   			0.77   		   		
4341   			-0.33   		   		
4347   			-0.21   		   		
4353   			-0.21   		   		
4358   			0.66   		   		
4364   			-0.04   		   		
4370   			0.95   		   		
4376   			1.12   		   		
4381   			0.06   		   		
4387   			0.29   		   		
4393   			-1.39   		   		
4398   			0.00   		   		
4404   			0.00   		   		
4410   			0.52   		   		
4416   			1.33   		   		
4421   			0.87   		   		
4427   			0.35   		   		
4433   			0.81   		   		
4439   			0.46   		   		
4444   			0.93   		   		
4450   			0.70   		   		
4456   			-1.16   		   		
4461   			0.70   		   		
4467   			0.75   		   		
4473   			0.00   		   		
4479   			0.06   		   		
4484   			0.64   		   		
4490   			-0.35   		   		
4496   			0.62   		   		
4502   			0.51   		   		
4507   			0.04   		   		
4513   			-0.02   		   		
4519   			0.62   		   		
4524   			0.31   		   		
4530   			-0.15   		   		
4536   			-0.38   		   		
4542   			-0.27   		   		
4547   			0.14   		   		
4553   			0.39   		   		
4559   			0.91   		   		
4565   			0.22   		   		
4570   			0.62   		   		
4576   			0.74   		   		
4582   			0.95   		   		
4587   			-0.44   		   		
4593   			0.02   		   		
4599   			0.14   		   		
4605   			-0.15   		   		
4610   			0.87   		   		
4616   			0.75   		   		
4622   			1.33   		   		
4628   			0.17   		   		
4633   			1.10   		   		
4639   			-0.04   		   		
4645   			-0.09   		   		
4650   			1.12   		   		
4656   			0.83   		   		
4662   			0.83   		   		
4668   			0.70   		   		
4673   			0.81   		   		
4679   			-0.40   		   		
4685   			0.23   		   		
4691   			0.70   		   		
4696   			-0.15   		   		
4702   			0.37   		   		
4708   			0.43   		   		
4713   			0.49   		   		
4719   			0.31   		   		
4725   			0.35   		   		
4731   			1.10   		   		
4736   			0.00   		   		
4742   			0.64   		   		
4748   			0.29   		   		
4754   			0.08   		   		
4759   			0.77   		   		
4765   			0.31   		   		
4771   			0.02   		   		
4776   			0.77   		   		
4782   			0.72   		   		
4788   			0.14   		   		
4794   			0.66   		   		
4799   			-0.44   		   		
4805   			1.35   		   		
4811   			0.81   		   		
4817   			1.04   		   		
4822   			0.75   		   		
4828   			0.00   		   		
4834   			-0.35   		   		
4839   			-0.23   		   		
4845   			0.75   		   		
4851   			0.46   		   		
4857   			0.00   		   		
4862   			0.70   		   		
4868   			0.81   		   		
4874   			0.29   		   		
4880   			0.17   		   		
4885   			-0.23   		   		
4891   			0.23   		   		
4897   			0.72   		   		
4902   			0.02   		   		
4908   			0.37   		   		
4914   			0.25   		   		
4920   			0.49   		   		
4925   			0.17   		   		
4931   			-0.40   		   		
4937   			0.00   		   		
4943   			0.70   		   		
4948   			0.29   		   		
4954   			0.66   		   		
4960   			0.49   		   		
4965   			0.66   		   		
4971   			1.01   		   		
4977   			1.12   		   		
4983   			0.29   		   		
4988   			0.87   		   		
4994   			-0.17   		   		
5000   			0.17   		   		
5006   			0.81   		   		
5011   			0.19   		   		
5017   			0.07   		   		
5023   			0.19   		   		
5028   			0.65   		   		
5034   			0.02   		   		
5040   			0.83   		   		
5046   			0.25   		   		
5051   			0.31   		   		
5057   			0.95   		   		
5063   			0.37   		   		
5069   			0.49   		   		
5074   			0.20   		   		
5080   			-0.50   		   		
5086   			0.08   		   		
5091   			0.14   		   		
5097   			0.37   		   		
5103   			1.12   		   		
5109   			1.06   		   		
5114   			1.01   		   		
5120   			0.95   		   		
5126   			1.16   		   		
5132   			0.81   		   		
5137   			0.58   		   		
5143   			1.10   		   		
5149   			-0.06   		   		
5154   			0.75   		   		
5160   			1.97   		   		
5166   			0.41   		   		
5172   			0.52   		   		
5177   			0.41   		   		
5183   			0.31   		   		
5189   			-1.37   		   		
5194   			-0.33   		   		
5200   			-0.09   		   		
5206   			0.49   		   		
5212   			0.93   		   		
5217   			-0.29   		   		
5223   			0.23   		   		
5229   			1.79   		   		
5235   			1.22   		   		
5240   			0.83   		   		
5246   			1.06   		   		
5252   			1.41   		   		
5257   			0.49   		   		
5263   			1.01   		   		
5269   			0.49   		   		
5275   			0.20   		   		
5280   			0.25   		   		
5286   			0.77   		   		
5292   			1.24   		   		
5298   			0.97   		   		
5303   			1.20   		   		
5309   			0.39   		   		
5315   			-3.79   		   		
5320   			0.91   		   		
5326   			1.93   		   		
5332   			0.95   		   		
5338   			0.43   		   		
5343   			0.89   		   		
5349   			1.18   		   		
5355   			1.60   		   		
5361   			1.83   		   		
5366   			1.20   		   		
5372   			2.06   		   		
5378   			-0.14   		   		
5383   			2.34   		   		
5389   			1.12   		   		
5395   			0.66   		   		
5401   			1.87   		   		
5406   			1.76   		   		
5412   			2.53   		   		
5418   			1.14   		   		
5424   			1.89   		   		
5429   			1.26   		   		
5435   			1.37   		   		
5441   			0.81   		   		
5446   			1.91   		   		
5452   			1.85   		   		
5458   			1.62   		   		
5464   			1.45   		   		
5469   			1.24   		   		
5475   			1.82   		   		
5481   			1.47   		   		
5487   			2.10   		   		
5492   			1.58   		   		
5498   			1.18   		   		
5504   			1.12   		   		
5509   			1.70   		   		
5515   			1.06   		   		
5521   			0.89   		   		
5527   			2.22   		   		
5532   			1.64   		   		
5538   			0.77   		   		
5544   			1.12   		   		
5550   			1.87   		   		
5555   			1.39   		   		
5561   			1.79   		   		
5567   			1.85   		   		
5572   			0.81   		   		
5578   			0.17   		   		
5584   			0.83   		   		
5590   			0.77   		   		
5595   			0.43   		   		
5601   			0.49   		   		
5607   			0.60   		   		
5613   			0.29   		   		
5618   			0.81   		   		
5624   			1.04   		   		
5630   			1.33   		   		
5635   			1.16   		   		
5641   			0.93   		   		
5647   			1.33   		   		
5653   			1.27   		   		
5658   			1.68   		   		
5664   			1.27   		   		
5670   			1.14   		   		
5676   			0.33   		   		
5681   			0.91   		   		
5687   			0.67   		   		
5693   			0.62   		   		
5698   			1.03   		   		
5704   			0.80   		   		
5710   			0.80   		   		
5716   			0.33   		   		
5721   			0.33   		   		
5727   			0.56   		   		
5733   			0.45   		   		
5739   			0.80   		   		
5744   			1.37   		   		
5750   			0.04   		   		
5756   			1.64   		   		
5761   			0.83   		   		
5767   			1.93   		   		
5773   			1.70   		   		
5779   			1.64   		   		
5784   			1.33   		   		
5790   			1.51   		   		
5796   			1.04   		   		
5802   			0.87   		   		
5807   			1.10   		   		
5813   			0.81   		   		
5819   			-0.35   		   		
5824   			-0.35   		   		
5830   			0.17   		   		
5836   			-1.16   		   		
5842   			-0.30   		   		
5847   			-0.71   		   		
5853   			0.22   		   		
5859   			-1.17   		   		
5865   			-0.71   		   		
5870   			-0.14   		   		
5876   			0.04   		   		
5882   			0.85   		   		
5887   			0.39   		   		
5893   			0.27   		   		
5899   			1.01   		   		
5905   			0.08   		   		
5910   			0.72   		   		
5916   			0.95   		   		
5922   			1.24   		   		
5928   			1.06   		   		
5933   			1.76   		   		
5939   			0.54   		   		
5945   			0.25   		   		
5950   			0.95   		   		
5956   			0.31   		   		
5962   			0.60   		   		
5968   			0.37   		   		
5973   			0.08   		   		
5979   			0.66   		   		
5985   			-0.91   		   		
5990   			0.83   		   		
5996   			0.20   		   		
6002   			0.89   		   		
6008   			-0.04   		   		
6013   			0.72   		   		
6019   			0.89   		   		
6025   			-0.09   		   		
6031   			0.25   		   		
6036   			0.60   		   		
6042   			1.04   		   		
6048   			0.93   		   		
6053   			0.58   		   		
6059   			0.06   		   		
6065   			-0.12   		   		
6071   			0.17   		   		
6076   			-0.40   		   		
6082   			0.70   		   		
6088   			-0.46   		   		
6094   			0.12   		   		
6099   			0.37   		   		
6105   			1.82   		   		
6111   			1.93   		   		
6116   			0.72   		   		
6122   			1.58   		   		
6128   			1.58   		   		
6134   			0.60   		   		
6139   			0.54   		   		
6145   			0.77   		   		
6151   			0.02   		   		
6157   			0.77   		   		
6162   			0.43   		   		
6168   			0.89   		   		
6174   			1.35   		   		
6179   			0.95   		   		
6185   			1.30   		   		
6191   			2.10   		   		
6197   			0.89   		   		
6202   			1.58   		   		
6208   			0.49   		   		
6214   			0.95   		   		
6220   			0.60   		   		
6225   			1.01   		   		
6231   			0.66   		   		
6237   			0.83   		   		
6242   			1.12   		   		
6248   			0.83   		   		
6254   			0.95   		   		
6260   			1.76   		   		
6265   			1.82   		   		
6271   			2.53   		   		
6277   			2.53   		   		
6283   			1.77   		   		
6288   			2.64   		   		
6294   			1.89   		   		
6300   			1.74   		   		
6305   			2.14   		   		
6311   			1.85   		   		
6317   			1.91   		   		
6323   			0.52   		   		
6328   			0.54   		   		
6334   			1.53   		   		
6340   			0.83   		   		
6346   			0.49   		   		
6351   			1.70   		   		
6357   			1.76   		   		
6363   			1.87   		   		
6368   			1.64   		   		
6374   			1.87   		   		
6380   			1.41   		   		
6386   			0.95   		   		
6391   			1.53   		   		
6397   			1.47   		   		
6403   			1.76   		   		
6409   			1.87   		   		
6414   			1.99   		   		
6420   			2.45   		   		
6426   			2.34   		   		
6431   			2.39   		   		
6437   			2.28   		   		
6443   			2.43   		   		
6449   			2.14   		   		
6454   			1.97   		   		
6460   			1.97   		   		
6466   			1.39   		   		
6471   			3.07   		   		
6477   			2.43   		   		
6483   			3.24   		   		
6489   			3.18   		   		
6494   			3.24   		   		
6500   			3.76   		   		
6506   			3.01   		   		
6512   			3.41   		   		
6517   			3.76   		   		
6523   			3.70   		   		
6529   			2.12   		   		
6534   			3.56   		   		
6540   			3.22   		   		
6546   			3.28   		   		
6552   			2.81   		   		
6557   			3.55   		   		
6563   			3.49   		   		
6569   			4.01   		   		
6575   			3.09   		   		
6580   			3.38   		   		
6586   			3.09   		   		
6592   			2.39   		   		
6597   			2.80   		   		
6603   			2.28   		   		
6609   			3.66   		   		
6615   			3.87   		   		
6620   			3.18   		   		
6626   			3.82   		   		
6632   			3.70   		   		
6638   			3.12   		   		
6643   			2.22   		   		
6649   			3.61   		   		
6655   			3.55   		   		
6660   			2.45   		   		
6666   			2.91   		   		
6672   			3.18   		   		
6678   			2.95   		   		
6683   			3.12   		   		
6689   			4.39   		   		
6695   			4.85   		   		
6701   			3.53   		   		
6706   			4.39   		   		
6712   			3.53   		   		
6718   			4.34   		   		
6723   			4.22   		   		
6729   			4.45   		   		
6735   			5.08   		   		
6741   			3.53   		   		
6746   			3.70   		   		
6752   			4.16   		   		
6758   			3.76   		   		
6764   			3.82   		   		
6769   			4.05   		   		
6775   			5.20   		   		
6781   			4.45   		   		
6786   			4.51   		   		
6792   			4.62   		   		
6798   			4.74   		   		
6804   			5.55   		   		
6809   			4.85   		   		
6815   			5.16   		   		
6821   			5.11   		   		
6827   			4.88   		   		
6832   			4.47   		   		
6838   			4.64   		   		
6844   			4.45   		   		
6849   			5.14   		   		
6855   			4.91   		   		
6861   			5.55   		   		
6867   			4.97   		   		
6872   			5.68   		   		
6878   			4.47   		   		
6884   			4.64   		   		
6890   			4.41   		   		
6895   			5.68   		   		
6901   			6.18   		   		
6907   			6.06   		   		
6912   			5.89   		   		
6918   			5.66   		   		
6924   			5.72   		   		
6930   			5.34   		   		
6935   			5.22   		   		
6941   			5.91   		   		
6947   			6.20   		   		
6953   			5.85   		   		
6958   			6.06   		   		
6964   			5.26   		   		
6970   			5.14   		   		
6975   			5.26   		   		
6981   			5.83   		   		
6987   			6.06   		   		
6993   			5.95   		   		
6998   			6.12   		   		
7004   			6.93   		   		
7010   			6.93   		   		
7016   			7.10   		   		
7021   			6.64   		   		
7027   			6.01   		   		
7033   			6.12   		   		
7038   			7.21   		   		
7044   			6.29   		   		
7050   			6.58   		   		
7056   			7.39   		   		
7061   			6.41   		   		
7067   			6.47   		   		
7073   			4.07   		   		
7078   			6.89   		   		
7084   			7.23   		   		
7090   			6.60   		   		
7096   			6.95   		   		
7101   			7.29   		   		
7107   			6.83   		   		
7113   			6.54   		   		
7119   			6.49   		   		
7124   			6.49   		   		
7130   			5.89   		   		
7136   			5.26   		   		
7141   			7.67   		   		
7147   			6.01   		   		
7153   			6.47   		   		
7159   			6.43   		   		
7164   			6.43   		   		
7170   			6.49   		   		
7176   			6.72   		   		
7182   			7.06   		   		
7187   			6.77   		   		
7193   			7.00   		   		
7199   			5.45   		   		
7204   			8.27   		   		
7210   			7.98   		   		
7216   			8.44   		   		
7222   			7.69   		   		
7227   			7.29   		   		
7233   			7.75   		   		
7239   			8.04   		   		
7245   			8.30   		   		
7250   			8.71   		   		
7256   			8.82   		   		
7262   			6.24   		   		
7267   			8.25   		   		
7273   			9.19   		   		
7279   			8.73   		   		
7285   			8.96   		   		
7290   			8.90   		   		
7296   			9.53   		   		
7302   			9.05   		   		
7308   			8.99   		   		
7313   			9.74   		   		
7319   			9.57   		   		
7325   			9.68   		   		
7330   			9.30   		   		
7336   			9.59   		   		
7342   			9.42   		   		
7348   			9.93   		   		
7353   			9.19   		   		
7359   			8.84   		   		
7365   			9.93   		   		
7371   			9.36   		   		
7376   			9.70   		   		
7382   			10.22   		   		
7388   			10.54   		   		
7393   			9.85   		   		
7399   			10.25   		   		
7405   			9.80   		   		
7411   			11.06   		   		
7416   			9.85   		   		
7422   			10.60   		   		
7428   			11.51   		   		
7434   			10.25   		   		
7439   			10.14   		   		
7445   			8.82   		   		
7451   			9.74   		   		
7456   			10.31   		   		
7462   			10.43   		   		
7468   			10.60   		   		
7474   			10.85   		   		
7479   			10.05   		   		
7485   			10.45   		   		
7491   			10.33   		   		
7497   			10.62   		   		
7502   			10.48   		   		
7508   			10.14   		   		
7514   			10.77   		   		
7519   			11.34   		   		
7525   			11.80   		   		
7531   			11.46   		   		
7537   			11.86   		   		
7542   			11.34   		   		
7548   			11.51   		   		
7554   			10.48   		   		
7560   			10.88   		   		
7565   			10.60   		   		
7571   			11.17   		   		
7577   			11.17   		   		
7582   			11.00   		   		
7588   			10.62   		   		
7594   			11.19   		   		
7600   			11.71   		   		
7605   			11.48   		   		
7611   			10.79   		   		
7617   			9.60   		   		
7622   			11.66   		   		
7628   			10.98   		   		
7634   			10.92   		   		
7640   			11.32   		   		
7645   			11.42   		   		
7651   			12.34   		   		
7657   			12.11   		   		
7663   			12.11   		   		
7668   			12.85   		   		
7674   			11.99   		   		
7680   			10.28   		   		
7685   			11.82   		   		
7691   			11.65   		   		
7697   			11.94   		   		
7703   			11.29   		   		
7708   			11.74   		   		
7714   			11.40   		   		
7720   			11.86   		   		
7726   			11.34   		   		
7731   			12.43   		   		
7737   			12.54   		   		
7743   			13.00   		   		
7748   			12.26   		   		
7754   			12.14   		   		
7760   			12.54   		   		
7766   			13.06   		   		
7771   			12.03   		   		
7777   			11.69   		   		
7783   			12.03   		   		
7789   			11.97   		   		
7794   			11.74   		   		
7800   			12.37   		   		
7806   			11.57   		   		
7811   			13.06   		   		
7817   			12.28   		   		
7823   			12.39   		   		
7829   			12.45   		   		
7834   			12.79   		   		
7840   			11.99   		   		
7846   			13.27   		   		
7852   			12.24   		   		
7857   			12.47   		   		
7863   			12.24   		   		
7869   			12.98   		   		
7874   			13.25   		   		
7880   			11.82   		   		
7886   			11.88   		   		
7892   			11.82   		   		
7897   			11.94   		   		
7903   			12.74   		   		
7909   			12.28   		   		
7915   			12.05   		   		
7920   			12.22   		   		
7926   			11.42   		   		
7932   			12.83   		   		
7937   			12.54   		   		
7943   			11.97   		   		
7949   			11.57   		   		
7955   			12.09   		   		
7960   			12.71   		   		
7966   			12.83   		   		
7972   			12.49   		   		
7978   			13.11   		   		
7983   			11.86   		   		
7989   			11.74   		   		
7995   			12.31   		   		
8000   			12.20   		   		
8006   			12.14   		   		
8012   			12.31   		   		
8018   			12.11   		   		
8023   			11.82   		   		
8029   			11.99   		   		
8035   			9.76   		   		
8040   			11.76   		   		
8046   			12.85   		   		
8052   			12.22   		   		
8058   			11.02   		   		
8063   			11.19   		   		
8069   			12.05   		   		
8075   			11.71   		   		
8081   			11.42   		   		
8086   			11.02   		   		
8092   			11.31   		   		
8098   			10.68   		   		
8103   			11.76   		   		
8109   			13.08   		   		
8115   			12.22   		   		
8121   			12.34   		   		
8126   			13.02   		   		
8132   			13.34   		   		
8138   			12.77   		   		
8144   			13.68   		   		
8149   			12.03   		   		
8155   			13.17   		   		
8161   			13.51   		   		
8166   			13.97   		   		
8172   			13.29   		   		
8178   			13.91   		   		
8184   			13.17   		   		
8189   			12.56   		   		
8195   			13.36   		   		
8201   			12.85   		   		
8207   			12.68   		   		
8212   			13.02   		   		
8218   			12.14   		   		
8224   			12.60   		   		
8229   			12.43   		   		
8235   			12.54   		   		
8241   			12.83   		   		
8247   			12.68   		   		
8252   			13.31   		   		
8258   			12.68   		   		
8264   			12.96   		   		
8270   			12.56   		   		
8275   			13.19   		   		
8281   			13.59   		   		
8287   			12.79   		   		
8292   			13.71   		   		
8298   			13.25   		   		
8304   			13.08   		   		
8310   			12.79   		   		
8315   			13.02   		   		
8321   			13.02   		   		
8327   			13.36   		   		
8333   			13.59   		   		
8338   			13.48   		   		
8344   			12.11   		   		
8350   			12.34   		   		
8355   			12.79   		   		
8361   			13.17   		   		
8367   			12.14   		   		
8373   			12.31   		   		
8378   			13.00   		   		
8384   			12.09   		   		
8390   			13.19   		   		
8396   			12.11   		   		
8401   			12.39   		   		
8407   			12.74   		   		
8413   			12.56   		   		
8418   			12.45   		   		
8424   			11.99   		   		
8430   			12.96   		   		
8436   			12.85   		   		
8441   			11.36   		   		
8447   			11.99   		   		
8453   			11.82   		   		
8459   			12.05   		   		
8464   			11.71   		   		
8470   			11.94   		   		
8476   			12.39   		   		
8481   			12.28   		   		
8487   			11.53   		   		
8493   			12.28   		   		
8499   			11.59   		   		
8504   			10.60   		   		
8510   			11.17   		   		
8516   			9.28   		   		
8521   			11.17   		   		
8527   			11.17   		   		
8533   			11.51   		   		
8539   			11.80   		   		
8544   			11.69   		   		
8550   			11.86   		   		
8556   			11.97   		   		
8562   			11.91   		   		
8567   			13.00   		   		
8573   			12.20   		   		
8579   			10.60   		   		
8584   			11.69   		   		
8590   			11.97   		   		
8596   			12.43   		   		
8602   			11.00   		   		
8607   			12.83   		   		
8613   			11.91   		   		
8619   			11.19   		   		
8625   			11.36   		   		
8630   			11.08   		   		
8636   			12.56   		   		
8642   			12.11   		   		
8647   			11.46   		   		
8653   			10.94   		   		
8659   			13.06   		   		
8665   			11.80   		   		
8670   			11.69   		   		
8676   			11.86   		   		
8682   			12.14   		   		
8688   			12.43   		   		
8693   			12.54   		   		
8699   			12.09   		   		
8705   			12.34   		   		
8710   			11.53   		   		
8716   			12.22   		   		
8722   			11.82   		   		
8728   			12.16   		   		
8733   			12.05   		   		
8739   			12.51   		   		
8745   			11.08   		   		
8751   			12.22   		   		
8756   			11.88   		   		
8762   			11.88   		   		
8768   			11.25   		   		
8773   			11.76   		   		
8779   			11.65   		   		
8785   			11.25   		   		
8791   			11.63   		   		
8796   			11.57   		   		
8802   			11.63   		   		
8808   			11.23   		   		
8814   			11.63   		   		
8819   			12.71   		   		
8825   			13.00   		   		
8831   			12.09   		   		
8836   			12.09   		   		
8842   			12.14   		   		
8848   			11.86   		   		
8854   			12.43   		   		
8859   			12.20   		   		
8865   			12.20   		   		
8871   			13.00   		   		
8877   			12.20   		   		
8882   			11.86   		   		
8888   			11.80   		   		
8894   			11.97   		   		
8899   			11.11   		   		
8905   			11.86   		   		
8911   			11.91   		   		
8917   			11.23   		   		
8922   			12.77   		   		
8928   			12.37   		   		
8934   			12.11   		   		
8940   			11.88   		   		
8945   			12.85   		   		
8951   			12.91   		   		
8957   			12.68   		   		
8962   			12.58   		   		
8968   			12.98   		   		
8974   			13.38   		   		
8980   			12.64   		   		
8985   			12.92   		   		
8991   			12.45   		   		
8997   			12.45   		   		
9003   			11.94   		   		
9008   			11.99   		   		
9014   			12.11   		   		
9020   			12.56   		   		
9025   			11.99   		   		
9031   			12.51   		   		
9037   			12.16   		   		
9043   			11.76   		   		
9048   			12.43   		   		
9054   			11.51   		   		
9060   			10.66   		   		
9065   			12.26   		   		
9071   			11.57   		   		
9077   			11.76   		   		
9083   			11.36   		   		
9088   			11.25   		   		
9094   			12.11   		   		
9100   			11.13   		   		
9106   			10.98   		   		
9111   			11.44   		   		
9117   			10.81   		   		
9123   			10.12   		   		
9128   			12.47   		   		
9134   			11.59   		   		
9140   			12.45   		   		
9146   			11.59   		   		
9151   			11.53   		   		
9157   			12.11   		   		
9163   			11.51   		   		
9169   			11.91   		   		
9174   			11.86   		   		
9180   			12.54   		   		
9186   			10.31   		   		
9191   			12.20   		   		
9197   			12.03   		   		
9203   			12.54   		   		
9209   			12.60   		   		
9214   			11.63   		   		
9220   			11.69   		   		
9226   			11.97   		   		
9232   			11.80   		   		
9237   			11.29   		   		
9243   			11.51   		   		
9249   			11.58   		   		
9254   			12.95   		   		
9260   			12.38   		   		
9266   			12.55   		   		
9272   			12.15   		   		
9277   			12.05   		   		
9283   			12.56   		   		
9289   			11.71   		   		
9295   			11.31   		   		
9300   			11.71   		   		
9306   			11.71   		   		
9312   			10.96   		   		
9317   			11.42   		   		
9323   			11.42   		   		
9329   			11.71   		   		
9335   			11.10   		   		
9340   			11.78   		   		
9346   			11.61   		   		
9352   			11.61   		   		
9358   			11.84   		   		
9363   			11.73   		   		
9369   			11.44   		   		
9375   			11.50   		   		
9380   			11.21   		   		
9386   			12.01   		   		
9392   			11.23   		   		
9398   			11.00   		   		
9403   			11.40   		   		
9409   			11.17   		   		
9415   			11.00   		   		
9421   			11.78   		   		
9426   			11.78   		   		
9432   			11.16   		   		
9438   			10.87   		   		
9443   			11.16   		   		
9449   			11.61   		   		
9455   			12.30   		   		
9461   			12.30   		   		
9466   			11.90   		   		
9472   			11.50   		   		
9478   			12.14   		   		
9484   			11.74   		   		
9489   			12.14   		   		
9495   			11.86   		   		
9501   			11.86   		   		
9506   			11.88   		   		
9512   			11.31   		   		
9518   			11.65   		   		
9524   			11.53   		   		
9529   			11.31   		   		
9535   			11.53   		   		
9541   			12.28   		   		
9547   			11.48   		   		
9552   			11.02   		   		
9558   			11.42   		   		
9564   			12.29   		   		
9569   			11.72   		   		
9575   			11.89   		   		
9581   			11.61   		   		
9587   			11.55   		   		
9592   			11.76   		   		
9598   			12.28   		   		
9604   			10.05   		   		
9609   			11.65   		   		
9615   			11.99   		   		
9621   			12.13   		   		
9627   			11.78   		   		
9632   			12.70   		   		
9638   			12.53   		   		
9644   			12.64   		   		
9650   			11.99   		   		
9655   			10.91   		   		
9661   			11.02   		   		
9667   			10.10   		   		
9672   			11.71   		   		
9678   			11.42   		   		
9684   			11.65   		   		
9690   			11.99   		   		
9695   			12.39   		   		
9701   			11.53   		   		
9707   			11.69   		   		
9713   			10.88   		   		
9718   			11.40   		   		
9724   			11.69   		   		
9730   			9.74   		   		
9735   			11.76   		   		
9741   			10.96   		   		
9747   			11.88   		   		
9753   			12.22   		   		
9758   			11.94   		   		
9764   			12.34   		   		
9770   			11.53   		   		
9776   			11.42   		   		
9781   			10.73   		   		
9787   			11.31   		   		
9793   			11.44   		   		
9798   			11.61   		   		
9804   			11.33   		   		
9810   			11.61   		   		
9816   			11.61   		   		
9821   			10.69   		   		
9827   			11.09   		   		
9833   			10.75   		   		
9839   			10.81   		   		
9844   			12.29   		   		
9850   			11.94   		   		
9856   			11.71   		   		
9861   			11.31   		   		
9867   			11.31   		   		
9873   			11.08   		   		
9879   			10.48   		   		
9884   			10.71   		   		
9890   			11.23   		   		
9896   			11.51   		   		
9902   			11.29   		   		
9907   			11.06   		   		
9913   			12.20   		   		
9919   			11.23   		   		
9924   			10.77   		   		
9930   			11.51   		   		
9936   			11.36   		   		
9942   			11.71   		   		
9947   			11.82   		   		
9953   			11.42   		   		
9959   			11.65   		   		
9965   			11.59   		   		
9970   			12.05   		   		
9976   			11.53   		   		
9982   			11.42   		   		
9987   			11.13   		   		
9993   			11.36   		   		
9999   			11.42   		   		
10005   			11.53   		   		
10010   			11.02   		   		
10016   			11.25   		   		
10022   			11.57   		   		
10028   			11.57   		   		
10033   			11.11   		   		
10039   			12.03   		   		
10045   			10.31   		   		
10050   			11.08   		   		
10056   			11.36   		   		
10062   			10.33   		   		
10068   			10.45   		   		
10073   			10.50   		   		
10079   			10.96   		   		
10085   			10.96   		   		
10091   			11.94   		   		
10096   			11.71   		   		
10102   			11.42   		   		
10108   			11.23   		   		
10113   			10.71   		   		
10119   			10.71   		   		
10125   			10.94   		   		
10131   			10.94   		   		
10136   			11.11   		   		
10142   			10.94   		   		
10148   			10.48   		   		
10154   			10.37   		   		
10159   			10.66   		   		
10165   			11.59   		   		
10171   			11.25   		   		
10176   			10.85   		   		
10182   			10.73   		   		
10188   			10.68   		   		
10194   			10.85   		   		
10199   			10.91   		   		
10205   			11.36   		   		
10211   			9.42   		   		
10216   			9.82   		   		
10222   			9.91   		   		
10228   			9.91   		   		
10234   			10.25   		   		
10239   			10.37   		   		
10245   			9.39   		   		
10251   			9.70   		   		
10257   			10.50   		   		
10262   			10.50   		   		
10268   			11.13   		   		
10274   			9.19   		   		
10279   			11.02   		   		
10285   			10.91   		   		
10291   			10.56   		   		
10297   			10.73   		   		
10302   			10.85   		   		
10308   			10.91   		   		
10314   			10.56   		   		
10320   			10.05   		   		
10325   			10.50   		   		
10331   			9.93   		   		
10337   			9.19   		   		
10342   			9.87   		   		
10348   			9.70   		   		
10354   			10.62   		   		
10360   			10.33   		   		
10365   			9.99   		   		
10371   			10.10   		   		
10377   			9.87   		   		
10383   			10.33   		   		
10388   			9.82   		   		
10394   			9.59   		   		
10400   			10.73   		   		
10405   			10.96   		   		
10411   			10.62   		   		
10417   			11.02   		   		
10423   			10.69   		   		
10428   			11.21   		   		
10434   			11.26   		   		
10440   			10.58   		   		
10446   			10.69   		   		
10451   			10.86   		   		
10457   			10.52   		   		
10463   			10.86   		   		
10468   			10.58   		   		
10474   			10.18   		   		
10480   			11.34   		   		
10486   			11.00   		   		
10491   			9.45   		   		
10497   			9.74   		   		
10503   			9.62   		   		
10509   			10.48   		   		
10514   			10.43   		   		
10520   			10.77   		   		
10526   			10.08   		   		
10531   			9.80   		   		
10537   			9.49   		   		
10543   			9.49   		   		
10549   			10.63   		   		
10554   			10.81   		   		
10560   			10.86   		   		
10566   			10.77   		   		
10572   			10.77   		   		
10577   			10.71   		   		
10583   			11.06   		   		
10589   			11.51   		   		
10594   			11.48   		   		
10600   			10.56   		   		
10606   			10.50   		   		
10612   			10.33   		   		
10617   			10.56   		   		
10623   			10.28   		   		
10629   			10.50   		   		
10635   			11.02   		   		
10640   			10.33   		   		
10646   			9.99   		   		
10652   			11.59   		   		
10657   			11.13   		   		
10663   			10.38   		   		
10669   			10.38   		   		
10675   			11.24   		   		
10680   			10.50   		   		
10686   			10.28   		   		
10692   			10.68   		   		
10698   			10.16   		   		
10703   			10.56   		   		
10709   			11.51   		   		
10715   			11.06   		   		
10720   			10.25   		   		
10726   			11.06   		   		
10732   			11.51   		   		
10738   			11.59   		   		
10743   			11.36   		   		
10749   			11.19   		   		
10755   			9.42   		   		
10760   			10.73   		   		
10766   			11.74   		   		
10772   			12.14   		   		
10778   			11.57   		   		
10783   			10.37   		   		
10789   			11.29   		   		
10795   			10.37   		   		
10801   			10.66   		   		
10806   			10.08   		   		
10812   			10.25   		   		
10818   			9.11   		   		
10823   			10.16   		   		
10829   			10.79   		   		
10835   			10.28   		   		
10841   			10.62   		   		
10846   			11.19   		   		
10852   			10.60   		   		
10858   			10.14   		   		
10864   			9.74   		   		
10869   			10.71   		   		
10875   			11.11   		   		
10881   			9.51   		   		
10886   			11.57   		   		
10892   			10.88   		   		
10898   			10.54   		   		
10904   			10.83   		   		
10909   			11.59   		   		
10915   			11.42   		   		
10921   			10.10   		   		
10927   			10.33   		   		
10932   			10.39   		   		
10938   			10.39   		   		
10944   			8.73   		   		
10949   			10.68   		   		
10955   			9.93   		   		
10961   			10.28   		   		
10967   			9.90   		   		
10972   			10.41   		   		
10978   			10.24   		   		
10984   			10.12   		   		
10990   			11.27   		   		
10995   			10.14   		   		
11001   			10.60   		   		
11007   			9.11   		   		
11012   			10.08   		   		
11018   			10.14   		   		
11024   			10.88   		   		
11030   			10.54   		   		
11035   			10.71   		   		
11041   			9.85   		   		
11047   			10.37   		   		
11053   			10.46   		   		
11058   			9.95   		   		
11064   			10.58   		   		
11070   			8.11   		   		
11075   			10.12   		   		
11081   			10.22   		   		
11087   			10.45   		   		
11093   			10.28   		   		
11098   			9.76   		   		
11104   			10.28   		   		
11110   			11.11   		   		
11116   			10.31   		   		
11121   			11.11   		   		
11127   			10.14   		   		
11133   			9.05   		   		
11138   			10.43   		   		
11144   			10.94   		   		
11150   			10.48   		   		
11156   			10.60   		   		
11161   			11.17   		   		
11167   			11.48   		   		
11173   			10.91   		   		
11179   			11.02   		   		
11184   			10.96   		   		
11190   			11.13   		   		
11196   			10.48   		   		
11201   			10.48   		   		
11207   			10.71   		   		
11213   			11.00   		   		
11219   			11.74   		   		
11224   			11.25   		   		
11230   			11.59   		   		
11236   			11.59   		   		
11242   			11.65   		   		
11247   			11.36   		   		
11253   			12.16   		   		
11259   			11.88   		   		
11264   			11.19   		   		
11270   			11.48   		   		
11276   			11.82   		   		
11282   			11.21   		   		
11287   			11.44   		   		
11293   			11.44   		   		
11299   			12.01   		   		
11305   			12.24   		   		
11310   			10.25   		   		
11316   			12.71   		   		
11322   			11.80   		   		
11327   			11.57   		   		
11333   			11.00   		   		
11339   			12.11   		   		
11345   			11.02   		   		
11350   			11.02   		   		
11356   			11.36   		   		
11362   			11.53   		   		
11368   			10.50   		   		
11373   			10.85   		   		
11379   			11.99   		   		
11385   			11.25   		   		
11390   			11.48   		   		
11396   			10.79   		   		
11402   			11.31   		   		
11408   			10.79   		   		
11413   			11.88   		   		
11419   			11.53   		   		
11425   			11.59   		   		
11431   			11.82   		   		
11436   			11.08   		   		
11442   			11.65   		   		
11448   			10.85   		   		
11453   			11.63   		   		
11459   			11.29   		   		
11465   			11.29   		   		
11471   			11.57   		   		
11476   			11.11   		   		
11482   			11.59   		   		
11488   			11.48   		   		
11494   			12.68   		   		
11499   			12.11   		   		
11505   			11.59   		   		
11511   			11.55   		   		
11516   			11.15   		   		
11522   			10.63   		   		
11528   			11.04   		   		
11534   			11.21   		   		
11539   			11.65   		   		
11545   			11.76   		   		
11551   			12.68   		   		
11557   			11.08   		   		
11562   			11.08   		   		
11568   			11.57   		   		
11574   			11.34   		   		
11579   			11.23   		   		
11585   			11.23   		   		
11591   			10.48   		   		
11597   			11.34   		   		
11602   			11.23   		   		
11608   			11.11   		   		
11614   			11.74   		   		
11619   			10.66   		   		
11625   			11.40   		   		
11631   			10.48   		   		
11637   			11.17   		   		
11642   			10.37   		   		
11648   			11.51   		   		
11654   			11.08   		   		
11660   			11.02   		   		
11665   			11.48   		   		
11671   			10.50   		   		
11677   			8.38   		   		
11682   			10.03   		   		
11688   			10.43   		   		
11694   			10.25   		   		
11700   			10.37   		   		
11705   			10.37   		   		
11711   			9.65   		   		
11717   			10.39   		   		
11723   			11.71   		   		
11728   			10.85   		   		
11734   			10.62   		   		
11740   			8.71   		   		
11745   			10.83   		   		
11751   			11.11   		   		
11757   			10.66   		   		
11763   			11.06   		   		
11768   			11.04   		   		
11774   			11.16   		   		
11780   			11.73   		   		
11786   			11.50   		   		
11791   			11.38   		   		
11797   			11.29   		   		
11803   			9.51   		   		
11808   			11.23   		   		
11814   			11.11   		   		
11820   			10.88   		   		
11826   			11.17   		   		
11831   			11.11   		   		
11837   			10.08   		   		
11843   			11.17   		   		
11849   			10.77   		   		
11854   			10.88   		   		
11860   			11.57   		   		
11866   			10.48   		   		
11871   			11.74   		   		
11877   			10.71   		   		
11883   			10.88   		   		
11889   			9.85   		   		
11894   			10.08   		   		
11900   			10.25   		   		
11906   			9.91   		   		
11912   			10.66   		   		
11917   			10.43   		   		
11923   			11.11   		   		
11929   			11.29   		   		
11934   			10.48   		   		
11940   			10.70   		   		
11946   			11.33   		   		
11952   			10.98   		   		
11957   			12.07   		   		
11963   			11.38   		   		
11969   			12.22   		   		
11975   			11.25   		   		
11980   			11.71   		   		
11986   			10.68   		   		
11992   			11.02   		   		
11997   			11.55   		   		
12003   			11.38   		   		
12009   			11.44   		   		
12015   			11.15   		   		
12020   			11.84   		   		
12026   			11.34   		   		
12032   			11.23   		   		
12038   			11.17   		   		
12043   			10.20   		   		
12049   			10.31   		   		
12055   			10.47   		   		
12060   			11.33   		   		
12066   			11.73   		   		
12072   			11.16   		   		
12078   			11.84   		   		
12083   			10.91   		   		
12089   			11.02   		   		
12095   			10.96   		   		
12101   			10.96   		   		
12106   			10.79   		   		
12112   			10.37   		   		
12118   			10.31   		   		
12123   			10.71   		   		
12129   			10.20   		   		
12135   			10.77   		   		
12141   			9.95   		   		
12146   			10.75   		   		
12152   			10.18   		   		
12158   			10.23   		   		
12164   			10.12   		   		
12169   			10.37   		   		
12175   			10.60   		   		
12181   			11.17   		   		
12186   			10.43   		   		
12192   			9.97   		   		
12198   			10.48   		   		
12204   			10.94   		   		
12209   			10.25   		   		
12215   			11.11   		   		
12221   			10.31   		   		
12227   			10.87   		   		
12232   			10.81   		   		
12238   			11.33   		   		
12244   			11.16   		   		
12249   			10.41   		   		
12255   			10.26   		   		
12261   			10.43   		   		
12267   			10.20   		   		
12272   			10.09   		   		
12278   			10.83   		   		
12284   			9.76   		   		
12290   			9.70   		   		
12295   			10.33   		   		
12301   			10.96   		   		
12307   			10.56   		   		
12312   			11.08   		   		
12318   			10.22   		   		
12324   			10.45   		   		
12330   			10.33   		   		
12335   			11.08   		   		
12341   			10.33   		   		
12347   			10.16   		   		
12352   			10.10   		   		
12358   			9.36   		   		
12364   			9.19   		   		
12370   			9.99   		   		
12375   			10.33   		   		
12381   			9.93   		   		
12387   			10.05   		   		
12393   			10.28   		   		
12398   			10.10   		   		
12404   			10.22   		   		
12410   			8.38   		   		
12415   			9.87   		   		
12421   			10.05   		   		
12427   			10.54   		   		
12433   			9.68   		   		
12438   			10.83   		   		
12444   			9.45   		   		
12450   			10.43   		   		
12456   			10.43   		   		
12461   			10.60   		   		
12467   			9.91   		   		
12473   			7.73   		   		
12478   			9.91   		   		
12484   			10.48   		   		
12490   			10.37   		   		
12496   			10.94   		   		
12501   			10.77   		   		
12507   			11.74   		   		
12513   			11.17   		   		
12519   			11.00   		   		
12524   			11.46   		   		
12530   			10.77   		   		
12536   			11.29   		   		
12541   			11.21   		   		
12547   			10.92   		   		
12553   			11.38   		   		
12559   			11.55   		   		
12564   			10.92   		   		
12570   			11.67   		   		
12576   			11.73   		   		
12582   			9.55   		   		
12587   			10.75   		   		
12593   			10.47   		   		
12599   			9.80   		   		
12604   			10.43   		   		
12610   			10.37   		   		
12616   			11.00   		   		
12622   			11.46   		   		
12627   			10.53   		   		
12633   			10.93   		   		
12639   			10.47   		   		
12645   			10.18   		   		
12650   			10.53   		   		
12656   			11.13   		   		
12662   			11.31   		   		
12667   			10.73   		   		
12673   			10.73   		   		
12679   			11.31   		   		
12685   			11.19   		   		
12690   			10.79   		   		
12696   			10.79   		   		
12702   			9.76   		   		
12708   			10.62   		   		
12713   			10.69   		   		
12719   			10.52   		   		
12725   			11.49   		   		
12730   			10.52   		   		
12736   			10.69   		   		
12742   			11.26   		   		
12748   			10.52   		   		
12753   			10.69   		   		
12759   			10.98   		   		
12765   			10.69   		   		
12771   			12.16   		   		
12776   			11.13   		   		
12782   			11.02   		   		
12788   			10.56   		   		
12793   			11.19   		   		
12799   			11.51   		   		
12805   			11.57   		   		
12811   			11.69   		   		
12816   			11.80   		   		
12822   			11.91   		   		
12828   			11.19   		   		
12834   			10.85   		   		
12839   			10.68   		   		
12845   			10.56   		   		
12851   			11.19   		   		
12856   			11.00   		   		
12862   			11.51   		   		
12868   			10.83   		   		
12874   			9.85   		   		
12879   			10.94   		   		
12885   			11.36   		   		
12891   			11.88   		   		
12896   			11.25   		   		
12902   			11.82   		   		
12908   			12.34   		   		
12914   			12.85   		   		
12919   			11.02   		   		
12925   			11.76   		   		
12931   			11.36   		   		
12937   			12.22   		   		
12942   			10.45   		   		
12948   			10.68   		   		
12954   			8.96   		   		
12959   			10.91   		   		
12965   			11.59   		   		
12971   			10.06   		   		
12977   			10.92   		   		
12982   			10.81   		   		
12988   			11.26   		   		
12994   			11.21   		   		
13000   			11.84   		   		
13005   			11.49   		   		
13011   			10.63   		   		
13017   			9.20   		   		
13022   			10.86   		   		
13028   			11.21   		   		
13034   			10.53   		   		
13040   			11.04   		   		
13045   			11.27   		   		
13051   			10.58   		   		
13057   			12.01   		   		
13063   			11.84   		   		
13068   			12.13   		   		
13074   			12.01   		   		
13080   			10.30   		   		
13085   			11.88   		   		
13091   			11.13   		   		
13097   			10.85   		   		
13103   			11.99   		   		
13108   			11.25   		   		
13114   			11.53   		   		
13120   			11.59   		   		
13126   			10.62   		   		
13131   			11.13   		   		
13137   			10.91   		   		
13143   			11.27   		   		
13148   			10.30   		   		
13154   			11.50   		   		
13160   			11.16   		   		
13166   			11.56   		   		
13171   			11.42   		   		
13177   			11.36   		   		
13183   			11.82   		   		
13189   			11.53   		   		
13194   			12.11   		   		
13200   			12.60   		   		
13206   			11.80   		   		
13211   			11.63   		   		
13217   			10.88   		   		
13223   			11.11   		   		
13229   			11.38   		   		
13234   			11.78   		   		
13240   			11.16   		   		
13246   			10.18   		   		
13252   			11.84   		   		
13257   			11.17   		   		
13263   			11.97   		   		
13269   			12.26   		   		
13274   			11.91   		   		
13280   			12.20   		   		
13286   			12.30   		   		
13292   			11.84   		   		
13297   			11.73   		   		
13303   			12.13   		   		
13309   			12.93   		   		
13315   			12.74   		   		
13320   			12.28   		   		
13326   			11.99   		   		
13332   			12.96   		   		
13337   			12.11   		   		
13343   			11.11   		   		
13349   			11.46   		   		
13355   			12.49   		   		
13360   			10.66   		   		
13366   			11.91   		   		
13372   			11.97   		   		
13378   			11.74   		   		
13383   			10.77   		   		
13389   			11.40   		   		
13395   			12.26   		   		
13400   			11.71   		   		
13406   			11.19   		   		
13412   			11.71   		   		
13418   			11.82   		   		
13423   			12.34   		   		
13429   			11.76   		   		
13435   			11.08   		   		
13441   			11.19   		   		
13446   			11.02   		   		
13452   			11.65   		   		
13458   			11.76   		   		
13463   			11.94   		   		
13469   			11.31   		   		
13475   			11.71   		   		
13481   			11.76   		   		
13486   			12.03   		   		
13492   			12.89   		   		
13498   			12.54   		   		
13504   			11.97   		   		
13509   			12.03   		   		
13515   			11.69   		   		
13521   			12.14   		   		
13526   			12.03   		   		
13532   			11.86   		   		
13538   			12.49   		   		
13544   			11.88   		   		
13549   			12.34   		   		
13555   			11.36   		   		
13561   			11.65   		   		
13567   			11.25   		   		
13572   			12.71   		   		
13578   			12.66   		   		
13584   			11.80   		   		
13589   			11.34   		   		
13595   			11.46   		   		
13601   			12.01   		   		
13607   			12.13   		   		
13612   			12.24   		   		
13618   			12.18   		   		
13624   			12.36   		   		
13630   			12.16   		   		
13635   			11.25   		   		
13641   			12.74   		   		
13647   			12.05   		   		
13652   			12.22   		   		
13658   			11.74   		   		
13664   			12.09   		   		
13670   			12.66   		   		
13675   			12.14   		   		
13681   			12.77   		   		
13687   			12.12   		   		
13693   			12.24   		   		
13698   			11.49   		   		
13704   			12.06   		   		
13710   			11.49   		   		
13715   			11.99   		   		
13721   			11.82   		   		
13727   			11.65   		   		
13733   			11.71   		   		
13738   			10.73   		   		
13744   			11.51   		   		
13750   			10.03   		   		
13755   			11.34   		   		
13761   			11.40   		   		
13767   			11.40   		   		
13773   			11.51   		   		
13778   			11.23   		   		
13784   			11.29   		   		
13790   			12.03   		   		
13796   			11.23   		   		
13801   			11.17   		   		
13807   			12.14   		   		
13813   			9.51   		   		
13818   			10.54   		   		
13824   			10.94   		   		
13830   			10.73   		   		
13836   			11.25   		   		
13841   			11.31   		   		
13847   			10.96   		   		
13853   			10.96   		   		
13859   			11.34   		   		
13864   			10.60   		   		
13870   			10.83   		   		
13876   			10.88   		   		
13881   			10.83   		   		
13887   			11.19   		   		
13893   			11.19   		   		
13899   			10.96   		   		
13904   			11.59   		   		
13910   			11.76   		   		
13916   			11.73   		   		
13922   			10.81   		   		
13927   			11.21   		   		
13933   			10.87   		   		
13939   			10.93   		   		
13944   			11.99   		   		
13950   			11.02   		   		
13956   			11.31   		   		
13962   			11.08   		   		
13967   			11.31   		   		
13973   			11.11   		   		
13979   			11.23   		   		
13985   			11.17   		   		
13990   			10.94   		   		
13996   			11.86   		   		
14002   			10.62   		   		
14007   			11.36   		   		
14013   			11.48   		   		
14019   			10.10   		   		
14025   			10.50   		   		
14030   			11.94   		   		
14036   			11.53   		   		
14042   			10.62   		   		
14048   			10.85   		   		
14053   			11.13   		   		
14059   			10.91   		   		
14065   			10.28   		   		
14070   			10.50   		   		
14076   			10.96   		   		
14082   			11.02   		   		
14088   			10.60   		   		
14093   			11.06   		   		
14099   			12.20   		   		
14105   			10.94   		   		
14111   			11.17   		   		
14116   			11.34   		   		
14122   			10.94   		   		
14128   			11.06   		   		
14133   			10.48   		   		
14139   			11.74   		   		
14145   			10.91   		   		
14151   			10.79   		   		
14156   			10.62   		   		
14162   			10.28   		   		
14168   			10.68   		   		
14174   			10.68   		   		
14179   			11.08   		   		
14185   			10.91   		   		
14191   			9.70   		   		
14196   			9.01   		   		
14202   			10.31   		   		
14208   			9.97   		   		
14214   			10.88   		   		
14219   			10.54   		   		
14225   			10.43   		   		
14231   			9.11   		   		
14236   			11.57   		   		
14242   			10.08   		   		
14248   			10.66   		   		
14254   			10.08   		   		
14259   			10.48   		   		
14265   			10.48   		   		
14271   			10.83   		   		
14277   			10.88   		   		
14282   			11.11   		   		
14288   			10.79   		   		
14294   			9.24   		   		
14299   			11.65   		   		
14305   			11.36   		   		
14311   			11.76   		   		
14317   			11.16   		   		
14322   			11.33   		   		
14328   			11.61   		   		
14334   			11.16   		   		
14340   			10.98   		   		
14345   			12.05   		   		
14351   			11.94   		   		
14357   			9.82   		   		
14362   			11.65   		   		
14368   			11.08   		   		
14374   			10.01   		   		
14380   			10.87   		   		
14385   			11.10   		   		
14391   			10.98   		   		
14397   			11.61   		   		
14403   			10.91   		   		
14408   			10.85   		   		
14414   			10.50   		   		
14420   			8.56   		   		
14425   			10.91   		   		
14431   			10.60   		   		
14437   			10.88   		   		
14443   			10.60   		   		
14448   			10.71   		   		
14454   			11.69   		   		
14460   			11.66   		   		
14466   			11.09   		   		
14471   			11.84   		   		
14477   			11.32   		   		
14483   			9.83   		   		
14488   			10.93   		   		
14494   			11.50   		   		
14500   			11.44   		   		
14506   			11.04   		   		
14511   			11.61   		   		
14517   			11.78   		   		
14523   			11.16   		   		
14529   			11.73   		   		
14534   			11.04   		   		
14540   			11.04   		   		
14546   			11.04   		   		
14551   			11.50   		   		
14557   			11.67   		   		
14563   			11.73   		   		
14569   			11.38   		   		
14574   			11.76   		   		
14580   			12.56   		   		
14586   			11.59   		   		
14592   			12.28   		   		
14597   			11.94   		   		
14603   			11.73   		   		
14609   			10.70   		   		
14614   			12.13   		   		
14620   			11.50   		   		
14626   			11.38   		   		
14632   			10.81   		   		
14637   			11.66   		   		
14643   			11.38   		   		
14649   			11.55   		   		
14655   			11.72   		   		
14660   			12.28   		   		
14666   			12.11   		   		
14672   			11.65   		   		
14677   			11.53   		   		
14683   			11.99   		   		
14689   			11.48   		   		
14695   			11.59   		   		
14700   			11.82   		   		
14706   			11.71   		   		
14712   			11.36   		   		
14718   			11.29   		   		
14723   			12.09   		   		
14729   			10.77   		   		
14735   			11.34   		   		
14740   			10.83   		   		
14746   			11.48   		   		
14752   			11.02   		   		
14758   			11.59   		   		
14763   			11.48   		   		
14769   			10.96   		   		
14775   			11.04   		   		
14781   			11.95   		   		
14786   			11.49   		   		
14792   			10.98   		   		
14798   			11.55   		   		
14803   			11.74   		   		
14809   			11.51   		   		
14815   			11.40   		   		
14821   			11.74   		   		
14826   			11.80   		   		
14832   			11.86   		   		
14838   			11.29   		   		
14844   			11.17   		   		
14849   			11.40   		   		
14855   			11.74   		   		
14861   			10.50   		   		
14866   			11.31   		   		
14872   			11.71   		   		
14878   			11.94   		   		
14884   			10.85   		   		
14889   			11.51   		   		
14895   			12.37   		   		
14901   			11.29   		   		
14907   			10.71   		   		
14912   			10.54   		   		
14918   			11.29   		   		
14924   			11.00   		   		
14929   			11.34   		   		
14935   			11.80   		   		
14941   			11.29   		   		
14947   			11.25   		   		
14952   			11.65   		   		
14958   			10.91   		   		
14964   			11.42   		   		
14970   			11.59   		   		
14975   			11.19   		   		
14981   			11.36   		   		
14987   			11.08   		   		
14992   			11.08   		   		
14998   			11.31   		   		
15004   			10.91   		   		
15010   			11.94   		   		
15015   			11.71   		   		
15021   			11.25   		   		
15027   			11.59   		   		
15033   			11.34   		   		
15038   			11.40   		   		
15044   			11.63   		   		
15050   			11.86   		   		
15055   			11.63   		   		
15061   			11.76   		   		
15067   			11.53   		   		
15073   			11.19   		   		
15078   			11.42   		   		
15084   			12.05   		   		
15090   			11.53   		   		
15096   			11.94   		   		
15101   			11.76   		   		
15107   			11.65   		   		
15113   			11.31   		   		
15118   			11.31   		   		
15124   			12.05   		   		
15130   			11.48   		   		
15136   			10.22   		   		
15141   			11.94   		   		
15147   			11.86   		   		
15153   			10.03   		   		
15158   			11.00   		   		
15164   			10.43   		   		
15170   			11.17   		   		
15176   			11.51   		   		
15181   			11.46   		   		
15187   			12.37   		   		
15193   			12.26   		   		
15199   			11.00   		   		
15204   			11.57   		   		
15210   			12.77   		   		
15216   			10.25   		   		
15221   			11.40   		   		
15227   			11.11   		   		
15233   			10.71   		   		
15239   			10.88   		   		
15244   			11.74   		   		
15250   			11.46   		   		
15256   			11.06   		   		
15262   			11.00   		   		
15267   			11.40   		   		
15273   			11.11   		   		
15279   			10.94   		   		
15284   			11.40   		   		
15290   			11.19   		   		
15296   			10.50   		   		
15302   			11.31   		   		
15307   			10.96   		   		
15313   			11.59   		   		
15319   			11.63   		   		
15325   			10.66   		   		
15330   			10.77   		   		
15336   			11.06   		   		
15342   			10.43   		   		
15347   			10.50   		   		
15353   			11.02   		   		
15359   			10.45   		   		
15365   			10.85   		   		
15370   			11.19   		   		
15376   			10.43   		   		
15382   			10.94   		   		
15388   			11.57   		   		
15393   			11.57   		   		
15399   			11.91   		   		
15405   			11.40   		   		
15410   			11.29   		   		
15416   			10.94   		   		
15422   			9.85   		   		
15428   			10.03   		   		
15433   			10.78   		   		
15439   			11.63   		   		
15445   			11.06   		   		
15451   			10.83   		   		
15456   			11.06   		   		
15462   			10.48   		   		
15468   			11.11   		   		
15473   			10.71   		   		
15479   			10.08   		   		
15485   			9.97   		   		
15491   			10.52   		   		
15496   			10.75   		   		
15502   			11.26   		   		
15508   			10.86   		   		
15514   			11.84   		   		
15519   			10.73   		   		
15525   			10.85   		   		
15531   			10.91   		   		
15536   			11.59   		   		
15542   			11.94   		   		
15548   			11.61   		   		
15554   			11.21   		   		
15559   			11.67   		   		
15565   			10.81   		   		
15571   			11.96   		   		
15577   			11.91   		   		
15582   			12.83   		   		
15588   			11.63   		   		
15594   			11.06   		   		
15599   			10.77   		   		
15605   			11.40   		   		
15611   			9.68   		   		
15617   			11.06   		   		
15622   			10.66   		   		
15628   			11.80   		   		
15634   			11.91   		   		
15640   			11.69   		   		
15645   			11.34   		   		
15651   			11.23   		   		
15657   			10.60   		   		
15662   			10.98   		   		
15668   			11.16   		   		
15674   			11.21   		   		
15680   			10.98   		   		
15685   			11.50   		   		
15691   			11.06   		   		
15697   			10.20   		   		
15702   			10.43   		   		
15708   			10.20   		   		
15714   			10.49   		   		
15720   			11.00   		   		
15725   			10.60   		   		
15731   			11.11   		   		
15737   			11.00   		   		
15743   			10.94   		   		
15748   			10.62   		   		
15754   			11.19   		   		
15760   			9.36   		   		
15765   			9.82   		   		
15771   			9.70   		   		
15777   			10.39   		   		
15783   			10.96   		   		
15788   			11.02   		   		
15794   			10.68   		   		
15800   			11.13   		   		
15806   			10.68   		   		
15811   			10.28   		   		
15817   			10.10   		   		
15823   			9.07   		   		
15828   			10.91   		   		
15834   			11.27   		   		
15840   			11.27   		   		
15846   			11.44   		   		
15851   			11.38   		   		
15857   			10.93   		   		
15863   			11.02   		   		
15869   			11.31   		   		
15874   			11.71   		   		
15880   			10.96   		   		
15886   			9.53   		   		
15891   			11.65   		   		
15897   			11.36   		   		
15903   			10.85   		   		
15909   			11.02   		   		
15914   			11.36   		   		
15920   			11.13   		   		
15926   			10.50   		   		
15932   			11.42   		   		
15937   			11.82   		   		
15943   			11.31   		   		
15949   			11.23   		   		
15954   			10.66   		   		
15960   			11.40   		   		
15966   			10.48   		   		
15972   			11.00   		   		
15977   			11.56   		   		
15983   			12.01   		   		
15989   			11.10   		   		
15995   			11.16   		   		
16000   			10.98   		   		
16006   			11.65   		   		
16012   			10.73   		   		
16017   			11.99   		   		
16023   			11.82   		   		
16029   			10.85   		   		
16035   			11.33   		   		
16040   			10.87   		   		
16046   			11.04   		   		
16052   			11.16   		   		
16058   			11.61   		   		
16063   			11.67   		   		
16069   			11.21   		   		
16075   			11.33   		   		
16080   			10.98   		   		
16086   			11.67   		   		
16092   			11.57   		   		
16098   			11.23   		   		
16103   			11.80   		   		
16109   			11.34   		   		
16115   			10.88   		   		
16121   			10.14   		   		
16126   			10.25   		   		
16132   			10.14   		   		
16138   			11.51   		   		
16143   			10.20   		   		
16149   			10.73   		   		
16155   			10.16   		   		
16161   			10.73   		   		
16166   			10.62   		   		
16172   			11.08   		   		
16178   			10.77   		   		
16184   			10.14   		   		
16189   			11.06   		   		
16195   			10.66   		   		
16201   			10.25   		   		
16206   			10.62   		   		
16212   			10.56   		   		
16218   			10.91   		   		
16224   			11.82   		   		
16229   			11.53   		   		
16235   			11.65   		   		
16241   			10.91   		   		
16247   			10.96   		   		
16252   			11.13   		   		
16258   			11.36   		   		
16264   			11.36   		   		
16269   			11.94   		   		
16275   			11.88   		   		
16281   			11.76   		   		
16287   			11.42   		   		
16292   			10.56   		   		
16298   			10.50   		   		
16304   			10.85   		   		
16310   			10.62   		   		
16315   			10.96   		   		
16321   			11.21   		   		
16327   			12.01   		   		
16332   			10.64   		   		
16338   			10.93   		   		
16344   			10.75   		   		
16350   			10.88   		   		
16355   			11.11   		   		
16361   			10.48   		   		
16367   			9.28   		   		
16372   			10.77   		   		
16378   			11.11   		   		
16384   			11.57   		   		
16390   			10.71   		   		
16395   			10.88   		   		
16401   			11.57   		   		
16407   			11.13   		   		
16413   			11.76   		   		
16418   			11.13   		   		
16424   			10.45   		   		
16430   			9.36   		   		
16435   			10.28   		   		
16441   			10.33   		   		
16447   			10.39   		   		
16453   			10.62   		   		
16458   			10.56   		   		
16464   			10.28   		   		
16470   			10.56   		   		
16476   			10.45   		   		
16481   			10.22   		   		
16487   			9.36   		   		
16493   			8.30   		   		
16498   			9.80   		   		
16504   			10.14   		   		
16510   			8.88   		   		
16516   			8.88   		   		
16521   			8.76   		   		
16527   			8.71   		   		
16533   			9.68   		   		
16539   			8.88   		   		
16544   			8.25   		   		
16550   			7.98   		   		
16556   			6.31   		   		
16561   			8.79   		   		
16567   			8.44   		   		
16573   			8.50   		   		
16579   			8.27   		   		
16584   			8.73   		   		
16590   			8.79   		   		
16596   			8.79   		   		
16602   			8.67   		   		
16607   			8.67   		   		
16613   			7.98   		   		
16619   			6.54   		   		
16624   			8.04   		   		
16630   			7.92   		   		
16636   			8.13   		   		
16642   			7.33   		   		
16647   			6.87   		   		
16653   			7.16   		   		
16659   			6.87   		   		
16665   			6.93   		   		
16670   			7.27   		   		
16676   			6.93   		   		
16682   			6.81   		   		
16687   			6.98   		   		
16693   			7.39   		   		
16699   			7.10   		   		
16705   			7.10   		   		
16710   			7.44   		   		
16716   			6.93   		   		
16722   			6.70   		   		
16728   			7.10   		   		
16733   			7.21   		   		
16739   			5.78   		   		
16745   			4.45   		   		
16750   			5.34   		   		
16756   			5.97   		   		
16762   			5.97   		   		
16768   			6.14   		   		
16773   			5.91   		   		
16779   			5.62   		   		
16785   			5.62   		   		
16791   			6.03   		   		
16796   			6.26   		   		
16802   			7.35   		   		
16808   			6.58   		   		
16813   			6.12   		   		
16819   			5.49   		   		
16825   			5.49   		   		
16831   			4.85   		   		
16836   			5.83   		   		
16842   			6.12   		   		
16848   			6.70   		   		
16854   			5.26   		   		
16859   			5.20   		   		
16865   			5.39   		   		
16871   			5.51   		   		
16876   			4.99   		   		
16882   			4.18   		   		
16888   			4.88   		   		
16894   			6.18   		   		
16899   			5.49   		   		
16905   			5.26   		   		
16911   			6.35   		   		
16917   			4.62   		   		
16922   			4.97   		   		
16928   			4.97   		   		
16934   			4.68   		   		
16939   			3.47   		   		
16945   			3.47   		   		
16951   			4.30   		   		
16957   			4.13   		   		
16962   			3.55   		   		
16968   			4.01   		   		
16974   			4.07   		   		
16980   			3.63   		   		
16985   			3.97   		   		
16991   			4.61   		   		
16997   			5.30   		   		
17002   			4.67   		   		
17008   			4.30   		   		
17014   			5.16   		   		
17020   			4.18   		   		
17025   			5.22   		   		
17031   			4.13   		   		
17037   			4.68   		   		
17042   			4.68   		   		
17048   			5.37   		   		
17054   			4.85   		   		
17060   			4.68   		   		
17065   			4.59   		   		
17071   			4.41   		   		
17077   			4.01   		   		
17083   			4.59   		   		
17088   			4.64   		   		
17094   			5.55   		   		
17100   			3.47   		   		
17105   			4.74   		   		
17111   			5.20   		   		
17117   			4.57   		   		
17123   			4.07   		   		
17128   			4.82   		   		
17134   			4.07   		   		
17140   			4.01   		   		
17146   			4.18   		   		
17151   			5.16   		   		
17157   			4.01   		   		
17163   			1.47   		   		
17168   			2.91   		   		
17174   			2.74   		   		
17180   			2.74   		   		
17186   			2.45   		   		
17191   			2.68   		   		
17197   			2.16   		   		
17203   			2.51   		   		
17209   			2.78   		   		
17214   			2.66   		   		
17220   			3.07   		   		
17226   			0.87   		   		
17231   			2.84   		   		
17237   			3.34   		   		
17243   			2.59   		   		
17249   			2.36   		   		
17254   			2.59   		   		
17260   			3.17   		   		
17266   			1.39   		   		
17272   			1.97   		   		
17277   			2.66   		   		
17283   			1.91   		   		
17289   			0.17   		   		
17294   			2.16   		   		
17300   			2.16   		   		
17306   			2.28   		   		
17312   			2.10   		   		
17317   			2.10   		   		
17323   			2.39   		   		
17329   			2.51   		   		
17335   			2.63   		   		
17340   			1.99   		   		
17346   			2.10   		   		
17352   			2.86   		   		
17357   			2.10   		   		
17363   			3.03   		   		
17369   			2.45   		   		
17375   			2.39   		   		
17380   			2.55   		   		
17386   			3.18   		   		
17392   			2.20   		   		
17398   			2.43   		   		
17403   			1.51   		   		
17409   			1.53   		   		
17415   			2.10   		   		
17420   			1.58   		   		
17426   			0.43   		   		
17432   			0.83   		   		
17438   			0.31   		   		
17443   			0.95   		   		
17449   			1.12   		   		
17455   			0.72   		   		
17461   			1.64   		   		
17466   			1.18   		   		
17472   			0.49   		   		
17478   			0.43   		   		
17483   			0.89   		   		
17489   			1.53   		   		
17495   			1.10   		   		
17501   			1.22   		   		
17506   			1.45   		   		
17512   			1.16   		   		
17518   			0.81   		   		
17524   			1.70   		   		
17529   			1.41   		   		
17535   			1.64   		   		
17541   			1.30   		   		
17546   			1.01   		   		
17552   			1.39   		   		
17558   			1.04   		   		
17564   			0.99   		   		
17569   			0.87   		   		
17575   			1.10   		   		
17581   			0.89   		   		
17587   			0.66   		   		
17592   			0.72   		   		
17598   			-0.27   		   		
17604   			0.49   		   		
17609   			0.46   		   		
17615   			0.06   		   		
17621   			0.70   		   		
17627   			0.17   		   		
17632   			0.12   		   		
17638   			-0.62   		   		
17644   			-0.09   		   		
17649   			-0.44   		   		
17655   			-0.15   		   		
17661   			-0.09   		   		
17667   			0.27   		   		
17672   			0.16   		   		
17678   			-0.48   		   		
17684   			-0.48   		   		
17690   			-0.36   		   		
17695   			-0.29   		   		
17701   			-0.69   		   		
17707   			-2.03   		   		
17712   			0.35   		   		
17718   			0.12   		   		
17724   			0.00   		   		
17730   			0.23   		   		
17735   			0.81   		   		
17741   			-0.17   		   		
17747   			0.12   		   		
17753   			0.68   		   		
17758   			0.39   		   		
17764   			0.51   		   		
17770   			-2.34   		   		
17775   			-0.13   		   		
17781   			-0.23   		   		
17787   			-0.06   		   		
17793   			-0.17   		   		
17798   			0.29   		   		
17804   			-0.35   		   		
17810   			0.06   		   		
17816   			-0.46   		   		
17821   			-0.23   		   		
17827   			-1.22   		   		
17833   			-2.55   		   		
17838   			-0.35   		   		
17844   			-0.52   		   		
17850   			0.12   		   		
17856   			0.41   		   		
17861   			0.00   		   		
17867   			-0.62   		   		
17873   			-0.79   		   		
17879   			-0.15   		   		
17884   			-0.15   		   		
17890   			0.37   		   		
17896   			-2.51   		   		
17901   			-0.83   		   		
17907   			-0.25   		   		
17913   			-0.30   		   		
17919   			-0.48   		   		
17924   			0.17   		   		
17930   			0.46   		   		
17936   			0.58   		   		
17942   			0.35   		   		
17947   			0.64   		   		
17953   			-0.30   		   		
17959   			-2.16   		   		
17964   			-0.65   		   		
17970   			-0.02   		   		
17976   			-0.07   		   		
17982   			-0.29   		   		
17987   			0.23   		   		
17993   			-0.12   		   		
17999   			0.06   		   		
18005   			0.12   		   		
18010   			-0.29   		   		
18016   			-0.17   		   		
18022   			0.81   		   		
18027   			0.29   		   		
18033   			0.58   		   		
18039   			0.25   		   		
18045   			-0.27   		   		
18050   			-0.62   		   		
18056   			-0.09   		   		
18062   			-0.27   		   		
18068   			-0.58   		   		
18073   			-0.35   		   		
18079   			-0.93   		   		
18085   			-0.58   		   		
18090   			0.00   		   		
18096   			0.27   		   		
18102   			-0.02   		   		
18108   			0.56   		   		
18113   			0.04   		   		
18119   			0.27   		   		
18125   			-0.58   		   		
18131   			-0.46   		   		
18136   			-1.39   		   		
18142   			-0.46   		   		
18148   			0.70   		   		
18153   			0.06   		   		
18159   			-0.29   		   		
18165   			0.23   		   		
18171   			0.46   		   		
18176   			1.45   		   		
18182   			0.41   		   		
18188   			0.93   		   		
18194   			0.58   		   		
18199   			0.41   		   		
18205   			0.52   		   		
18211   			0.43   		   		
18216   			0.20   		   		
18222   			0.20   		   		
18228   			-0.04   		   		
18234   			0.49   		   		
18239   			-0.30   		   		
18245   			0.27   		   		
18251   			-0.02   		   		
18257   			0.22   		   		
18262   			-0.19   		   		
18268   			-1.31   		   		
18274   			0.02   		   		
18279   			-0.50   		   		
18285   			-1.14   		   		
18291   			-0.56   		   		
18297   			-0.12   		   		
18302   			0.41   		   		
18308   			-0.17   		   		
18314   			-0.06   		   		
18320   			-0.17   		   		
18325   			-0.23   		   		
18331   			-0.17   		   		
18337   			0.12   		   		
18342   			0.35   		   		
18348   			-0.29   		   		
18354   			-0.64   		   		
18360   			-0.75   		   		
18365   			-0.87   		   		
18371   			-0.93   		   		
18377   			-0.23   		   		
18382   			-0.15   		   		
18388   			-0.15   		   		
18394   			0.31   		   		
18400   			0.43   		   		
18405   			0.02   		   		
18411   			0.83   		   		
18417   			-0.67   		   		
18423   			-0.91   		   		
18428   			-0.67   		   		
18434   			-0.04   		   		
18440   			-1.37   		   		
18445   			0.37   		   		
18451   			0.20   		   		
18457   			-0.09   		   		
18463   			-0.67   		   		
18468   			0.66   		   		
18474   			0.60   		   		
18480   			0.20   		   		
18486   			-0.79   		   		
18491   			-0.04   		   		
18497   			-0.12   		   		
18503   			-2.20   		   		
18508   			-0.12   		   		
18514   			0.12   		   		
18520   			-0.23   		   		
18526   			0.22   		   		
18531   			-0.54   		   		
18537   			-0.42   		   		
18543   			-0.36   		   		
18549   			-0.19   		   		
18554   			-0.07   		   		
18560   			-0.02   		   		
18566   			-2.34   		   		
18571   			-0.42   		   		
18577   			0.56   		   		
18583   			0.43   		   		
18589   			0.66   		   		
18594   			0.14   		   		
18600   			0.83   		   		
18606   			0.25   		   		
18612   			0.14   		   		
18617   			0.77   		   		
18623   			0.14   		   		
18629   			-1.78   		   		
18634   			0.54   		   		
18640   			0.23   		   		
18646   			-0.17   		   		
18652   			-0.52   		   		
18657   			-0.46   		   		
18663   			-0.35   		   		
18669   			0.29   		   		
18675   			0.52   		   		
18680   			-0.35   		   		
18686   			-0.40   		   		
18692   			-0.52   		   		
18697   			-0.50   		   		
18703   			-0.04   		   		
18709   			-0.85   		   		
18715   			0.66   		   		
18720   			0.02   		   		
18726   			0.35   		   		
18732   			0.29   		   		
18738   			-0.46   		   		
18743   			0.12   		   		
18749   			-0.40   		   		
18755   			0.87   		   		
18760   			-0.35   		   		
18766   			-0.52   		   		
18772   			-0.29   		   		
18778   			0.58   		   		
18783   			-0.12   		   		
18789   			0.52   		   		
18795   			-0.23   		   		
18801   			-0.17   		   		
18806   			0.17   		   		
18812   			0.30   		   		
18818   			-0.52   		   		
18823   			-0.28   		   		
18829   			-0.40   		   		
18835   			-0.28   		   		
18841   			-0.46   		   		
18846   			-0.81   		   		
18852   			-0.40   		   		
18858   			-0.23   		   		
18864   			0.58   		   		
18869   			0.52   		   		
18875   			0.00   		   		
18881   			-0.17   		   		
18886   			-0.64   		   		
18892   			0.46   		   		
18898   			0.31   		   		
18904   			-0.44   		   		
18909   			0.54   		   		
18915   			-0.33   		   		
18921   			-0.27   		   		
18927   			0.30   		   		
18932   			-0.23   		   		
18938   			-0.34   		   		
18944   			0.76   		   		
18949   			0.41   		   		
18955   			0.68   		   		
18961   			0.51   		   		
18967   			0.27   		   		
18972   			-0.77   		   		
18978   			-0.19   		   		
18984   			-0.04   		   		
18990   			-0.91   		   		
18995   			-0.33   		   		
19001   			-0.67   		   		
19007   			-0.33   		   		
19012   			-1.31   		   		
19018   			-1.02   		   		
19024   			-0.56   		   		
19030   			-0.44   		   		
19035   			-0.04   		   		
19041   			-0.15   		   		
19047   			0.02   		   		
19053   			0.02   		   		
19058   			0.54   		   		
19064   			0.77   		   		
19070   			-0.33   		   		
19075   			-0.21   		   		
19081   			-0.27   		   		
19087   			-1.02   		   		
19093   			-1.14   		   		
19098   			-0.69   		   		
19104   			-0.06   		   		
19110   			-0.81   		   		
19116   			-0.40   		   		
19121   			-0.75   		   		
19127   			-0.40   		   		
19133   			-0.29   		   		
19138   			0.00   		   		
19144   			-0.23   		   		
19150   			-0.52   		   		
19156   			-0.93   		   		
19161   			0.35   		   		
19167   			0.81   		   		
19173   			0.06   		   		
19179   			0.75   		   		
19184   			0.14   		   		
19190   			0.25   		   		
19196   			0.89   		   		
19201   			0.89   		   		
19207   			0.77   		   		
19213   			0.41   		   		
19219   			0.99   		   		
19224   			1.45   		   		
19230   			1.97   		   		
19236   			1.39   		   		
19242   			1.24   		   		
19247   			1.18   		   		
19253   			1.12   		   		
19259   			0.83   		   		
19264   			1.01   		   		
19270   			1.03   		   		
19276   			0.68   		   		
19282   			2.07   		   		
19287   			0.97   		   		
19293   			0.56   		   		
19299   			-0.79   		   		
19304   			0.60   		   		
19310   			0.72   		   		
19316   			0.37   		   		
19322   			0.49   		   		
19327   			0.17   		   		
19333   			0.75   		   		
19339   			0.06   		   		
19345   			0.23   		   		
19350   			1.04   		   		
19356   			0.49   		   		
19362   			-1.25   		   		
19367   			0.31   		   		
19373   			-0.09   		   		
19379   			-0.33   		   		
19385   			0.60   		   		
19390   			0.83   		   		
19396   			1.41   		   		
19402   			0.49   		   		
19408   			0.77   		   		
19413   			0.12   		   		
19419   			-0.12   		   		
19425   			-1.80   		   		
19430   			0.64   		   		
19436   			0.12   		   		
19442   			0.43   		   		
19448   			-0.21   		   		
19453   			0.08   		   		
19459   			0.77   		   		
19465   			0.49   		   		
19471   			0.08   		   		
19476   			0.89   		   		
19482   			0.02   		   		
19488   			0.95   		   		
19493   			0.89   		   		
19499   			0.91   		   		
19505   			0.27   		   		
19511   			-0.48   		   		
19516   			1.14   		   		
19522   			0.27   		   		
19528   			-0.36   		   		
19534   			0.51   		   		
19539   			-0.42   		   		
19545   			-0.59   		   		
19551   			-0.48   		   		
19556   			0.00   		   		
19562   			-0.58   		   		
19568   			-0.98   		   		
19574   			-0.29   		   		
19579   			-0.81   		   		
19585   			-0.50   		   		
19591   			-0.27   		   		
19597   			-0.79   		   		
19602   			-1.08   		   		
19608   			-1.02   		   		
19614   			-1.25   		   		
19619   			0.14   		   		
19625   			-0.85   		   		
19631   			-0.04   		   		
19637   			-0.79   		   		
19642   			-0.21   		   		
19648   			0.14   		   		
19654   			-0.67   		   		
19660   			-0.21   		   		
19665   			-0.62   		   		
19671   			0.54   		   		
19677   			-0.56   		   		
19682   			-0.21   		   		
19688   			0.20   		   		
19694   			-0.09   		   		
19700   			0.52   		   		
19705   			-0.75   		   		
19711   			-1.04   		   		
19717   			-0.98   		   		
19723   			-0.40   		   		
19728   			0.31   		   		
19734   			0.20   		   		
19740   			0.25   		   		
19745   			-0.15   		   		
19751   			0.31   		   		
19757   			0.00   		   		
19763   			0.00   		   		
19768   			-0.46   		   		
19774   			0.00   		   		
19780   			0.12   		   		
19786   			-0.66   		   		
19791   			-0.77   		   		
19797   			-0.37   		   		
19803   			0.21   		   		
19808   			-0.60   		   		
19814   			0.31   		   		
19820   			-0.21   		   		
19826   			-1.20   		   		
19831   			-1.20   		   		
19837   			-0.38   		   		
19843   			-0.58   		   		
19849   			-0.75   		   		
19854   			-0.64   		   		
19860   			-0.35   		   		
19866   			0.35   		   		
19871   			0.06   		   		
19877   			-0.12   		   		
19883   			-0.17   		   		
19889   			-0.52   		   		
19894   			-0.23   		   		
19900   			-0.21   		   		
19906   			-1.83   		   		
19911   			0.49   		   		
19917   			0.25   		   		
19923   			0.60   		   		
19929   			0.02   		   		
19934   			0.83   		   		
19940   			0.31   		   		
19946   			-0.38   		   		
19952   			0.02   		   		
19957   			0.10   		   		
19963   			-0.02   		   		
19969   			-1.99   		   		
19974   			-0.48   		   		
19980   			0.10   		   		
19986   			0.17   		   		
19992   			-0.40   		   		
19997   			-1.04   		   		
20003   			-0.58   		   		
20009   			0.12   		   		
20015   			-0.27   		   		
20020   			0.25   		   		
20026   			-1.02   		   		
20032   			-2.53   		   		
20037   			0.43   		   		
20043   			-0.37   		   		
20049   			-0.19   		   		
20055   			0.79   		   		
20060   			-0.25   		   		
20066   			0.50   		   		
20072   			-0.43   		   		
20078   			0.44   		   		
20083   			-0.48   		   		
20089   			0.33   		   		
20095   			-2.22   		   		
20100   			0.35   		   		
20106   			0.12   		   		
20112   			0.52   		   		
20118   			0.17   		   		
20123   			0.58   		   		
20129   			0.70   		   		
20135   			0.41   		   		
20141   			0.52   		   		
20146   			0.75   		   		
20152   			0.93   		   		
20158   			-0.87   		   		
20163   			0.75   		   		
20169   			0.29   		   		
20175   			-0.12   		   		
20181   			0.00   		   		
20186   			0.74   		   		
20192   			0.22   		   		
20198   			-0.25   		   		
20204   			-0.42   		   		
20209   			-0.07   		   		
20215   			0.33   		   		
20221   			-1.81   		   		
20226   			0.45   		   		
20232   			-0.19   		   		
20238   			0.51   		   		
20244   			-0.17   		   		
20249   			0.41   		   		
20255   			-0.23   		   		
20261   			-0.75   		   		
20267   			-0.52   		   		
20272   			0.08   		   		
20278   			-0.15   		   		
20284   			0.66   		   		
20289   			-0.85   		   		
20295   			-0.73   		   		
20301   			-0.06   		   		
20307   			0.00   		   		
20312   			0.23   		   		
20318   			0.00   		   		
20324   			0.93   		   		
20330   			0.54   		   		
20335   			0.95   		   		
20341   			1.06   		   		
20347   			0.54   		   		
20352   			-0.21   		   		
20358   			0.93   		   		
20364   			0.70   		   		
20370   			1.22   		   		
20375   			0.81   		   		
20381   			1.62   		   		
20387   			0.66   		   		
20393   			1.58   		   		
20398   			1.12   		   		
20404   			1.76   		   		
20410   			0.72   		   		
20415   			1.55   		   		
20421   			1.37   		   		
20427   			1.55   		   		
20433   			1.14   		   		
20438   			0.91   		   		
20444   			1.85   		   		
20450   			1.85   		   		
20456   			0.99   		   		
20461   			-0.06   		   		
20467   			-0.12   		   		
20473   			0.72   		   		
20478   			0.54   		   		
20484   			0.66   		   		
20490   			-0.15   		   		
20496   			0.20   		   		
20501   			0.02   		   		
20507   			1.24   		   		
20513   			1.47   		   		
20519   			0.83   		   		
20524   			-0.21   		   		
20530   			0.31   		   		
20536   			0.20   		   		
20541   			0.25   		   		
20547   			0.89   		   		
20553   			1.24   		   		
20559   			1.22   		   		
20564   			1.68   		   		
20570   			1.10   		   		
20576   			0.00   		   		
20582   			0.93   		   		
20587   			0.17   		   		
20593   			0.70   		   		
20599   			0.93   		   		
20604   			-0.06   		   		
20610   			0.12   		   		
20616   			0.54   		   		
20622   			1.12   		   		
20627   			0.43   		   		
20633   			1.01   		   		
20639   			0.95   		   		
20645   			0.83   		   		
20650   			1.01   		   		
20656   			1.24   		   		
20662   			0.83   		   		
20667   			0.25   		   		
20673   			1.82   		   		
20679   			1.41   		   		
20685   			1.35   		   		
20690   			1.70   		   		
20696   			1.01   		   		
20702   			1.70   		   		
20708   			1.53   		   		
20713   			0.54   		   		
20719   			1.41   		   		
20725   			1.30   		   		
20730   			0.83   		   		
20736   			1.58   		   		
20742   			1.01   		   		
20748   			0.60   		   		
20753   			1.53   		   		
20759   			1.24   		   		
20765   			0.95   		   		
20771   			0.60   		   		
20776   			0.60   		   		
20782   			0.95   		   		
20788   			0.99   		   		
20793   			1.39   		   		
20799   			1.56   		   		
20805   			1.74   		   		
20811   			1.22   		   		
20816   			1.18   		   		
20822   			0.83   		   		
20828   			-0.33   		   		
20833   			1.41   		   		
20839   			0.60   		   		
20845   			1.18   		   		
20851   			0.08   		   		
20856   			0.25   		   		
20862   			1.01   		   		
20868   			0.14   		   		
20874   			0.99   		   		
20879   			0.99   		   		
20885   			0.12   		   		
20891   			-0.64   		   		
20896   			-0.46   		   		
20902   			0.77   		   		
20908   			0.89   		   		
20914   			1.24   		   		
20919   			0.54   		   		
20925   			0.31   		   		
20931   			0.52   		   		
20937   			0.41   		   		
20942   			1.04   		   		
20948   			1.16   		   		
20954   			0.99   		   		
20959   			0.89   		   		
20965   			0.72   		   		
20971   			0.77   		   		
20977   			0.20   		   		
20982   			1.53   		   		
20988   			0.02   		   		
20994   			0.08   		   		
21000   			0.83   		   		
21005   			0.25   		   		
21011   			0.83   		   		
21017   			0.66   		   		
21022   			0.25   		   		
21028   			0.83   		   		
21034   			0.77   		   		
21040   			0.66   		   		
21045   			0.87   		   		
21051   			0.58   		   		
21057   			1.45   		   		
21063   			0.58   		   		
21068   			0.81   		   		
21074   			1.22   		   		
21080   			2.37   		   		
21085   			1.51   		   		
21091   			1.45   		   		
21097   			0.64   		   		
21103   			1.18   		   		
21108   			1.01   		   		
21114   			0.60   		   		
21120   			0.66   		   		
21126   			1.53   		   		
21131   			0.41   		   		
21137   			0.23   		   		
21143   			0.99   		   		
21148   			0.35   		   		
21154   			1.62   		   		
21160   			1.82   		   		
21166   			1.47   		   		
21171   			1.30   		   		
21177   			1.76   		   		
21183   			1.58   		   		
21189   			1.22   		   		
21194   			1.16   		   		
21200   			0.87   		   		
21206   			0.75   		   		
21211   			1.16   		   		
21217   			1.35   		   		
21223   			1.18   		   		
21229   			1.30   		   		
21234   			1.18   		   		
21240   			0.83   		   		
21246   			0.95   		   		
21252   			0.83   		   		
21257   			0.95   		   		
21263   			0.72   		   		
21269   			0.72   		   		
21274   			1.30   		   		
21280   			1.99   		   		
21286   			1.06   		   		
21292   			0.54   		   		
21297   			1.30   		   		
21303   			2.01   		   		
21309   			1.72   		   		
21314   			1.03   		   		
21320   			1.14   		   		
21326   			1.37   		   		
21332   			0.20   		   		
21337   			0.77   		   		
21343   			1.01   		   		
21349   			0.43   		   		
21355   			1.01   		   		
21360   			1.83   		   		
21366   			1.43   		   		
21372   			-0.89   		   		
21378   			-0.02   		   		
21383   			0.96   		   		
21389   			0.83   		   		
21395   			0.83   		   		
21400   			-0.27   		   		
21406   			0.89   		   		
21412   			0.49   		   		
21418   			0.08   		   		
21423   			-0.15   		   		
21429   			-0.09   		   		
21435   			0.49   		   		
21441   			1.24   		   		
21446   			0.29   		   		
21452   			1.27   		   		
21458   			0.41   		   		
21463   			0.87   		   		
21469   			1.10   		   		
21475   			0.23   		   		
21481   			0.87   		   		
21486   			0.70   		   		
21492   			0.93   		   		
21498   			-0.64   		   		
21503   			1.91   		   		
21509   			0.75   		   		
21515   			0.41   		   		
21521   			0.00   		   		
21526   			0.41   		   		
21532   			0.56   		   		
21538   			0.51   		   		
21544   			-0.42   		   		
21549   			0.62   		   		
21555   			0.33   		   		
21561   			-0.83   		   		
21566   			0.96   		   		
21572   			0.33   		   		
21578   			0.85   		   		
21584   			0.73   		   		
21589   			0.02   		   		
21595   			1.24   		   		
21601   			0.25   		   		
21607   			1.01   		   		
21612   			1.12   		   		
21618   			0.35   		   		
21624   			0.99   		   		
21629   			0.46   		   		
21635   			0.29   		   		
21641   			0.58   		   		
21647   			1.51   		   		
21652   			0.87   		   		
21658   			1.62   		   		
21664   			1.04   		   		
21670   			1.51   		   		
21675   			0.70   		   		
21681   			1.16   		   		
21687   			0.46   		   		
21692   			0.23   		   		
21698   			0.75   		   		
21704   			0.17   		   		
21710   			0.35   		   		
21715   			0.52   		   		
21721   			1.04   		   		
21727   			1.10   		   		
21733   			0.46   		   		
21738   			1.39   		   		
21744   			0.75   		   		
21750   			1.04   		   		
21755   			0.81   		   		
21761   			1.32   		   		
21767   			1.37   		   		
21773   			0.33   		   		
21778   			-0.07   		   		
21784   			0.33   		   		
21790   			0.12   		   		
21796   			0.99   		   		
21801   			0.75   		   		
21807   			-0.29   		   		
21813   			-0.23   		   		
21818   			-0.23   		   		
21824   			0.64   		   		
21830   			0.41   		   		
21836   			0.23   		   		
21841   			0.17   		   		
21847   			0.58   		   		
