Timestamp		Force Z		Comments
0   			-0.62   		   		
6   			0.27   		   		
11   			0.04   		   		
17   			-0.54   		   		
23   			-2.05   		   		
28   			0.22   		   		
34   			-0.30   		   		
40   			0.16   		   		
46   			0.39   		   		
51   			-0.19   		   		
57   			-0.36   		   		
63   			0.02   		   		
69   			-0.44   		   		
74   			-0.85   		   		
80   			-0.27   		   		
86   			-2.01   		   		
91   			0.25   		   		
97   			0.14   		   		
103   			0.02   		   		
109   			-0.73   		   		
114   			0.20   		   		
120   			0.30   		   		
126   			-0.23   		   		
132   			0.12   		   		
137   			0.47   		   		
143   			-0.40   		   		
149   			-1.93   		   		
154   			0.62   		   		
160   			0.51   		   		
166   			0.27   		   		
172   			0.91   		   		
177   			0.83   		   		
183   			1.24   		   		
189   			1.24   		   		
195   			1.35   		   		
200   			1.30   		   		
206   			2.16   		   		
212   			-1.14   		   		
217   			1.18   		   		
223   			0.83   		   		
229   			0.60   		   		
235   			0.31   		   		
240   			0.77   		   		
246   			0.37   		   		
252   			-0.15   		   		
258   			0.08   		   		
263   			0.66   		   		
269   			0.31   		   		
275   			-1.20   		   		
280   			-0.09   		   		
286   			0.08   		   		
292   			-0.79   		   		
298   			1.18   		   		
303   			1.01   		   		
309   			1.53   		   		
315   			1.01   		   		
321   			0.91   		   		
326   			0.39   		   		
332   			1.37   		   		
338   			-0.77   		   		
343   			0.51   		   		
349   			0.16   		   		
355   			1.03   		   		
361   			1.08   		   		
366   			1.55   		   		
372   			-0.13   		   		
378   			0.70   		   		
384   			-0.23   		   		
389   			-0.57   		   		
395   			0.41   		   		
401   			-0.98   		   		
406   			0.72   		   		
412   			0.08   		   		
418   			0.49   		   		
424   			-0.09   		   		
429   			0.14   		   		
435   			0.33   		   		
441   			0.10   		   		
447   			-0.13   		   		
452   			0.22   		   		
458   			0.33   		   		
464   			-1.89   		   		
469   			-0.09   		   		
475   			-0.21   		   		
481   			0.83   		   		
487   			0.60   		   		
492   			0.66   		   		
498   			-0.09   		   		
504   			-0.44   		   		
510   			0.08   		   		
515   			-0.21   		   		
521   			-0.07   		   		
527   			-1.99   		   		
532   			0.45   		   		
538   			0.39   		   		
544   			0.33   		   		
550   			-0.30   		   		
555   			-0.30   		   		
561   			-0.02   		   		
567   			-0.48   		   		
573   			-0.48   		   		
578   			-0.36   		   		
584   			1.03   		   		
590   			-1.58   		   		
595   			0.22   		   		
601   			0.10   		   		
607   			-0.27   		   		
613   			-0.44   		   		
618   			-0.15   		   		
624   			0.25   		   		
630   			-0.73   		   		
636   			-0.71   		   		
641   			1.03   		   		
647   			0.85   		   		
653   			-1.29   		   		
658   			-0.07   		   		
664   			-0.32   		   		
670   			-0.09   		   		
676   			-0.32   		   		
681   			0.08   		   		
687   			-0.84   		   		
693   			-0.44   		   		
699   			0.02   		   		
704   			-0.15   		   		
710   			0.08   		   		
716   			-1.83   		   		
721   			0.22   		   		
727   			0.45   		   		
733   			-0.13   		   		
739   			0.56   		   		
744   			0.16   		   		
750   			0.31   		   		
756   			-0.50   		   		
762   			-1.08   		   		
767   			-0.79   		   		
773   			-0.50   		   		
779   			0.10   		   		
784   			-0.30   		   		
790   			-0.36   		   		
796   			0.74   		   		
802   			0.33   		   		
807   			-0.73   		   		
813   			-0.62   		   		
819   			-1.02   		   		
825   			-0.67   		   		
830   			-0.15   		   		
836   			0.20   		   		
842   			0.43   		   		
847   			-0.21   		   		
853   			-0.21   		   		
859   			-0.15   		   		
865   			-0.27   		   		
870   			-0.33   		   		
876   			-0.04   		   		
882   			-0.85   		   		
888   			0.31   		   		
893   			0.49   		   		
899   			-0.04   		   		
905   			-0.50   		   		
910   			-0.50   		   		
916   			-0.38   		   		
922   			0.25   		   		
928   			0.14   		   		
933   			0.08   		   		
939   			-0.85   		   		
945   			-0.56   		   		
951   			-0.27   		   		
956   			0.49   		   		
962   			-0.38   		   		
968   			-0.44   		   		
973   			-0.04   		   		
979   			0.83   		   		
985   			-0.15   		   		
991   			-0.09   		   		
996   			0.02   		   		
1002   			-1.31   		   		
1008   			-0.94   		   		
1014   			-0.19   		   		
1019   			-0.36   		   		
1025   			0.10   		   		
1031   			0.22   		   		
1036   			0.00   		   		
1042   			-0.64   		   		
1048   			0.29   		   		
1054   			0.58   		   		
1059   			0.17   		   		
1065   			0.25   		   		
1071   			1.06   		   		
1077   			1.99   		   		
1082   			1.47   		   		
1088   			1.01   		   		
1094   			0.95   		   		
1099   			0.60   		   		
1105   			1.06   		   		
1111   			0.83   		   		
1117   			1.87   		   		
1122   			1.72   		   		
1128   			1.84   		   		
1134   			1.43   		   		
1140   			1.37   		   		
1145   			0.80   		   		
1151   			0.80   		   		
1157   			1.43   		   		
1162   			1.55   		   		
1168   			1.08   		   		
1174   			2.24   		   		
1180   			1.58   		   		
1185   			1.41   		   		
1191   			0.95   		   		
1197   			1.41   		   		
1203   			1.53   		   		
1208   			1.24   		   		
1214   			1.70   		   		
1220   			1.70   		   		
1225   			1.41   		   		
1231   			1.06   		   		
1237   			1.12   		   		
1243   			1.35   		   		
1248   			1.24   		   		
1254   			0.95   		   		
1260   			1.12   		   		
1266   			1.22   		   		
1271   			1.22   		   		
1277   			0.93   		   		
1283   			1.16   		   		
1288   			1.45   		   		
1294   			0.25   		   		
1300   			1.01   		   		
1306   			1.01   		   		
1311   			1.12   		   		
1317   			1.53   		   		
1323   			1.86   		   		
1329   			1.51   		   		
1334   			1.68   		   		
1340   			1.45   		   		
1346   			1.86   		   		
1351   			2.36   		   		
1357   			2.30   		   		
1363   			1.95   		   		
1369   			1.84   		   		
1374   			0.51   		   		
1380   			0.95   		   		
1386   			1.58   		   		
1392   			1.24   		   		
1397   			0.83   		   		
1403   			0.72   		   		
1409   			0.68   		   		
1414   			1.26   		   		
1420   			1.20   		   		
1426   			1.20   		   		
1432   			0.85   		   		
1437   			1.84   		   		
1443   			2.01   		   		
1449   			1.26   		   		
1454   			1.20   		   		
1460   			0.62   		   		
1466   			1.12   		   		
1472   			0.72   		   		
1477   			0.43   		   		
1483   			0.31   		   		
1489   			1.01   		   		
1495   			1.32   		   		
1500   			1.72   		   		
1506   			2.01   		   		
1512   			-0.13   		   		
1517   			1.84   		   		
1523   			1.26   		   		
1529   			1.08   		   		
1535   			1.43   		   		
1540   			0.62   		   		
1546   			0.74   		   		
1552   			1.22   		   		
1558   			1.68   		   		
1563   			1.22   		   		
1569   			1.45   		   		
1575   			1.68   		   		
1580   			1.61   		   		
1586   			1.26   		   		
1592   			0.45   		   		
1598   			0.16   		   		
1603   			0.22   		   		
1609   			1.72   		   		
1615   			1.26   		   		
1621   			-0.19   		   		
1626   			-0.48   		   		
1632   			0.56   		   		
1638   			0.72   		   		
1643   			0.37   		   		
1649   			0.83   		   		
1655   			2.22   		   		
1661   			1.76   		   		
1666   			1.55   		   		
1672   			1.55   		   		
1678   			1.08   		   		
1684   			1.37   		   		
1689   			1.20   		   		
1695   			1.08   		   		
1701   			1.26   		   		
1706   			0.56   		   		
1712   			0.62   		   		
1718   			1.08   		   		
1724   			0.41   		   		
1729   			0.70   		   		
1735   			1.68   		   		
1741   			0.93   		   		
1747   			1.16   		   		
1752   			1.35   		   		
1758   			1.47   		   		
1764   			1.30   		   		
1769   			0.72   		   		
1775   			0.02   		   		
1781   			0.37   		   		
1787   			1.76   		   		
1792   			0.83   		   		
1798   			0.49   		   		
1804   			1.53   		   		
1810   			0.66   		   		
1815   			1.87   		   		
1821   			1.76   		   		
1827   			1.76   		   		
1832   			1.87   		   		
1838   			1.43   		   		
1844   			1.20   		   		
1850   			1.32   		   		
1855   			1.32   		   		
1861   			0.10   		   		
1867   			0.83   		   		
1873   			1.58   		   		
1878   			0.89   		   		
1884   			1.12   		   		
1890   			1.64   		   		
1895   			0.68   		   		
1901   			1.37   		   		
1907   			1.03   		   		
1913   			0.80   		   		
1918   			0.68   		   		
1924   			0.20   		   		
1930   			1.01   		   		
1936   			0.77   		   		
1941   			0.72   		   		
1947   			0.72   		   		
1953   			0.80   		   		
1958   			1.03   		   		
1964   			1.43   		   		
1970   			0.74   		   		
1976   			1.49   		   		
1981   			0.58   		   		
1987   			1.34   		   		
1993   			-0.34   		   		
1998   			1.57   		   		
2004   			1.28   		   		
2010   			1.49   		   		
2016   			1.32   		   		
2021   			1.66   		   		
2027   			1.20   		   		
2033   			1.20   		   		
2039   			0.89   		   		
2044   			1.06   		   		
2050   			0.14   		   		
2056   			-1.31   		   		
2061   			1.35   		   		
2067   			1.41   		   		
2073   			1.41   		   		
2079   			0.83   		   		
2084   			1.64   		   		
2090   			1.87   		   		
2096   			1.97   		   		
2102   			1.28   		   		
2107   			1.51   		   		
2113   			1.11   		   		
2119   			-1.44   		   		
2124   			1.76   		   		
2130   			1.70   		   		
2136   			1.53   		   		
2142   			2.28   		   		
2147   			1.99   		   		
2153   			1.35   		   		
2159   			0.83   		   		
2165   			1.18   		   		
2170   			0.77   		   		
2176   			0.95   		   		
2182   			-1.37   		   		
2187   			-0.04   		   		
2193   			0.14   		   		
2199   			0.37   		   		
2205   			0.02   		   		
2210   			0.51   		   		
2216   			0.62   		   		
2222   			0.62   		   		
2228   			0.45   		   		
2233   			0.74   		   		
2239   			0.24   		   		
2245   			-1.27   		   		
2250   			0.53   		   		
2256   			0.12   		   		
2262   			-0.28   		   		
2268   			0.83   		   		
2273   			0.54   		   		
2279   			1.06   		   		
2285   			0.95   		   		
2291   			-0.15   		   		
2296   			0.97   		   		
2302   			0.10   		   		
2308   			-1.46   		   		
2313   			0.16   		   		
2319   			1.37   		   		
2325   			0.74   		   		
2331   			0.97   		   		
2336   			-0.07   		   		
2342   			1.08   		   		
2348   			0.33   		   		
2354   			0.45   		   		
2359   			0.10   		   		
2365   			0.56   		   		
2371   			-0.48   		   		
2376   			0.39   		   		
2382   			1.26   		   		
2388   			1.14   		   		
2394   			1.08   		   		
2399   			1.03   		   		
2405   			0.62   		   		
2411   			0.72   		   		
2417   			0.25   		   		
2422   			0.43   		   		
2428   			0.89   		   		
2434   			1.12   		   		
2439   			0.89   		   		
2445   			1.93   		   		
2451   			1.41   		   		
2457   			2.16   		   		
2462   			1.06   		   		
2468   			1.37   		   		
2474   			0.68   		   		
2480   			0.45   		   		
2485   			0.56   		   		
2491   			0.51   		   		
2497   			0.91   		   		
2502   			1.03   		   		
2508   			0.80   		   		
2514   			0.74   		   		
2520   			0.97   		   		
2525   			1.43   		   		
2531   			1.26   		   		
2537   			0.74   		   		
2543   			1.66   		   		
2548   			0.91   		   		
2554   			1.14   		   		
2560   			1.03   		   		
2565   			0.04   		   		
2571   			0.04   		   		
2577   			-0.25   		   		
2583   			0.97   		   		
2588   			0.62   		   		
2594   			0.85   		   		
2600   			0.51   		   		
2606   			0.91   		   		
2611   			-0.25   		   		
2617   			0.68   		   		
2623   			0.97   		   		
2628   			0.85   		   		
2634   			-0.13   		   		
2640   			0.14   		   		
2646   			0.54   		   		
2651   			1.18   		   		
2657   			1.18   		   		
2663   			0.31   		   		
2669   			0.49   		   		
2674   			0.77   		   		
2680   			1.99   		   		
2686   			0.54   		   		
2691   			1.53   		   		
2697   			0.68   		   		
2703   			0.33   		   		
2709   			1.49   		   		
2714   			0.68   		   		
2720   			0.62   		   		
2726   			0.43   		   		
2732   			0.02   		   		
2737   			0.14   		   		
2743   			-0.38   		   		
2749   			-0.15   		   		
2754   			0.51   		   		
2760   			1.14   		   		
2766   			0.22   		   		
2772   			0.39   		   		
2777   			-0.13   		   		
2783   			0.62   		   		
2789   			0.10   		   		
2795   			0.56   		   		
2800   			-0.13   		   		
2806   			0.04   		   		
2812   			-0.02   		   		
2817   			0.22   		   		
2823   			0.45   		   		
2829   			0.68   		   		
2835   			0.04   		   		
2840   			0.97   		   		
2846   			1.37   		   		
2852   			1.26   		   		
2857   			1.49   		   		
2863   			0.91   		   		
2869   			1.28   		   		
2875   			2.26   		   		
2880   			1.80   		   		
2886   			1.11   		   		
2892   			1.45   		   		
2898   			0.87   		   		
2903   			1.39   		   		
2909   			0.75   		   		
2915   			-1.22   		   		
2920   			0.75   		   		
2926   			1.10   		   		
2932   			0.64   		   		
2938   			1.04   		   		
2943   			0.75   		   		
2949   			0.99   		   		
2955   			0.97   		   		
2961   			1.32   		   		
2966   			1.43   		   		
2972   			-0.02   		   		
2978   			-1.58   		   		
2983   			0.02   		   		
2989   			0.25   		   		
2995   			0.66   		   		
3001   			1.35   		   		
3006   			1.01   		   		
3012   			0.77   		   		
3018   			1.01   		   		
3024   			1.76   		   		
3029   			1.99   		   		
3035   			1.01   		   		
3041   			0.76   		   		
3046   			2.09   		   		
3052   			2.15   		   		
3058   			1.34   		   		
3064   			1.92   		   		
3069   			1.64   		   		
3075   			1.87   		   		
3081   			1.18   		   		
3087   			0.89   		   		
3092   			1.18   		   		
3098   			1.30   		   		
3104   			1.35   		   		
3109   			1.99   		   		
3115   			1.87   		   		
3121   			1.06   		   		
3127   			0.60   		   		
3132   			0.37   		   		
3138   			1.18   		   		
3144   			0.95   		   		
3150   			1.53   		   		
3155   			1.24   		   		
3161   			1.53   		   		
3167   			1.53   		   		
3172   			2.51   		   		
3178   			1.35   		   		
3184   			1.53   		   		
3190   			0.77   		   		
3195   			0.95   		   		
3201   			1.53   		   		
3207   			1.58   		   		
3213   			1.24   		   		
3218   			2.51   		   		
3224   			0.54   		   		
3230   			1.82   		   		
3235   			1.99   		   		
3241   			1.41   		   		
3247   			0.95   		   		
3253   			1.12   		   		
3258   			1.58   		   		
3264   			0.83   		   		
3270   			0.56   		   		
3276   			0.56   		   		
3281   			0.91   		   		
3287   			1.08   		   		
3293   			0.56   		   		
3298   			0.56   		   		
3304   			-0.07   		   		
3310   			0.33   		   		
3316   			0.22   		   		
3321   			0.27   		   		
3327   			0.56   		   		
3333   			0.97   		   		
3339   			0.22   		   		
3344   			-0.36   		   		
3350   			-0.07   		   		
3356   			-0.15   		   		
3361   			-0.38   		   		
3367   			-0.15   		   		
3373   			-0.27   		   		
3379   			0.37   		   		
3384   			1.22   		   		
3390   			0.29   		   		
3396   			0.75   		   		
3402   			0.93   		   		
3407   			0.52   		   		
3413   			0.99   		   		
3419   			0.76   		   		
3424   			0.82   		   		
3430   			0.99   		   		
3436   			1.16   		   		
3442   			0.77   		   		
3447   			1.06   		   		
3453   			0.20   		   		
3459   			0.66   		   		
3465   			0.08   		   		
3470   			0.95   		   		
3476   			-0.04   		   		
3482   			0.60   		   		
3487   			1.24   		   		
3493   			1.30   		   		
3499   			0.45   		   		
3505   			0.85   		   		
3510   			1.37   		   		
3516   			1.20   		   		
3522   			0.45   		   		
3528   			0.41   		   		
3533   			1.51   		   		
3539   			0.87   		   		
3545   			1.05   		   		
3550   			0.82   		   		
3556   			0.56   		   		
3562   			1.37   		   		
3568   			0.68   		   		
3573   			1.26   		   		
3579   			1.20   		   		
3585   			-0.75   		   		
3590   			1.68   		   		
3596   			0.35   		   		
3602   			0.87   		   		
3608   			0.82   		   		
3613   			1.03   		   		
3619   			1.43   		   		
3625   			0.56   		   		
3631   			-0.30   		   		
3636   			0.97   		   		
3642   			0.68   		   		
3648   			-1.70   		   		
3653   			0.51   		   		
3659   			0.33   		   		
3665   			0.85   		   		
3671   			0.54   		   		
3676   			0.83   		   		
3682   			0.02   		   		
3688   			1.47   		   		
3694   			1.06   		   		
3699   			0.49   		   		
3705   			0.66   		   		
3711   			-1.36   		   		
3716   			1.18   		   		
3722   			0.90   		   		
3728   			0.68   		   		
3734   			0.97   		   		
3739   			1.08   		   		
3745   			0.33   		   		
3751   			-0.42   		   		
3757   			0.51   		   		
3762   			0.56   		   		
3768   			-0.07   		   		
3774   			-1.64   		   		
3779   			0.04   		   		
3785   			0.31   		   		
3791   			0.66   		   		
3797   			-0.04   		   		
3802   			-0.33   		   		
3808   			-0.33   		   		
3814   			-0.09   		   		
3820   			0.83   		   		
3825   			0.08   		   		
3831   			0.66   		   		
3837   			0.37   		   		
3842   			-0.05   		   		
3848   			0.82   		   		
3854   			-0.28   		   		
3860   			0.12   		   		
3865   			-0.34   		   		
3871   			0.02   		   		
3877   			-0.38   		   		
3883   			1.18   		   		
3888   			0.02   		   		
3894   			0.66   		   		
3900   			1.12   		   		
3905   			0.66   		   		
3911   			0.31   		   		
3917   			0.25   		   		
3923   			0.66   		   		
3928   			1.35   		   		
3934   			1.18   		   		
3940   			0.43   		   		
3946   			0.89   		   		
3951   			0.77   		   		
3957   			0.43   		   		
3963   			-0.15   		   		
3968   			0.02   		   		
3974   			-0.38   		   		
3980   			-0.15   		   		
3986   			-0.71   		   		
3991   			-1.12   		   		
3997   			-0.19   		   		
4003   			-1.29   		   		
4009   			0.16   		   		
4014   			0.30   		   		
4020   			0.35   		   		
4026   			0.30   		   		
4031   			0.12   		   		
4037   			0.76   		   		
4043   			0.95   		   		
4049   			0.14   		   		
4054   			0.31   		   		
4060   			0.54   		   		
4066   			1.01   		   		
4072   			0.97   		   		
4077   			0.68   		   		
4083   			1.43   		   		
4089   			0.39   		   		
4094   			0.39   		   		
4100   			0.87   		   		
4106   			0.70   		   		
4112   			0.52   		   		
4117   			-0.46   		   		
4123   			1.16   		   		
4129   			0.37   		   		
4135   			-0.33   		   		
4140   			-0.38   		   		
4146   			0.37   		   		
4152   			1.18   		   		
4157   			0.68   		   		
4163   			0.74   		   		
4169   			0.97   		   		
4175   			0.10   		   		
4180   			1.14   		   		
4186   			0.45   		   		
4192   			0.04   		   		
4198   			0.56   		   		
4203   			-0.30   		   		
4209   			-0.13   		   		
4215   			0.97   		   		
4220   			0.51   		   		
4226   			0.51   		   		
4232   			0.22   		   		
4238   			0.56   		   		
4243   			-0.30   		   		
4249   			0.33   		   		
4255   			-0.02   		   		
4261   			-0.13   		   		
4266   			0.74   		   		
4272   			1.06   		   		
4278   			0.14   		   		
4283   			0.49   		   		
4289   			0.14   		   		
4295   			0.20   		   		
4301   			-0.04   		   		
4306   			0.49   		   		
4312   			0.49   		   		
4318   			1.70   		   		
4324   			0.89   		   		
4329   			0.02   		   		
4335   			0.43   		   		
4341   			0.37   		   		
4346   			1.01   		   		
4352   			0.25   		   		
4358   			0.95   		   		
4364   			0.37   		   		
4369   			1.41   		   		
4375   			0.08   		   		
4381   			1.18   		   		
4387   			0.95   		   		
4392   			1.06   		   		
4398   			0.95   		   		
4404   			1.47   		   		
4409   			0.83   		   		
4415   			1.18   		   		
4421   			1.64   		   		
4427   			0.54   		   		
4432   			1.12   		   		
4438   			1.24   		   		
4444   			0.95   		   		
4450   			1.30   		   		
4455   			1.82   		   		
4461   			0.95   		   		
4467   			0.54   		   		
4472   			1.24   		   		
4478   			1.30   		   		
4484   			0.83   		   		
4490   			1.01   		   		
4495   			1.82   		   		
4501   			0.91   		   		
4507   			0.74   		   		
4513   			0.39   		   		
4518   			0.27   		   		
4524   			0.85   		   		
4530   			0.70   		   		
4535   			0.64   		   		
4541   			0.12   		   		
4547   			0.12   		   		
4553   			1.10   		   		
4558   			0.41   		   		
4564   			0.93   		   		
4570   			0.41   		   		
4575   			0.99   		   		
4581   			1.62   		   		
4587   			1.58   		   		
4593   			0.31   		   		
4598   			0.54   		   		
4604   			0.49   		   		
4610   			0.66   		   		
4616   			0.91   		   		
4621   			1.78   		   		
4627   			0.97   		   		
4633   			-3.91   		   		
4638   			0.85   		   		
4644   			1.30   		   		
4650   			1.82   		   		
4656   			1.06   		   		
4661   			1.47   		   		
4667   			1.70   		   		
4673   			0.89   		   		
4679   			1.06   		   		
4684   			1.76   		   		
4690   			1.99   		   		
4696   			-2.82   		   		
4701   			2.18   		   		
4707   			1.08   		   		
4713   			1.89   		   		
4719   			1.43   		   		
4724   			1.61   		   		
4730   			1.26   		   		
4736   			1.37   		   		
4742   			1.78   		   		
4747   			1.32   		   		
4753   			1.95   		   		
4759   			2.68   		   		
4764   			1.18   		   		
4770   			1.24   		   		
4776   			1.87   		   		
4782   			1.93   		   		
4787   			1.58   		   		
4793   			1.76   		   		
4799   			1.35   		   		
4805   			1.47   		   		
4810   			1.24   		   		
4816   			0.20   		   		
4822   			1.93   		   		
4827   			1.64   		   		
4833   			1.64   		   		
4839   			1.41   		   		
4845   			0.66   		   		
4850   			1.35   		   		
4856   			1.18   		   		
4862   			0.72   		   		
4868   			1.18   		   		
4873   			0.83   		   		
4879   			1.18   		   		
4885   			1.18   		   		
4890   			0.77   		   		
4896   			1.87   		   		
4902   			1.12   		   		
4908   			1.24   		   		
4913   			1.64   		   		
4919   			0.60   		   		
4925   			0.95   		   		
4931   			1.84   		   		
4936   			1.08   		   		
4942   			1.14   		   		
4948   			0.85   		   		
4953   			0.56   		   		
4959   			1.56   		   		
4965   			0.93   		   		
4971   			0.93   		   		
4976   			0.87   		   		
4982   			1.33   		   		
4988   			0.89   		   		
4994   			0.77   		   		
4999   			0.60   		   		
5005   			1.35   		   		
5011   			1.35   		   		
5016   			1.53   		   		
5022   			1.24   		   		
5028   			2.16   		   		
5034   			1.41   		   		
5039   			1.30   		   		
5045   			1.49   		   		
5051   			1.66   		   		
5057   			1.78   		   		
5062   			1.20   		   		
5068   			1.03   		   		
5074   			1.08   		   		
5079   			1.84   		   		
5085   			2.01   		   		
5091   			2.18   		   		
5097   			1.66   		   		
5102   			1.18   		   		
5108   			1.35   		   		
5114   			1.70   		   		
5120   			1.87   		   		
5125   			1.87   		   		
5131   			2.28   		   		
5137   			2.10   		   		
5142   			0.60   		   		
5148   			0.37   		   		
5154   			1.24   		   		
5160   			0.66   		   		
5165   			1.01   		   		
5171   			0.89   		   		
5177   			-1.43   		   		
5182   			-0.21   		   		
5188   			0.14   		   		
5194   			-0.38   		   		
5200   			1.18   		   		
5205   			0.54   		   		
5211   			0.83   		   		
5217   			0.66   		   		
5223   			0.89   		   		
5228   			0.37   		   		
5234   			-0.33   		   		
5240   			-0.85   		   		
5245   			0.85   		   		
5251   			0.85   		   		
5257   			0.74   		   		
5263   			0.10   		   		
5268   			0.56   		   		
5274   			-0.12   		   		
5280   			0.12   		   		
5286   			1.27   		   		
5291   			1.39   		   		
5297   			0.52   		   		
5303   			-0.62   		   		
5308   			0.43   		   		
5314   			0.20   		   		
5320   			0.72   		   		
5326   			1.06   		   		
5331   			1.01   		   		
5337   			1.01   		   		
5343   			1.06   		   		
5349   			0.43   		   		
5354   			1.53   		   		
5360   			0.60   		   		
5366   			-0.85   		   		
5371   			0.43   		   		
5377   			0.66   		   		
5383   			0.49   		   		
5389   			0.77   		   		
5394   			1.24   		   		
5400   			-0.15   		   		
5406   			0.95   		   		
5412   			1.41   		   		
5417   			1.14   		   		
5423   			1.55   		   		
5429   			-0.94   		   		
5434   			1.61   		   		
5440   			1.20   		   		
5446   			1.57   		   		
5452   			0.70   		   		
5457   			0.12   		   		
5463   			1.74   		   		
5469   			1.74   		   		
5475   			1.82   		   		
5480   			1.35   		   		
5486   			1.47   		   		
5492   			0.83   		   		
5497   			1.41   		   		
5503   			0.60   		   		
5509   			-0.15   		   		
5515   			0.60   		   		
5520   			-0.09   		   		
5526   			0.72   		   		
5532   			1.06   		   		
5538   			0.89   		   		
5543   			1.01   		   		
5549   			0.95   		   		
5555   			0.60   		   		
5560   			1.26   		   		
5566   			1.49   		   		
5572   			0.56   		   		
5578   			0.39   		   		
5583   			0.80   		   		
5589   			0.62   		   		
5595   			0.45   		   		
5601   			0.22   		   		
5606   			0.45   		   		
5612   			1.49   		   		
5618   			0.97   		   		
5623   			1.95   		   		
5629   			1.14   		   		
5635   			1.26   		   		
5641   			1.43   		   		
5646   			0.89   		   		
5652   			1.41   		   		
5658   			0.95   		   		
5664   			-0.09   		   		
5669   			0.66   		   		
5675   			1.03   		   		
5681   			0.91   		   		
5686   			1.78   		   		
5692   			1.08   		   		
5698   			1.32   		   		
5704   			1.70   		   		
5709   			1.53   		   		
5715   			0.54   		   		
5721   			1.01   		   		
5727   			0.49   		   		
5732   			1.08   		   		
5738   			1.32   		   		
5744   			1.20   		   		
5749   			0.97   		   		
5755   			0.27   		   		
5761   			1.41   		   		
5767   			1.12   		   		
5772   			1.30   		   		
5778   			0.77   		   		
5784   			1.64   		   		
5790   			1.30   		   		
5795   			0.89   		   		
5801   			0.83   		   		
5807   			1.24   		   		
5812   			1.53   		   		
5818   			2.07   		   		
5824   			1.78   		   		
5830   			1.49   		   		
5835   			2.18   		   		
5841   			2.18   		   		
5847   			1.11   		   		
5853   			1.16   		   		
5858   			1.80   		   		
5864   			0.93   		   		
5870   			1.22   		   		
5875   			0.83   		   		
5881   			0.49   		   		
5887   			0.72   		   		
5893   			1.58   		   		
5898   			1.30   		   		
5904   			1.82   		   		
5910   			1.93   		   		
5915   			1.53   		   		
5921   			1.82   		   		
5927   			2.22   		   		
5933   			1.58   		   		
5938   			1.76   		   		
5944   			1.70   		   		
5950   			1.87   		   		
5956   			1.47   		   		
5961   			1.82   		   		
5967   			1.30   		   		
5973   			-0.27   		   		
5978   			1.18   		   		
5984   			1.70   		   		
5990   			1.41   		   		
5996   			1.24   		   		
6001   			0.89   		   		
6007   			0.72   		   		
6013   			1.41   		   		
6019   			0.91   		   		
6024   			1.26   		   		
6030   			0.68   		   		
6036   			-0.71   		   		
6041   			0.97   		   		
6047   			1.27   		   		
6053   			1.91   		   		
6059   			1.68   		   		
6064   			1.04   		   		
6070   			1.62   		   		
6076   			0.85   		   		
6082   			0.91   		   		
6087   			1.32   		   		
6093   			1.66   		   		
6099   			-0.83   		   		
6104   			1.70   		   		
6110   			1.24   		   		
6116   			1.58   		   		
6122   			2.16   		   		
6127   			2.10   		   		
6133   			2.07   		   		
6139   			2.18   		   		
6145   			1.78   		   		
6150   			2.13   		   		
6156   			2.07   		   		
6162   			2.03   		   		
6167   			2.66   		   		
6173   			2.89   		   		
6179   			1.91   		   		
6185   			1.91   		   		
6190   			1.64   		   		
6196   			1.76   		   		
6202   			1.70   		   		
6208   			1.82   		   		
6213   			0.83   		   		
6219   			1.66   		   		
6225   			1.89   		   		
6230   			1.72   		   		
6236   			1.66   		   		
6242   			2.24   		   		
6248   			1.58   		   		
6253   			2.80   		   		
6259   			2.16   		   		
6265   			2.51   		   		
6271   			1.53   		   		
6276   			1.41   		   		
6282   			1.93   		   		
6288   			2.16   		   		
6293   			1.53   		   		
6299   			1.87   		   		
6305   			2.39   		   		
6311   			1.47   		   		
6316   			1.64   		   		
6322   			2.39   		   		
6328   			2.28   		   		
6334   			2.80   		   		
6339   			1.93   		   		
6345   			2.68   		   		
6351   			2.34   		   		
6356   			1.58   		   		
6362   			2.22   		   		
6368   			2.45   		   		
6374   			1.93   		   		
6379   			1.76   		   		
6385   			2.80   		   		
6391   			2.74   		   		
6397   			2.68   		   		
6402   			3.32   		   		
6408   			2.68   		   		
6414   			3.03   		   		
6419   			3.63   		   		
6425   			3.11   		   		
6431   			3.22   		   		
6437   			3.40   		   		
6442   			3.69   		   		
6448   			3.92   		   		
6454   			3.97   		   		
6459   			3.57   		   		
6465   			3.05   		   		
6471   			3.74   		   		
6477   			3.92   		   		
6482   			3.28   		   		
6488   			2.53   		   		
6494   			2.76   		   		
6500   			2.53   		   		
6505   			3.32   		   		
6511   			3.66   		   		
6517   			1.06   		   		
6522   			4.07   		   		
6528   			3.61   		   		
6534   			2.99   		   		
6540   			3.69   		   		
6545   			3.63   		   		
6551   			3.28   		   		
6557   			2.18   		   		
6563   			3.69   		   		
6568   			3.11   		   		
6574   			3.57   		   		
6580   			2.24   		   		
6585   			3.86   		   		
6591   			4.01   		   		
6597   			4.13   		   		
6603   			4.47   		   		
6608   			5.34   		   		
6614   			4.41   		   		
6620   			4.59   		   		
6626   			4.88   		   		
6631   			4.07   		   		
6637   			3.09   		   		
6643   			4.30   		   		
6648   			3.95   		   		
6654   			4.82   		   		
6660   			5.45   		   		
6666   			4.41   		   		
6671   			5.22   		   		
6677   			5.51   		   		
6683   			4.88   		   		
6689   			5.68   		   		
6694   			6.03   		   		
6700   			5.57   		   		
6706   			5.60   		   		
6711   			6.12   		   		
6717   			6.58   		   		
6723   			6.64   		   		
6729   			6.12   		   		
6734   			6.26   		   		
6740   			5.97   		   		
6746   			6.03   		   		
6752   			5.80   		   		
6757   			5.80   		   		
6763   			5.91   		   		
6769   			5.97   		   		
6774   			5.74   		   		
6780   			6.77   		   		
6786   			6.89   		   		
6792   			7.05   		   		
6797   			6.93   		   		
6803   			6.59   		   		
6809   			6.18   		   		
6815   			6.59   		   		
6820   			6.36   		   		
6826   			6.41   		   		
6832   			6.59   		   		
6837   			7.33   		   		
6843   			6.99   		   		
6849   			6.24   		   		
6855   			6.99   		   		
6860   			6.59   		   		
6866   			7.16   		   		
6872   			7.33   		   		
6878   			6.28   		   		
6883   			7.03   		   		
6889   			6.16   		   		
6895   			6.97   		   		
6900   			6.22   		   		
6906   			6.83   		   		
6912   			6.37   		   		
6918   			6.72   		   		
6923   			7.64   		   		
6929   			7.41   		   		
6935   			7.78   		   		
6941   			7.43   		   		
6946   			8.35   		   		
6952   			8.52   		   		
6958   			7.61   		   		
6963   			7.29   		   		
6969   			7.64   		   		
6975   			8.04   		   		
6981   			7.69   		   		
6986   			8.10   		   		
6992   			8.27   		   		
6998   			8.15   		   		
7004   			7.92   		   		
7009   			8.50   		   		
7015   			7.29   		   		
7021   			8.23   		   		
7026   			8.12   		   		
7032   			8.12   		   		
7038   			8.29   		   		
7044   			8.46   		   		
7049   			8.58   		   		
7055   			8.46   		   		
7061   			8.35   		   		
7067   			7.89   		   		
7072   			8.12   		   		
7078   			8.46   		   		
7084   			9.04   		   		
7089   			8.35   		   		
7095   			8.92   		   		
7101   			9.15   		   		
7107   			8.79   		   		
7112   			9.24   		   		
7118   			8.90   		   		
7124   			9.24   		   		
7130   			9.07   		   		
7135   			9.82   		   		
7141   			8.90   		   		
7147   			9.07   		   		
7152   			8.96   		   		
7158   			8.90   		   		
7164   			9.07   		   		
7170   			9.53   		   		
7175   			9.30   		   		
7181   			9.82   		   		
7187   			9.82   		   		
7193   			9.70   		   		
7198   			9.59   		   		
7204   			9.87   		   		
7210   			9.47   		   		
7215   			10.62   		   		
7221   			9.72   		   		
7227   			9.95   		   		
7233   			9.84   		   		
7238   			9.90   		   		
7244   			10.35   		   		
7250   			9.76   		   		
7256   			9.53   		   		
7261   			10.50   		   		
7267   			10.68   		   		
7273   			9.99   		   		
7278   			10.07   		   		
7284   			10.75   		   		
7290   			9.72   		   		
7296   			11.50   		   		
7301   			10.35   		   		
7307   			10.41   		   		
7313   			10.64   		   		
7318   			9.61   		   		
7324   			10.70   		   		
7330   			10.41   		   		
7336   			10.18   		   		
7341   			10.18   		   		
7347   			11.10   		   		
7353   			9.21   		   		
7359   			9.67   		   		
7364   			9.19   		   		
7370   			10.56   		   		
7376   			8.67   		   		
7381   			10.33   		   		
7387   			10.28   		   		
7393   			10.98   		   		
7399   			10.30   		   		
7404   			10.93   		   		
7410   			10.75   		   		
7416   			10.53   		   		
7422   			10.26   		   		
7427   			9.86   		   		
7433   			9.86   		   		
7439   			9.00   		   		
7444   			9.97   		   		
7450   			11.04   		   		
7456   			10.41   		   		
7462   			11.04   		   		
7467   			10.64   		   		
7473   			10.53   		   		
7479   			10.89   		   		
7485   			12.15   		   		
7490   			10.95   		   		
7496   			11.81   		   		
7502   			10.37   		   		
7507   			10.64   		   		
7513   			10.93   		   		
7519   			11.44   		   		
7525   			11.10   		   		
7530   			11.84   		   		
7536   			11.88   		   		
7542   			11.65   		   		
7548   			11.99   		   		
7553   			12.16   		   		
7559   			11.42   		   		
7565   			10.56   		   		
7570   			12.34   		   		
7576   			11.76   		   		
7582   			12.16   		   		
7588   			11.48   		   		
7593   			12.26   		   		
7599   			12.43   		   		
7605   			12.77   		   		
7611   			12.54   		   		
7616   			13.23   		   		
7622   			12.93   		   		
7628   			12.70   		   		
7633   			12.81   		   		
7639   			13.21   		   		
7645   			13.44   		   		
7651   			13.53   		   		
7656   			13.88   		   		
7662   			13.82   		   		
7668   			13.14   		   		
7674   			12.39   		   		
7679   			12.01   		   		
7685   			12.53   		   		
7691   			12.01   		   		
7696   			12.47   		   		
7702   			12.98   		   		
7708   			13.08   		   		
7714   			13.31   		   		
7719   			13.19   		   		
7725   			12.79   		   		
7731   			13.02   		   		
7737   			13.82   		   		
7742   			12.96   		   		
7748   			14.22   		   		
7754   			13.71   		   		
7759   			13.48   		   		
7765   			14.30   		   		
7771   			13.78   		   		
7777   			14.18   		   		
7782   			14.01   		   		
7788   			13.44   		   		
7794   			13.36   		   		
7800   			13.19   		   		
7805   			14.22   		   		
7811   			12.91   		   		
7817   			13.53   		   		
7822   			13.14   		   		
7828   			13.53   		   		
7834   			13.31   		   		
7840   			12.91   		   		
7845   			13.31   		   		
7851   			13.31   		   		
7857   			13.42   		   		
7863   			13.59   		   		
7868   			13.71   		   		
7874   			13.71   		   		
7880   			14.30   		   		
7885   			14.07   		   		
7891   			13.50   		   		
7897   			13.73   		   		
7903   			13.78   		   		
7908   			13.58   		   		
7914   			14.26   		   		
7920   			13.86   		   		
7926   			14.09   		   		
7931   			13.35   		   		
7937   			12.43   		   		
7943   			13.00   		   		
7948   			12.89   		   		
7954   			13.40   		   		
7960   			12.20   		   		
7966   			13.04   		   		
7971   			12.53   		   		
7977   			12.81   		   		
7983   			10.93   		   		
7988   			12.30   		   		
7994   			12.56   		   		
8000   			12.91   		   		
8006   			12.74   		   		
8011   			12.96   		   		
8017   			12.79   		   		
8023   			12.34   		   		
8029   			12.62   		   		
8034   			12.22   		   		
8040   			12.34   		   		
8046   			12.74   		   		
8051   			12.53   		   		
8057   			13.10   		   		
8063   			13.27   		   		
8069   			12.76   		   		
8074   			13.21   		   		
8080   			13.65   		   		
8086   			13.25   		   		
8092   			12.62   		   		
8097   			13.31   		   		
8103   			13.82   		   		
8109   			13.99   		   		
8114   			13.25   		   		
8120   			12.85   		   		
8126   			13.19   		   		
8132   			13.82   		   		
8137   			14.56   		   		
8143   			12.68   		   		
8149   			13.76   		   		
8155   			13.25   		   		
8160   			12.96   		   		
8166   			12.93   		   		
8172   			14.13   		   		
8177   			13.27   		   		
8183   			12.58   		   		
8189   			13.16   		   		
8195   			12.91   		   		
8200   			11.88   		   		
8206   			12.34   		   		
8212   			12.85   		   		
8218   			12.79   		   		
8223   			11.94   		   		
8229   			12.74   		   		
8235   			12.96   		   		
8240   			12.51   		   		
8246   			12.96   		   		
8252   			12.05   		   		
8258   			12.91   		   		
8263   			13.48   		   		
8269   			11.82   		   		
8275   			13.02   		   		
8281   			13.27   		   		
8286   			12.98   		   		
8292   			13.84   		   		
8298   			12.41   		   		
8303   			13.04   		   		
8309   			13.61   		   		
8315   			13.73   		   		
8321   			13.61   		   		
8326   			13.67   		   		
8332   			13.84   		   		
8338   			12.68   		   		
8343   			12.68   		   		
8349   			13.25   		   		
8355   			13.31   		   		
8361   			12.96   		   		
8366   			13.01   		   		
8372   			12.43   		   		
8378   			12.72   		   		
8384   			13.01   		   		
8389   			13.23   		   		
8395   			12.53   		   		
8401   			11.33   		   		
8406   			12.87   		   		
8412   			12.81   		   		
8418   			12.64   		   		
8424   			13.08   		   		
8429   			12.85   		   		
8435   			13.53   		   		
8441   			13.08   		   		
8447   			13.14   		   		
8452   			12.62   		   		
8458   			12.51   		   		
8464   			11.88   		   		
8469   			12.39   		   		
8475   			11.99   		   		
8481   			12.62   		   		
8487   			12.56   		   		
8492   			12.79   		   		
8498   			13.31   		   		
8504   			12.11   		   		
8510   			12.79   		   		
8515   			13.36   		   		
8521   			12.39   		   		
8527   			12.22   		   		
8532   			13.31   		   		
8538   			13.27   		   		
8544   			12.87   		   		
8550   			12.93   		   		
8555   			12.64   		   		
8561   			12.93   		   		
8567   			12.58   		   		
8573   			13.38   		   		
8578   			12.30   		   		
8584   			12.53   		   		
8590   			13.04   		   		
8595   			13.25   		   		
8601   			13.02   		   		
8607   			13.02   		   		
8613   			12.45   		   		
8618   			12.51   		   		
8624   			12.16   		   		
8630   			12.62   		   		
8636   			12.62   		   		
8641   			13.14   		   		
8647   			12.79   		   		
8653   			12.36   		   		
8658   			12.53   		   		
8664   			12.81   		   		
8670   			13.10   		   		
8676   			13.50   		   		
8681   			12.85   		   		
8687   			13.25   		   		
8693   			12.39   		   		
8699   			12.79   		   		
8704   			12.39   		   		
8710   			12.79   		   		
8716   			12.39   		   		
8721   			12.68   		   		
8727   			11.76   		   		
8733   			11.36   		   		
8739   			11.94   		   		
8744   			12.05   		   		
8750   			12.51   		   		
8756   			12.62   		   		
8762   			12.91   		   		
8767   			12.28   		   		
8773   			12.62   		   		
8779   			12.05   		   		
8784   			13.48   		   		
8790   			12.34   		   		
8796   			12.34   		   		
8802   			12.16   		   		
8807   			11.65   		   		
8813   			12.45   		   		
8819   			11.99   		   		
8824   			11.58   		   		
8830   			13.41   		   		
8836   			12.66   		   		
8842   			12.78   		   		
8847   			12.38   		   		
8853   			11.88   		   		
8859   			12.34   		   		
8865   			12.16   		   		
8870   			12.45   		   		
8876   			12.34   		   		
8882   			11.33   		   		
8887   			12.76   		   		
8893   			11.96   		   		
8899   			11.56   		   		
8905   			12.07   		   		
8910   			10.81   		   		
8916   			11.90   		   		
8922   			12.36   		   		
8928   			12.64   		   		
8933   			12.01   		   		
8939   			12.18   		   		
8945   			10.53   		   		
8950   			12.36   		   		
8956   			11.96   		   		
8962   			12.18   		   		
8968   			11.71   		   		
8973   			12.34   		   		
8979   			11.48   		   		
8985   			11.53   		   		
8991   			11.48   		   		
8996   			11.21   		   		
9002   			11.96   		   		
9008   			11.90   		   		
9013   			11.73   		   		
9019   			11.61   		   		
9025   			12.13   		   		
9031   			12.64   		   		
9036   			12.47   		   		
9042   			11.84   		   		
9048   			11.73   		   		
9054   			11.94   		   		
9059   			12.11   		   		
9065   			12.34   		   		
9071   			12.05   		   		
9076   			11.25   		   		
9082   			11.96   		   		
9088   			12.24   		   		
9094   			11.61   		   		
9099   			10.75   		   		
9105   			11.67   		   		
9111   			10.91   		   		
9117   			11.76   		   		
9122   			10.45   		   		
9128   			10.56   		   		
9134   			10.68   		   		
9139   			10.47   		   		
9145   			11.61   		   		
9151   			12.41   		   		
9157   			11.38   		   		
9162   			11.84   		   		
9168   			12.05   		   		
9174   			12.16   		   		
9180   			11.99   		   		
9185   			11.82   		   		
9191   			11.13   		   		
9197   			11.53   		   		
9202   			11.82   		   		
9208   			11.53   		   		
9214   			11.53   		   		
9220   			10.91   		   		
9225   			11.38   		   		
9231   			12.01   		   		
9237   			11.50   		   		
9243   			12.07   		   		
9248   			11.84   		   		
9254   			12.58   		   		
9260   			11.73   		   		
9265   			12.13   		   		
9271   			11.27   		   		
9277   			11.50   		   		
9283   			11.86   		   		
9288   			11.51   		   		
9294   			12.03   		   		
9300   			9.51   		   		
9305   			11.57   		   		
9311   			11.69   		   		
9317   			11.69   		   		
9323   			11.40   		   		
9328   			11.11   		   		
9334   			11.74   		   		
9340   			11.38   		   		
9346   			11.44   		   		
9351   			11.56   		   		
9357   			10.98   		   		
9363   			10.30   		   		
9368   			12.41   		   		
9374   			12.41   		   		
9380   			11.73   		   		
9386   			11.84   		   		
9391   			12.47   		   		
9397   			12.01   		   		
9403   			11.27   		   		
9409   			11.84   		   		
9414   			12.30   		   		
9420   			12.36   		   		
9426   			12.11   		   		
9431   			11.94   		   		
9437   			12.34   		   		
9443   			12.22   		   		
9449   			11.65   		   		
9454   			12.81   		   		
9460   			12.70   		   		
9466   			11.33   		   		
9472   			12.36   		   		
9477   			12.53   		   		
9483   			11.48   		   		
9489   			12.45   		   		
9494   			12.16   		   		
9500   			12.28   		   		
9506   			12.16   		   		
9512   			12.24   		   		
9517   			12.07   		   		
9523   			12.18   		   		
9529   			12.18   		   		
9535   			12.07   		   		
9540   			11.42   		   		
9546   			12.05   		   		
9552   			11.99   		   		
9557   			11.59   		   		
9563   			10.68   		   		
9569   			12.03   		   		
9575   			12.43   		   		
9580   			11.18   		   		
9586   			11.98   		   		
9592   			10.95   		   		
9598   			12.01   		   		
9603   			12.24   		   		
9609   			12.36   		   		
9615   			11.96   		   		
9620   			12.01   		   		
9626   			11.13   		   		
9632   			11.99   		   		
9638   			11.25   		   		
9643   			11.53   		   		
9649   			11.82   		   		
9655   			11.38   		   		
9661   			11.33   		   		
9666   			10.87   		   		
9672   			12.13   		   		
9678   			12.13   		   		
9683   			12.30   		   		
9689   			12.30   		   		
9695   			11.73   		   		
9701   			11.90   		   		
9706   			12.07   		   		
9712   			11.52   		   		
9718   			11.52   		   		
9723   			11.98   		   		
9729   			11.98   		   		
9735   			11.41   		   		
9741   			12.18   		   		
9746   			12.76   		   		
9752   			13.04   		   		
9758   			12.01   		   		
9764   			11.84   		   		
9769   			11.99   		   		
9775   			11.53   		   		
9781   			9.82   		   		
9786   			11.48   		   		
9792   			11.31   		   		
9798   			11.48   		   		
9804   			11.31   		   		
9809   			11.53   		   		
9815   			12.16   		   		
9821   			11.36   		   		
9827   			11.50   		   		
9832   			12.13   		   		
9838   			12.30   		   		
9844   			10.35   		   		
9849   			12.18   		   		
9855   			11.97   		   		
9861   			11.80   		   		
9867   			11.74   		   		
9872   			12.43   		   		
9878   			12.60   		   		
9884   			12.24   		   		
9890   			11.96   		   		
9895   			11.33   		   		
9901   			12.24   		   		
9907   			10.24   		   		
9912   			11.65   		   		
9918   			11.88   		   		
9924   			11.76   		   		
9930   			12.22   		   		
9935   			12.74   		   		
9941   			11.71   		   		
9947   			11.94   		   		
9953   			12.45   		   		
9958   			11.94   		   		
9964   			12.16   		   		
9970   			12.24   		   		
9975   			11.67   		   		
9981   			12.53   		   		
9987   			12.87   		   		
9993   			12.01   		   		
9998   			12.16   		   		
10004   			13.25   		   		
10010   			12.91   		   		
10016   			12.05   		   		
10021   			12.11   		   		
10027   			12.24   		   		
10033   			13.10   		   		
10038   			12.41   		   		
10044   			12.41   		   		
10050   			12.70   		   		
10056   			11.84   		   		
10061   			12.01   		   		
10067   			12.98   		   		
10073   			12.93   		   		
10079   			12.24   		   		
10084   			13.33   		   		
10090   			12.93   		   		
10096   			11.84   		   		
10101   			13.04   		   		
10107   			12.13   		   		
10113   			12.16   		   		
10119   			12.51   		   		
10124   			12.11   		   		
10130   			11.71   		   		
10136   			12.45   		   		
10142   			12.34   		   		
10147   			12.74   		   		
10153   			12.28   		   		
10159   			11.99   		   		
10164   			12.85   		   		
10170   			12.76   		   		
10176   			13.78   		   		
10182   			12.47   		   		
10187   			12.93   		   		
10193   			12.30   		   		
10199   			12.81   		   		
10205   			13.56   		   		
10210   			12.53   		   		
10216   			13.10   		   		
10222   			13.44   		   		
10227   			12.81   		   		
10233   			13.27   		   		
10239   			13.21   		   		
10245   			11.67   		   		
10250   			13.78   		   		
10256   			12.68   		   		
10262   			11.88   		   		
10267   			13.19   		   		
10273   			13.48   		   		
10279   			12.79   		   		
10285   			12.89   		   		
10290   			12.54   		   		
10296   			12.94   		   		
10302   			12.43   		   		
10308   			13.34   		   		
10313   			12.81   		   		
10319   			13.73   		   		
10325   			13.27   		   		
10330   			13.16   		   		
10336   			13.21   		   		
10342   			12.76   		   		
10348   			12.41   		   		
10353   			12.36   		   		
10359   			12.18   		   		
10365   			12.81   		   		
10371   			13.08   		   		
10376   			12.56   		   		
10382   			12.68   		   		
10388   			12.39   		   		
10393   			12.05   		   		
10399   			11.90   		   		
10405   			12.24   		   		
10411   			13.33   		   		
10416   			11.90   		   		
10422   			12.13   		   		
10428   			11.94   		   		
10434   			11.94   		   		
10439   			11.42   		   		
10445   			11.48   		   		
10451   			11.99   		   		
10456   			11.50   		   		
10462   			12.13   		   		
10468   			12.13   		   		
10474   			11.73   		   		
10479   			11.38   		   		
10485   			11.84   		   		
10491   			11.50   		   		
10497   			12.01   		   		
10502   			12.01   		   		
10508   			12.01   		   		
10514   			12.15   		   		
10519   			12.43   		   		
10525   			12.32   		   		
10531   			12.32   		   		
10537   			11.35   		   		
10542   			11.23   		   		
10548   			11.46   		   		
10554   			11.34   		   		
10560   			12.03   		   		
10565   			11.80   		   		
10571   			11.65   		   		
10577   			12.28   		   		
10582   			11.94   		   		
10588   			13.48   		   		
10594   			13.14   		   		
10600   			12.58   		   		
10605   			13.67   		   		
10611   			12.98   		   		
10617   			10.64   		   		
10622   			12.13   		   		
10628   			13.04   		   		
10634   			12.58   		   		
10640   			12.47   		   		
10645   			13.56   		   		
10651   			12.53   		   		
10657   			13.71   		   		
10663   			12.62   		   		
10668   			12.45   		   		
10674   			12.34   		   		
10680   			10.56   		   		
10685   			11.65   		   		
10691   			11.53   		   		
10697   			12.62   		   		
10703   			12.34   		   		
10708   			12.62   		   		
10714   			12.56   		   		
10720   			11.53   		   		
10726   			11.42   		   		
10731   			11.65   		   		
10737   			11.82   		   		
10743   			12.14   		   		
10748   			12.71   		   		
10754   			12.49   		   		
10760   			12.31   		   		
10766   			12.03   		   		
10771   			12.68   		   		
10777   			12.51   		   		
10783   			12.34   		   		
10789   			11.42   		   		
10794   			12.85   		   		
10800   			12.53   		   		
10806   			12.41   		   		
10811   			11.50   		   		
10817   			12.30   		   		
10823   			11.78   		   		
10829   			11.84   		   		
10834   			11.61   		   		
10840   			11.84   		   		
10846   			12.24   		   		
10852   			11.50   		   		
10857   			11.94   		   		
10863   			11.88   		   		
10869   			11.71   		   		
10874   			12.05   		   		
10880   			12.05   		   		
10886   			13.10   		   		
10892   			11.44   		   		
10897   			12.41   		   		
10903   			12.18   		   		
10909   			12.07   		   		
10915   			12.13   		   		
10920   			12.87   		   		
10926   			11.90   		   		
10932   			12.47   		   		
10937   			12.01   		   		
10943   			12.74   		   		
10949   			12.79   		   		
10955   			12.56   		   		
10960   			12.05   		   		
10966   			11.88   		   		
10972   			10.35   		   		
10978   			12.47   		   		
10983   			12.76   		   		
10989   			12.70   		   		
10995   			12.07   		   		
11000   			12.51   		   		
11006   			11.94   		   		
11012   			12.39   		   		
11018   			11.76   		   		
11023   			12.39   		   		
11029   			11.76   		   		
11035   			10.56   		   		
11040   			12.22   		   		
11046   			12.79   		   		
11052   			11.76   		   		
11058   			12.24   		   		
11063   			11.67   		   		
11069   			11.96   		   		
11075   			12.30   		   		
11081   			12.24   		   		
11086   			12.16   		   		
11092   			11.94   		   		
11098   			12.62   		   		
11103   			12.91   		   		
11109   			12.28   		   		
11115   			12.81   		   		
11121   			12.64   		   		
11126   			11.78   		   		
11132   			12.58   		   		
11138   			11.44   		   		
11144   			11.58   		   		
11149   			11.98   		   		
11155   			12.55   		   		
11161   			12.15   		   		
11166   			11.69   		   		
11172   			12.72   		   		
11178   			12.32   		   		
11184   			12.09   		   		
11189   			12.15   		   		
11195   			12.43   		   		
11201   			12.58   		   		
11207   			11.78   		   		
11212   			11.90   		   		
11218   			12.81   		   		
11224   			12.47   		   		
11229   			11.97   		   		
11235   			11.40   		   		
11241   			11.80   		   		
11247   			11.63   		   		
11252   			10.71   		   		
11258   			11.65   		   		
11264   			11.42   		   		
11270   			11.13   		   		
11275   			11.94   		   		
11281   			11.88   		   		
11287   			11.21   		   		
11292   			11.33   		   		
11298   			12.13   		   		
11304   			12.58   		   		
11310   			12.07   		   		
11315   			12.22   		   		
11321   			11.71   		   		
11327   			11.48   		   		
11333   			11.82   		   		
11338   			11.19   		   		
11344   			11.48   		   		
11350   			11.53   		   		
11355   			10.79   		   		
11361   			10.68   		   		
11367   			11.48   		   		
11373   			11.59   		   		
11378   			11.02   		   		
11384   			11.76   		   		
11390   			11.59   		   		
11396   			11.82   		   		
11401   			11.78   		   		
11407   			11.50   		   		
11413   			11.38   		   		
11418   			11.96   		   		
11424   			11.44   		   		
11430   			11.50   		   		
11436   			11.67   		   		
11441   			11.27   		   		
11447   			11.56   		   		
11453   			10.07   		   		
11458   			11.59   		   		
11464   			11.25   		   		
11470   			11.65   		   		
11476   			11.99   		   		
11481   			11.76   		   		
11487   			11.50   		   		
11493   			11.33   		   		
11499   			10.35   		   		
11504   			11.04   		   		
11510   			11.61   		   		
11516   			9.44   		   		
11521   			10.81   		   		
11527   			11.44   		   		
11533   			10.64   		   		
11539   			10.70   		   		
11544   			11.50   		   		
11550   			11.61   		   		
11556   			11.84   		   		
11562   			11.84   		   		
11567   			11.61   		   		
11573   			11.73   		   		
11579   			10.75   		   		
11584   			11.50   		   		
11590   			11.96   		   		
11596   			10.75   		   		
11602   			11.35   		   		
11607   			10.72   		   		
11613   			11.46   		   		
11619   			11.00   		   		
11625   			11.75   		   		
11630   			11.59   		   		
11636   			11.42   		   		
11642   			10.68   		   		
11647   			10.85   		   		
11653   			10.96   		   		
11659   			10.81   		   		
11665   			11.21   		   		
11670   			10.98   		   		
11676   			11.10   		   		
11682   			11.38   		   		
11688   			11.82   		   		
11693   			11.88   		   		
11699   			11.08   		   		
11705   			11.25   		   		
11710   			12.11   		   		
11716   			11.88   		   		
11722   			11.42   		   		
11728   			11.19   		   		
11733   			11.59   		   		
11739   			11.76   		   		
11745   			12.62   		   		
11751   			11.88   		   		
11756   			11.82   		   		
11762   			10.62   		   		
11768   			11.65   		   		
11773   			12.13   		   		
11779   			12.87   		   		
11785   			12.13   		   		
11791   			11.67   		   		
11796   			12.53   		   		
11802   			11.36   		   		
11808   			12.11   		   		
11814   			11.08   		   		
11819   			11.25   		   		
11825   			11.31   		   		
11831   			10.30   		   		
11836   			10.93   		   		
11842   			12.30   		   		
11848   			11.96   		   		
11854   			11.78   		   		
11859   			11.94   		   		
11865   			12.79   		   		
11871   			11.25   		   		
11877   			11.42   		   		
11882   			10.91   		   		
11888   			10.98   		   		
11894   			11.27   		   		
11899   			11.10   		   		
11905   			11.96   		   		
11911   			11.27   		   		
11917   			11.48   		   		
11922   			10.91   		   		
11928   			10.68   		   		
11934   			10.85   		   		
11940   			11.59   		   		
11945   			11.53   		   		
11951   			11.53   		   		
11957   			10.39   		   		
11962   			9.99   		   		
11968   			10.85   		   		
11974   			11.71   		   		
11980   			11.53   		   		
11985   			11.25   		   		
11991   			10.33   		   		
11997   			9.70   		   		
12002   			10.66   		   		
12008   			11.69   		   		
12014   			11.00   		   		
12020   			11.91   		   		
12025   			11.46   		   		
12031   			10.77   		   		
12037   			11.17   		   		
12043   			11.17   		   		
12048   			11.86   		   		
12054   			11.57   		   		
12060   			10.28   		   		
12065   			11.99   		   		
12071   			11.76   		   		
12077   			12.11   		   		
12083   			11.42   		   		
12088   			11.88   		   		
12094   			11.59   		   		
12100   			12.22   		   		
12106   			11.94   		   		
12111   			12.22   		   		
12117   			12.01   		   		
12123   			9.49   		   		
12128   			11.27   		   		
12134   			11.27   		   		
12140   			11.38   		   		
12146   			11.50   		   		
12151   			12.36   		   		
12157   			12.24   		   		
12163   			12.53   		   		
12169   			12.53   		   		
12174   			12.34   		   		
12180   			12.79   		   		
12186   			11.48   		   		
12191   			10.79   		   		
12197   			11.08   		   		
12203   			11.38   		   		
12209   			10.93   		   		
12214   			11.44   		   		
12220   			10.70   		   		
12226   			10.81   		   		
12232   			10.73   		   		
12237   			11.82   		   		
12243   			11.94   		   		
12249   			10.33   		   		
12254   			11.76   		   		
12260   			11.36   		   		
12266   			12.22   		   		
12272   			11.82   		   		
12277   			11.59   		   		
12283   			11.82   		   		
12289   			11.71   		   		
12295   			12.34   		   		
12300   			11.65   		   		
12306   			11.42   		   		
12312   			11.65   		   		
12317   			11.41   		   		
12323   			11.92   		   		
12329   			12.61   		   		
12335   			11.41   		   		
12340   			11.81   		   		
12346   			11.48   		   		
12352   			11.53   		   		
12358   			10.79   		   		
12363   			11.88   		   		
12369   			11.82   		   		
12375   			11.67   		   		
12380   			12.64   		   		
12386   			12.87   		   		
12392   			11.21   		   		
12398   			11.61   		   		
12403   			11.48   		   		
12409   			11.76   		   		
12415   			11.65   		   		
12421   			12.39   		   		
12426   			11.71   		   		
12432   			10.96   		   		
12438   			10.91   		   		
12443   			11.19   		   		
12449   			12.28   		   		
12455   			10.79   		   		
12461   			10.79   		   		
12466   			11.94   		   		
12472   			11.19   		   		
12478   			10.45   		   		
12484   			10.96   		   		
12489   			11.53   		   		
12495   			12.39   		   		
12501   			11.19   		   		
12506   			11.42   		   		
12512   			11.76   		   		
12518   			11.99   		   		
12524   			12.05   		   		
12529   			11.31   		   		
12535   			12.16   		   		
12541   			11.31   		   		
12547   			12.45   		   		
12552   			12.05   		   		
12558   			11.59   		   		
12564   			12.34   		   		
12569   			13.14   		   		
12575   			13.38   		   		
12581   			12.93   		   		
12587   			11.50   		   		
12592   			11.78   		   		
12598   			12.58   		   		
12604   			11.76   		   		
12610   			12.51   		   		
12615   			12.22   		   		
12621   			11.65   		   		
12627   			11.53   		   		
12632   			10.98   		   		
12638   			12.47   		   		
12644   			11.56   		   		
12650   			12.36   		   		
12655   			12.24   		   		
12661   			12.41   		   		
12667   			11.67   		   		
12673   			12.01   		   		
12678   			11.04   		   		
12684   			11.21   		   		
12690   			11.50   		   		
12695   			12.13   		   		
12701   			12.87   		   		
12707   			12.70   		   		
12713   			12.36   		   		
12718   			12.36   		   		
12724   			12.81   		   		
12730   			12.81   		   		
12735   			12.24   		   		
12741   			12.93   		   		
12747   			12.36   		   		
12753   			11.56   		   		
12758   			12.01   		   		
12764   			12.47   		   		
12770   			12.76   		   		
12776   			13.08   		   		
12781   			12.62   		   		
12787   			12.51   		   		
12793   			10.68   		   		
12798   			11.65   		   		
12804   			11.67   		   		
12810   			12.13   		   		
12816   			12.58   		   		
12821   			11.61   		   		
12827   			11.56   		   		
12833   			11.59   		   		
12839   			10.91   		   		
12844   			10.96   		   		
12850   			11.25   		   		
12856   			9.87   		   		
12861   			10.96   		   		
12867   			10.79   		   		
12873   			10.85   		   		
12879   			11.82   		   		
12884   			11.99   		   		
12890   			11.90   		   		
12896   			12.07   		   		
12902   			11.27   		   		
12907   			11.50   		   		
12913   			10.75   		   		
12919   			10.41   		   		
12924   			11.33   		   		
12930   			10.70   		   		
12936   			11.27   		   		
12942   			11.38   		   		
12947   			11.67   		   		
12953   			11.61   		   		
12959   			11.73   		   		
12965   			11.96   		   		
12970   			11.10   		   		
12976   			11.40   		   		
12982   			11.63   		   		
12987   			12.20   		   		
12993   			11.91   		   		
12999   			10.94   		   		
13005   			11.33   		   		
13010   			11.56   		   		
13016   			11.96   		   		
13022   			12.18   		   		
13028   			12.41   		   		
13033   			11.40   		   		
13039   			11.06   		   		
13045   			12.20   		   		
13050   			12.14   		   		
13056   			12.71   		   		
13062   			11.82   		   		
13068   			12.11   		   		
13073   			12.22   		   		
13079   			12.45   		   		
13085   			11.82   		   		
13091   			10.77   		   		
13096   			10.54   		   		
13102   			11.63   		   		
13108   			10.20   		   		
13113   			11.00   		   		
13119   			11.42   		   		
13125   			11.42   		   		
13131   			11.31   		   		
13136   			11.53   		   		
13142   			11.59   		   		
13148   			11.82   		   		
13154   			11.36   		   		
13159   			12.05   		   		
13165   			11.13   		   		
13171   			11.76   		   		
13176   			11.82   		   		
13182   			12.05   		   		
13188   			11.59   		   		
13194   			11.25   		   		
13199   			11.48   		   		
13205   			10.93   		   		
13211   			10.75   		   		
13217   			9.95   		   		
13222   			11.27   		   		
13228   			11.67   		   		
13234   			11.56   		   		
13239   			11.33   		   		
13245   			11.67   		   		
13251   			11.10   		   		
13257   			10.98   		   		
13262   			11.48   		   		
13268   			11.42   		   		
13274   			11.48   		   		
13280   			10.96   		   		
13285   			11.82   		   		
13291   			10.50   		   		
13297   			11.08   		   		
13302   			10.56   		   		
13308   			11.53   		   		
13314   			11.08   		   		
13320   			11.48   		   		
13325   			11.13   		   		
13331   			11.65   		   		
13337   			11.48   		   		
13343   			10.45   		   		
13348   			10.24   		   		
13354   			10.18   		   		
13360   			10.18   		   		
13365   			10.41   		   		
13371   			11.50   		   		
13377   			11.99   		   		
13383   			11.08   		   		
13388   			11.76   		   		
13394   			11.76   		   		
13400   			11.48   		   		
13406   			11.61   		   		
13411   			12.64   		   		
13417   			11.44   		   		
13423   			11.44   		   		
13428   			10.58   		   		
13434   			11.46   		   		
13440   			11.12   		   		
13446   			10.49   		   		
13451   			10.83   		   		
13457   			11.29   		   		
13463   			11.33   		   		
13469   			11.21   		   		
13474   			11.38   		   		
13480   			11.56   		   		
13486   			11.04   		   		
13491   			11.29   		   		
13497   			11.18   		   		
13503   			10.43   		   		
13509   			11.58   		   		
13514   			11.81   		   		
13520   			12.34   		   		
13526   			10.22   		   		
13531   			12.96   		   		
13537   			11.31   		   		
13543   			12.28   		   		
13549   			12.45   		   		
13554   			11.53   		   		
13560   			10.39   		   		
13566   			11.25   		   		
13572   			10.79   		   		
13577   			10.16   		   		
13583   			11.36   		   		
13589   			8.84   		   		
13594   			11.19   		   		
13600   			11.31   		   		
13606   			10.68   		   		
13612   			11.13   		   		
13617   			11.94   		   		
13623   			11.42   		   		
13629   			11.59   		   		
13635   			11.57   		   		
13640   			11.57   		   		
13646   			11.00   		   		
13652   			11.40   		   		
13657   			10.88   		   		
13663   			11.44   		   		
13669   			11.78   		   		
13675   			11.50   		   		
13680   			12.41   		   		
13686   			11.78   		   		
13692   			11.23   		   		
13698   			11.06   		   		
13703   			11.35   		   		
13709   			12.15   		   		
13715   			11.52   		   		
13720   			11.13   		   		
13726   			12.56   		   		
13732   			10.73   		   		
13738   			10.39   		   		
13743   			11.88   		   		
13749   			11.38   		   		
13755   			11.73   		   		
13761   			11.16   		   		
13766   			12.18   		   		
13772   			11.61   		   		
13778   			11.96   		   		
13783   			11.61   		   		
13789   			12.07   		   		
13795   			11.61   		   		
13801   			11.56   		   		
13806   			10.96   		   		
13812   			10.91   		   		
13818   			11.76   		   		
13824   			10.96   		   		
13829   			11.53   		   		
13835   			11.33   		   		
13841   			11.44   		   		
13846   			11.84   		   		
13852   			11.38   		   		
13858   			11.78   		   		
13864   			11.76   		   		
13869   			11.36   		   		
13875   			11.25   		   		
13881   			11.71   		   		
13887   			11.59   		   		
13892   			11.02   		   		
13898   			11.48   		   		
13904   			11.42   		   		
13909   			11.25   		   		
13915   			11.25   		   		
13921   			11.48   		   		
13927   			10.96   		   		
13932   			10.79   		   		
13938   			10.16   		   		
13944   			10.50   		   		
13950   			10.53   		   		
13955   			10.01   		   		
13961   			11.61   		   		
13967   			11.21   		   		
13972   			11.56   		   		
13978   			11.29   		   		
13984   			11.58   		   		
13990   			11.41   		   		
13995   			11.69   		   		
14001   			11.41   		   		
14007   			11.13   		   		
14013   			11.88   		   		
14018   			11.02   		   		
14024   			11.42   		   		
14030   			11.42   		   		
14035   			11.36   		   		
14041   			11.36   		   		
14047   			10.91   		   		
14053   			11.48   		   		
14058   			11.76   		   		
14064   			11.52   		   		
14070   			12.26   		   		
14075   			11.92   		   		
14081   			10.72   		   		
14087   			11.69   		   		
14093   			11.21   		   		
14098   			11.27   		   		
14104   			11.21   		   		
14110   			11.33   		   		
14116   			12.81   		   		
14121   			11.56   		   		
14127   			11.44   		   		
14133   			10.35   		   		
14138   			10.70   		   		
14144   			11.38   		   		
14150   			10.62   		   		
14156   			11.65   		   		
14161   			11.53   		   		
14167   			11.88   		   		
14173   			11.48   		   		
14179   			11.27   		   		
14184   			11.56   		   		
14190   			11.50   		   		
14196   			10.30   		   		
14201   			11.21   		   		
14207   			11.02   		   		
14213   			11.08   		   		
14219   			10.85   		   		
14224   			11.42   		   		
14230   			10.96   		   		
14236   			11.31   		   		
14242   			10.96   		   		
14247   			11.65   		   		
14253   			11.02   		   		
14259   			9.93   		   		
14264   			12.05   		   		
14270   			11.48   		   		
14276   			11.53   		   		
14282   			11.99   		   		
14287   			11.48   		   		
14293   			11.19   		   		
14299   			10.45   		   		
14305   			11.99   		   		
14310   			11.65   		   		
14316   			11.76   		   		
14322   			12.16   		   		
14327   			11.76   		   		
14333   			11.71   		   		
14339   			11.25   		   		
14345   			11.53   		   		
14350   			10.93   		   		
14356   			11.27   		   		
14362   			12.36   		   		
14368   			12.01   		   		
14373   			11.84   		   		
14379   			11.76   		   		
14385   			11.99   		   		
14390   			11.71   		   		
14396   			11.94   		   		
14402   			11.31   		   		
14408   			11.71   		   		
14413   			12.74   		   		
14419   			11.99   		   		
14425   			11.48   		   		
14431   			11.59   		   		
14436   			11.63   		   		
14442   			11.97   		   		
14448   			11.40   		   		
14453   			11.06   		   		
14459   			11.51   		   		
14465   			11.71   		   		
14471   			11.25   		   		
14476   			11.02   		   		
14482   			11.19   		   		
14488   			10.96   		   		
14494   			11.67   		   		
14499   			10.81   		   		
14505   			10.87   		   		
14511   			10.64   		   		
14516   			11.44   		   		
14522   			11.02   		   		
14528   			11.08   		   		
14534   			10.33   		   		
14539   			10.68   		   		
14545   			11.99   		   		
14551   			11.16   		   		
14557   			11.84   		   		
14562   			11.90   		   		
14568   			11.21   		   		
14574   			11.96   		   		
14579   			11.38   		   		
14585   			11.84   		   		
14591   			12.58   		   		
14597   			11.84   		   		
14602   			12.13   		   		
14608   			12.58   		   		
14614   			13.27   		   		
14620   			12.76   		   		
14625   			12.70   		   		
14631   			12.58   		   		
14637   			12.13   		   		
14642   			12.18   		   		
14648   			12.13   		   		
14654   			11.73   		   		
14660   			12.18   		   		
14665   			12.07   		   		
14671   			12.24   		   		
14677   			12.13   		   		
14683   			12.01   		   		
14688   			12.07   		   		
14694   			11.84   		   		
14700   			12.30   		   		
14705   			12.70   		   		
14711   			12.47   		   		
14717   			12.36   		   		
14723   			12.18   		   		
14728   			12.18   		   		
14734   			12.41   		   		
14740   			11.16   		   		
14746   			11.84   		   		
14751   			11.53   		   		
14757   			11.08   		   		
14763   			11.71   		   		
14768   			10.79   		   		
14774   			11.76   		   		
14780   			11.71   		   		
14786   			11.94   		   		
14791   			10.91   		   		
14797   			11.82   		   		
14803   			11.48   		   		
14809   			10.85   		   		
14814   			11.19   		   		
14820   			11.08   		   		
14826   			11.02   		   		
14831   			12.05   		   		
14837   			11.46   		   		
14843   			11.12   		   		
14849   			11.41   		   		
14854   			10.49   		   		
14860   			11.00   		   		
14866   			8.90   		   		
14871   			11.08   		   		
14877   			11.19   		   		
14883   			12.22   		   		
14889   			11.19   		   		
14894   			11.21   		   		
14900   			11.50   		   		
14906   			11.21   		   		
14912   			10.47   		   		
14917   			10.24   		   		
14923   			10.56   		   		
14929   			9.87   		   		
14934   			11.94   		   		
14940   			11.88   		   		
14946   			11.82   		   		
14952   			11.56   		   		
14957   			11.10   		   		
14963   			10.81   		   		
14969   			10.81   		   		
14975   			11.50   		   		
14980   			11.19   		   		
14986   			11.53   		   		
14992   			8.90   		   		
14997   			10.45   		   		
15003   			10.50   		   		
15009   			11.31   		   		
15015   			10.91   		   		
15020   			11.48   		   		
15026   			11.59   		   		
15032   			11.53   		   		
15038   			11.04   		   		
15043   			10.58   		   		
15049   			10.35   		   		
15055   			11.21   		   		
15060   			11.27   		   		
15066   			11.45   		   		
15072   			11.22   		   		
15078   			11.10   		   		
15083   			10.87   		   		
15089   			11.39   		   		
15095   			11.16   		   		
15101   			11.84   		   		
15106   			11.44   		   		
15112   			11.90   		   		
15118   			11.67   		   		
15123   			11.53   		   		
15129   			10.96   		   		
15135   			11.36   		   		
15141   			11.31   		   		
15146   			11.71   		   		
15152   			11.48   		   		
15158   			11.42   		   		
15164   			10.91   		   		
15169   			11.36   		   		
15175   			11.42   		   		
15181   			11.02   		   		
15186   			10.50   		   		
15192   			10.50   		   		
15198   			10.62   		   		
15204   			10.45   		   		
15209   			10.93   		   		
15215   			10.30   		   		
15221   			11.50   		   		
15227   			11.04   		   		
15232   			11.33   		   		
15238   			12.11   		   		
15244   			11.25   		   		
15249   			10.28   		   		
15255   			11.13   		   		
15261   			11.99   		   		
15267   			11.94   		   		
15272   			11.13   		   		
15278   			11.25   		   		
15284   			11.99   		   		
15290   			11.99   		   		
15295   			12.01   		   		
15301   			11.56   		   		
15307   			12.64   		   		
15312   			12.41   		   		
15318   			11.96   		   		
15324   			11.27   		   		
15330   			11.96   		   		
15335   			12.18   		   		
15341   			11.04   		   		
15347   			12.13   		   		
15353   			12.30   		   		
15358   			12.36   		   		
15364   			12.07   		   		
15370   			11.96   		   		
15375   			11.96   		   		
15381   			12.56   		   		
15387   			11.99   		   		
15393   			11.76   		   		
15398   			12.05   		   		
15404   			11.48   		   		
15410   			12.05   		   		
15416   			12.45   		   		
15421   			11.59   		   		
15427   			10.96   		   		
15433   			12.34   		   		
15438   			11.59   		   		
15444   			11.65   		   		
15450   			11.31   		   		
15456   			11.25   		   		
15461   			10.91   		   		
15467   			11.76   		   		
15473   			9.93   		   		
15478   			11.53   		   		
15484   			12.68   		   		
15490   			11.99   		   		
15496   			11.76   		   		
15501   			11.42   		   		
15507   			11.36   		   		
15513   			11.71   		   		
15519   			12.62   		   		
15524   			12.30   		   		
15530   			11.27   		   		
15536   			10.53   		   		
15541   			11.38   		   		
15547   			11.96   		   		
15553   			11.56   		   		
15559   			12.01   		   		
15564   			11.38   		   		
15570   			11.78   		   		
15576   			11.27   		   		
15582   			11.74   		   		
15587   			11.06   		   		
15593   			11.51   		   		
15599   			11.51   		   		
15604   			11.17   		   		
15610   			11.19   		   		
15616   			11.36   		   		
15622   			11.25   		   		
15627   			10.10   		   		
15633   			10.91   		   		
15639   			11.04   		   		
15645   			12.01   		   		
15650   			11.38   		   		
15656   			11.56   		   		
15662   			11.90   		   		
15667   			12.53   		   		
15673   			11.73   		   		
15679   			11.10   		   		
15685   			11.50   		   		
15690   			12.01   		   		
15696   			12.51   		   		
15702   			11.99   		   		
15708   			11.99   		   		
15713   			11.59   		   		
15719   			11.25   		   		
15725   			11.61   		   		
15730   			11.84   		   		
15736   			11.33   		   		
15742   			11.38   		   		
15748   			12.01   		   		
15753   			11.25   		   		
15759   			11.53   		   		
15765   			12.34   		   		
15771   			11.02   		   		
15776   			11.71   		   		
15782   			12.22   		   		
15788   			12.74   		   		
15793   			11.99   		   		
15799   			12.45   		   		
15805   			11.65   		   		
15811   			11.78   		   		
15816   			11.50   		   		
15822   			11.16   		   		
15828   			11.44   		   		
15834   			12.01   		   		
15839   			12.24   		   		
15845   			11.90   		   		
15851   			12.36   		   		
15856   			11.90   		   		
15862   			12.18   		   		
15868   			11.71   		   		
15874   			11.82   		   		
15879   			11.99   		   		
15885   			11.99   		   		
15891   			11.19   		   		
15897   			12.05   		   		
15902   			13.02   		   		
15908   			11.94   		   		
15914   			11.53   		   		
15919   			11.13   		   		
15925   			10.64   		   		
15931   			11.38   		   		
15937   			11.96   		   		
15942   			12.13   		   		
15948   			12.01   		   		
15954   			11.13   		   		
15960   			11.48   		   		
15965   			11.65   		   		
15971   			12.68   		   		
15977   			11.88   		   		
15982   			12.24   		   		
15988   			12.01   		   		
15994   			12.41   		   		
16000   			12.47   		   		
16005   			12.07   		   		
16011   			12.22   		   		
16017   			12.05   		   		
16022   			12.39   		   		
16028   			12.05   		   		
16034   			11.42   		   		
16040   			12.36   		   		
16045   			12.07   		   		
16051   			11.96   		   		
16057   			10.93   		   		
16063   			11.78   		   		
16068   			11.78   		   		
16074   			12.01   		   		
16080   			10.58   		   		
16085   			12.07   		   		
16091   			11.90   		   		
16097   			11.82   		   		
16103   			12.05   		   		
16108   			12.34   		   		
16114   			12.05   		   		
16120   			12.05   		   		
16126   			12.53   		   		
16131   			12.81   		   		
16137   			12.30   		   		
16143   			11.78   		   		
16148   			13.16   		   		
16154   			12.41   		   		
16160   			12.18   		   		
16166   			11.96   		   		
16171   			11.84   		   		
16177   			10.93   		   		
16183   			11.16   		   		
16189   			11.96   		   		
16194   			10.93   		   		
16200   			11.61   		   		
16206   			11.16   		   		
16211   			11.44   		   		
16217   			11.84   		   		
16223   			11.78   		   		
16229   			11.33   		   		
16234   			11.44   		   		
16240   			11.25   		   		
16246   			11.65   		   		
16252   			11.53   		   		
16257   			11.82   		   		
16263   			11.59   		   		
16269   			11.08   		   		
16274   			11.88   		   		
16280   			11.42   		   		
16286   			11.65   		   		
16292   			11.25   		   		
16297   			12.36   		   		
16303   			11.61   		   		
16309   			11.67   		   		
16315   			11.44   		   		
16320   			11.38   		   		
16326   			10.98   		   		
16332   			11.04   		   		
16337   			10.30   		   		
16343   			11.21   		   		
16349   			11.56   		   		
16355   			10.85   		   		
16360   			11.36   		   		
16366   			10.68   		   		
16372   			10.68   		   		
16378   			11.31   		   		
16383   			11.36   		   		
16389   			11.48   		   		
16395   			10.16   		   		
16400   			11.02   		   		
16406   			12.11   		   		
16412   			10.48   		   		
16418   			11.80   		   		
16423   			11.86   		   		
16429   			11.29   		   		
16435   			11.34   		   		
16441   			11.19   		   		
16446   			11.02   		   		
16452   			11.08   		   		
16458   			11.65   		   		
16463   			10.39   		   		
16469   			10.56   		   		
16475   			10.56   		   		
16481   			10.56   		   		
16486   			11.42   		   		
16492   			10.68   		   		
16498   			10.98   		   		
16504   			10.47   		   		
16509   			11.16   		   		
16515   			9.55   		   		
16521   			10.24   		   		
16526   			10.70   		   		
16532   			11.50   		   		
16538   			10.87   		   		
16544   			10.58   		   		
16549   			9.95   		   		
16555   			9.90   		   		
16561   			10.58   		   		
16566   			10.12   		   		
16572   			10.81   		   		
16578   			10.81   		   		
16584   			9.84   		   		
16589   			9.61   		   		
16595   			9.26   		   		
16601   			10.01   		   		
16607   			9.72   		   		
16612   			9.59   		   		
16618   			9.13   		   		
16624   			9.13   		   		
16630   			9.07   		   		
16635   			10.05   		   		
16641   			9.55   		   		
16647   			8.35   		   		
16652   			8.17   		   		
16658   			8.00   		   		
16664   			7.37   		   		
16670   			8.50   		   		
16675   			7.75   		   		
16681   			8.38   		   		
16687   			6.03   		   		
16692   			7.98   		   		
16698   			7.87   		   		
16704   			8.27   		   		
16710   			7.81   		   		
16715   			7.12   		   		
16721   			7.29   		   		
16727   			6.74   		   		
16733   			7.43   		   		
16738   			7.83   		   		
16744   			7.26   		   		
16750   			6.91   		   		
16755   			7.69   		   		
16761   			6.77   		   		
16767   			6.31   		   		
16773   			5.97   		   		
16778   			6.31   		   		
16784   			6.47   		   		
16790   			5.84   		   		
16796   			5.67   		   		
16801   			5.15   		   		
16807   			6.82   		   		
16813   			6.28   		   		
16818   			6.57   		   		
16824   			5.01   		   		
16830   			5.88   		   		
16836   			5.99   		   		
16841   			4.88   		   		
16847   			6.20   		   		
16853   			5.45   		   		
16859   			5.45   		   		
16864   			5.34   		   		
16870   			6.07   		   		
16876   			5.95   		   		
16881   			5.15   		   		
16887   			5.44   		   		
16893   			4.28   		   		
16899   			5.91   		   		
16904   			5.51   		   		
16910   			5.28   		   		
16916   			5.16   		   		
16922   			4.70   		   		
16927   			5.11   		   		
16933   			4.93   		   		
16939   			4.70   		   		
16944   			4.18   		   		
16950   			4.36   		   		
16956   			4.76   		   		
16962   			4.93   		   		
16967   			4.47   		   		
16973   			4.70   		   		
16979   			4.47   		   		
16985   			4.78   		   		
16990   			5.41   		   		
16996   			3.69   		   		
17002   			4.61   		   		
17007   			4.44   		   		
17013   			3.74   		   		
17019   			3.92   		   		
17025   			3.97   		   		
17030   			4.61   		   		
17036   			4.20   		   		
17042   			4.26   		   		
17048   			4.26   		   		
17053   			4.78   		   		
17059   			4.55   		   		
17065   			3.80   		   		
17070   			3.72   		   		
17076   			4.07   		   		
17082   			2.63   		   		
17088   			3.14   		   		
17093   			3.26   		   		
17099   			4.15   		   		
17105   			5.13   		   		
17111   			4.32   		   		
17116   			4.78   		   		
17122   			4.44   		   		
17128   			5.11   		   		
17133   			4.41   		   		
17139   			3.84   		   		
17145   			4.30   		   		
17151   			3.95   		   		
17156   			3.72   		   		
17162   			4.01   		   		
17168   			4.07   		   		
17174   			4.36   		   		
17179   			3.89   		   		
17185   			3.30   		   		
17191   			3.88   		   		
17196   			2.78   		   		
17202   			3.07   		   		
17208   			2.38   		   		
17214   			2.88   		   		
17219   			3.22   		   		
17225   			2.01   		   		
17231   			1.43   		   		
17236   			2.82   		   		
17242   			2.84   		   		
17248   			2.43   		   		
17254   			2.14   		   		
17259   			2.26   		   		
17265   			1.56   		   		
17271   			1.58   		   		
17277   			1.93   		   		
17282   			2.34   		   		
17288   			2.39   		   		
17294   			1.01   		   		
17299   			2.13   		   		
17305   			2.41   		   		
17311   			2.59   		   		
17317   			2.47   		   		
17322   			2.59   		   		
17328   			3.57   		   		
17334   			3.63   		   		
17340   			3.34   		   		
17345   			2.59   		   		
17351   			2.30   		   		
17357   			0.62   		   		
17362   			2.13   		   		
17368   			2.13   		   		
17374   			2.07   		   		
17380   			2.18   		   		
17385   			2.01   		   		
17391   			2.01   		   		
17397   			2.18   		   		
17403   			2.24   		   		
17408   			2.36   		   		
17414   			2.41   		   		
17420   			1.14   		   		
17425   			2.07   		   		
17431   			2.24   		   		
17437   			1.95   		   		
17443   			2.57   		   		
17448   			2.80   		   		
17454   			1.41   		   		
17460   			1.12   		   		
17466   			1.47   		   		
17471   			2.13   		   		
17477   			0.74   		   		
17483   			1.66   		   		
17488   			1.26   		   		
17494   			1.78   		   		
17500   			1.30   		   		
17506   			1.53   		   		
17511   			1.99   		   		
17517   			1.58   		   		
17523   			0.20   		   		
17529   			1.66   		   		
17534   			1.14   		   		
17540   			0.97   		   		
17546   			0.62   		   		
17551   			1.37   		   		
17557   			0.82   		   		
17563   			0.30   		   		
17569   			0.58   		   		
17574   			0.47   		   		
17580   			0.64   		   		
17586   			0.89   		   		
17592   			0.43   		   		
17597   			0.20   		   		
17603   			0.14   		   		
17609   			0.20   		   		
17614   			0.56   		   		
17620   			0.10   		   		
17626   			-0.02   		   		
17632   			1.26   		   		
17637   			0.80   		   		
17643   			0.27   		   		
17649   			0.97   		   		
17655   			1.08   		   		
17660   			2.47   		   		
17666   			1.08   		   		
17672   			0.91   		   		
17677   			0.62   		   		
17683   			2.07   		   		
17689   			1.78   		   		
17695   			1.32   		   		
17700   			2.18   		   		
17706   			1.95   		   		
17712   			1.84   		   		
17718   			1.89   		   		
17723   			1.72   		   		
17729   			0.97   		   		
17735   			2.47   		   		
17740   			2.76   		   		
17746   			1.14   		   		
17752   			1.20   		   		
17758   			1.20   		   		
17763   			1.14   		   		
17769   			1.72   		   		
17775   			1.14   		   		
17780   			1.08   		   		
17786   			0.43   		   		
17792   			0.54   		   		
17798   			0.60   		   		
17803   			0.95   		   		
17809   			0.37   		   		
17815   			1.35   		   		
17821   			-0.04   		   		
17826   			0.95   		   		
17832   			1.82   		   		
17838   			-0.91   		   		
17843   			0.68   		   		
17849   			1.37   		   		
17855   			1.32   		   		
17861   			0.80   		   		
17866   			1.14   		   		
17872   			0.80   		   		
17878   			0.74   		   		
17884   			0.80   		   		
17889   			0.74   		   		
17895   			0.33   		   		
17901   			-0.59   		   		
17906   			1.20   		   		
17912   			1.26   		   		
17918   			1.32   		   		
17924   			0.85   		   		
17929   			0.91   		   		
17935   			2.65   		   		
17941   			1.26   		   		
17947   			-0.94   		   		
17952   			0.45   		   		
17958   			0.93   		   		
17964   			0.06   		   		
17969   			0.70   		   		
17975   			0.53   		   		
17981   			1.28   		   		
17987   			1.58   		   		
17992   			1.82   		   		
17998   			2.28   		   		
18004   			1.06   		   		
18010   			0.54   		   		
18015   			1.43   		   		
18021   			1.32   		   		
18027   			-0.48   		   		
18032   			0.68   		   		
18038   			1.03   		   		
18044   			1.41   		   		
18050   			1.58   		   		
18055   			1.53   		   		
18061   			1.87   		   		
18067   			1.01   		   		
18073   			0.91   		   		
18078   			0.97   		   		
18084   			-0.02   		   		
18090   			0.39   		   		
18095   			1.78   		   		
18101   			0.72   		   		
18107   			0.37   		   		
18113   			1.01   		   		
18118   			-0.62   		   		
18124   			-0.21   		   		
18130   			0.43   		   		
18136   			1.06   		   		
18141   			1.30   		   		
18147   			0.43   		   		
18153   			1.06   		   		
18158   			1.32   		   		
18164   			1.55   		   		
18170   			0.56   		   		
18176   			0.33   		   		
18181   			1.66   		   		
18187   			0.43   		   		
18193   			1.18   		   		
18199   			1.35   		   		
18204   			1.12   		   		
18210   			1.30   		   		
18216   			1.55   		   		
18221   			1.43   		   		
18227   			0.62   		   		
18233   			0.80   		   		
18239   			1.08   		   		
18244   			0.89   		   		
18250   			0.72   		   		
18256   			1.53   		   		
18262   			0.66   		   		
18267   			1.24   		   		
18273   			0.54   		   		
18279   			0.54   		   		
18284   			0.31   		   		
18290   			0.08   		   		
18296   			1.01   		   		
18302   			0.85   		   		
18307   			1.03   		   		
18313   			1.14   		   		
18319   			0.22   		   		
18325   			0.56   		   		
18330   			0.62   		   		
18336   			0.45   		   		
18342   			0.68   		   		
18347   			0.97   		   		
18353   			0.68   		   		
18359   			0.16   		   		
18365   			0.39   		   		
18370   			1.20   		   		
18376   			0.85   		   		
18382   			-0.07   		   		
18388   			0.29   		   		
18393   			-0.35   		   		
18399   			-0.75   		   		
18405   			-0.46   		   		
18410   			0.70   		   		
18416   			0.39   		   		
18422   			0.68   		   		
18428   			-0.30   		   		
18433   			0.51   		   		
18439   			0.33   		   		
18445   			1.06   		   		
18450   			0.37   		   		
18456   			-0.15   		   		
18462   			0.14   		   		
18468   			-0.04   		   		
18473   			0.49   		   		
18479   			0.37   		   		
18485   			0.14   		   		
18491   			1.18   		   		
18496   			1.06   		   		
18502   			1.95   		   		
18508   			-0.71   		   		
18513   			0.62   		   		
18519   			1.14   		   		
18525   			0.91   		   		
18531   			0.39   		   		
18536   			-0.02   		   		
18542   			1.26   		   		
18548   			0.97   		   		
18554   			0.16   		   		
18559   			1.28   		   		
18565   			0.99   		   		
18571   			-0.52   		   		
18576   			0.93   		   		
18582   			1.40   		   		
18588   			0.68   		   		
18594   			0.91   		   		
18599   			0.27   		   		
18605   			-1.00   		   		
18611   			0.33   		   		
18617   			-0.25   		   		
18622   			-0.83   		   		
18628   			0.27   		   		
18634   			-1.23   		   		
18639   			0.22   		   		
18645   			-0.38   		   		
18651   			-0.33   		   		
18657   			-0.21   		   		
18662   			-0.38   		   		
18668   			0.02   		   		
18674   			-0.36   		   		
18680   			-1.23   		   		
18685   			0.33   		   		
18691   			-0.59   		   		
18697   			-3.21   		   		
18702   			-0.21   		   		
18708   			0.31   		   		
18714   			-0.09   		   		
18720   			0.14   		   		
18725   			0.77   		   		
18731   			0.41   		   		
18737   			-0.23   		   		
18743   			0.93   		   		
18748   			0.30   		   		
18754   			0.41   		   		
18760   			-1.14   		   		
18765   			1.12   		   		
18771   			0.60   		   		
18777   			0.72   		   		
18783   			1.01   		   		
18788   			0.27   		   		
18794   			1.20   		   		
18800   			0.16   		   		
18806   			-0.36   		   		
18811   			0.56   		   		
18817   			0.33   		   		
18823   			-1.17   		   		
18828   			1.14   		   		
18834   			1.37   		   		
18840   			0.97   		   		
18846   			1.01   		   		
18851   			0.60   		   		
18857   			0.14   		   		
18863   			0.60   		   		
18869   			1.41   		   		
18874   			1.14   		   		
18880   			1.37   		   		
18886   			-0.42   		   		
18891   			1.78   		   		
18897   			1.49   		   		
18903   			0.83   		   		
18909   			0.54   		   		
18914   			1.01   		   		
18920   			0.89   		   		
18926   			0.60   		   		
18932   			0.54   		   		
18937   			-0.09   		   		
18943   			0.37   		   		
18949   			-0.38   		   		
18954   			1.53   		   		
18960   			1.24   		   		
18966   			0.49   		   		
18972   			1.01   		   		
18977   			1.70   		   		
18983   			1.06   		   		
18989   			1.06   		   		
18995   			1.30   		   		
19000   			0.49   		   		
19006   			1.35   		   		
19012   			0.25   		   		
19017   			1.01   		   		
19023   			0.89   		   		
19029   			0.60   		   		
19035   			0.89   		   		
19040   			1.18   		   		
19046   			0.97   		   		
19052   			1.37   		   		
19058   			1.72   		   		
19063   			1.72   		   		
19069   			1.03   		   		
19075   			1.70   		   		
19080   			2.10   		   		
19086   			1.35   		   		
19092   			0.72   		   		
19098   			0.02   		   		
19103   			1.18   		   		
19109   			1.70   		   		
19115   			0.37   		   		
19121   			0.08   		   		
19126   			0.89   		   		
19132   			0.97   		   		
19138   			1.32   		   		
19143   			1.78   		   		
19149   			0.62   		   		
19155   			0.62   		   		
19161   			0.70   		   		
19166   			0.58   		   		
19172   			1.27   		   		
19178   			0.41   		   		
19184   			0.70   		   		
19189   			0.91   		   		
19195   			1.55   		   		
19201   			0.56   		   		
19206   			0.68   		   		
19212   			0.04   		   		
19218   			0.04   		   		
19224   			0.51   		   		
19229   			-0.30   		   		
19235   			-0.42   		   		
19241   			-0.25   		   		
19247   			0.20   		   		
19252   			0.83   		   		
19258   			0.54   		   		
19264   			-0.09   		   		
19269   			0.02   		   		
19275   			1.35   		   		
19281   			0.37   		   		
19287   			0.89   		   		
19292   			0.25   		   		
19298   			0.20   		   		
19304   			-0.04   		   		
19310   			-0.33   		   		
19315   			0.31   		   		
19321   			0.08   		   		
19327   			-0.15   		   		
19332   			0.08   		   		
19338   			-0.27   		   		
19344   			-0.21   		   		
19350   			0.60   		   		
19355   			-0.27   		   		
19361   			-0.06   		   		
19367   			-0.29   		   		
19373   			-0.29   		   		
19378   			1.10   		   		
19384   			0.41   		   		
19390   			1.16   		   		
19395   			1.34   		   		
19401   			0.76   		   		
19407   			0.93   		   		
19413   			1.05   		   		
19418   			0.66   		   		
19424   			0.89   		   		
19430   			-1.60   		   		
19435   			0.72   		   		
19441   			1.24   		   		
19447   			0.77   		   		
19453   			1.64   		   		
19458   			0.37   		   		
19464   			0.83   		   		
19470   			-0.21   		   		
19476   			0.27   		   		
19481   			0.10   		   		
19487   			0.16   		   		
19493   			-1.58   		   		
19498   			-0.13   		   		
19504   			0.62   		   		
19510   			-0.30   		   		
19516   			0.68   		   		
19521   			1.32   		   		
19527   			0.51   		   		
19533   			0.49   		   		
19539   			-0.27   		   		
19544   			-0.62   		   		
19550   			-0.67   		   		
19556   			-1.25   		   		
19561   			-0.65   		   		
19567   			-0.19   		   		
19573   			-0.02   		   		
19579   			-0.25   		   		
19584   			0.10   		   		
19590   			0.20   		   		
19596   			0.08   		   		
19602   			0.60   		   		
19607   			1.30   		   		
19613   			0.08   		   		
19619   			0.20   		   		
19624   			0.49   		   		
19630   			0.49   		   		
19636   			1.35   		   		
19642   			1.01   		   		
19647   			1.12   		   		
19653   			1.24   		   		
19659   			2.05   		   		
19665   			1.76   		   		
19670   			1.47   		   		
19676   			1.26   		   		
19682   			-1.58   		   		
19687   			0.27   		   		
19693   			0.22   		   		
19699   			0.80   		   		
19705   			0.17   		   		
19710   			0.00   		   		
19716   			1.27   		   		
19722   			0.17   		   		
19728   			0.81   		   		
19733   			0.81   		   		
19739   			0.06   		   		
19745   			-1.62   		   		
19750   			0.17   		   		
19756   			0.75   		   		
19762   			1.24   		   		
19768   			0.83   		   		
19773   			0.08   		   		
19779   			0.54   		   		
19785   			-0.67   		   		
19791   			0.43   		   		
19796   			0.60   		   		
19802   			0.37   		   		
19808   			-1.83   		   		
19813   			0.66   		   		
19819   			-0.56   		   		
19825   			-0.33   		   		
19831   			-1.08   		   		
19836   			-0.38   		   		
19842   			-0.04   		   		
19848   			0.49   		   		
19854   			0.02   		   		
19859   			0.02   		   		
19865   			0.89   		   		
19871   			-2.24   		   		
19876   			0.45   		   		
19882   			0.45   		   		
19888   			0.51   		   		
19894   			0.27   		   		
19899   			0.45   		   		
19905   			0.70   		   		
19911   			0.53   		   		
19917   			0.35   		   		
19922   			-0.28   		   		
19928   			0.76   		   		
19934   			-1.49   		   		
19939   			0.20   		   		
19945   			0.25   		   		
19951   			-0.04   		   		
19957   			-0.62   		   		
19962   			-0.48   		   		
19968   			-0.36   		   		
19974   			0.10   		   		
19980   			0.33   		   		
19985   			0.74   		   		
19991   			0.49   		   		
19997   			-0.09   		   		
20002   			-0.27   		   		
20008   			-0.33   		   		
20014   			0.02   		   		
20020   			-0.44   		   		
20025   			0.83   		   		
20031   			0.43   		   		
20037   			0.08   		   		
20043   			0.02   		   		
20048   			0.54   		   		
20054   			0.25   		   		
20060   			-0.62   		   		
20065   			-0.38   		   		
20071   			-0.15   		   		
20077   			0.68   		   		
20083   			-0.07   		   		
20088   			-0.59   		   		
20094   			0.80   		   		
20100   			-0.48   		   		
20106   			-0.25   		   		
20111   			0.39   		   		
20117   			-0.25   		   		
20123   			0.16   		   		
20128   			-0.30   		   		
20134   			0.01   		   		
20140   			-0.28   		   		
20146   			0.06   		   		
20151   			0.30   		   		
20157   			-0.28   		   		
20163   			0.20   		   		
20169   			-0.04   		   		
20174   			0.02   		   		
20180   			0.49   		   		
20186   			0.08   		   		
20191   			0.02   		   		
20197   			-0.33   		   		
20203   			-0.62   		   		
20209   			-0.96   		   		
20214   			-0.44   		   		
20220   			-0.36   		   		
20226   			0.80   		   		
20232   			0.45   		   		
20237   			0.74   		   		
20243   			-0.13   		   		
20249   			0.20   		   		
20254   			0.72   		   		
20260   			0.49   		   		
20266   			0.02   		   		
20272   			0.60   		   		
20277   			-0.09   		   		
20283   			1.18   		   		
20289   			-0.04   		   		
20295   			0.20   		   		
20300   			0.31   		   		
20306   			0.25   		   		
20312   			-0.50   		   		
20317   			0.14   		   		
20323   			1.01   		   		
20329   			1.06   		   		
20335   			0.02   		   		
20340   			-0.27   		   		
20346   			-1.08   		   		
20352   			-1.14   		   		
20358   			-0.79   		   		
20363   			-0.07   		   		
20369   			0.16   		   		
20375   			0.56   		   		
20380   			0.45   		   		
20386   			-0.02   		   		
20392   			0.14   		   		
20398   			-0.21   		   		
20403   			0.37   		   		
20409   			0.89   		   		
20415   			-0.04   		   		
20421   			0.72   		   		
20426   			0.77   		   		
20432   			-0.44   		   		
20438   			0.83   		   		
20443   			0.14   		   		
20449   			0.80   		   		
20455   			0.39   		   		
20461   			-0.36   		   		
20466   			0.04   		   		
20472   			0.16   		   		
20478   			0.04   		   		
20484   			-0.25   		   		
20489   			-0.83   		   		
20495   			-0.48   		   		
20501   			0.51   		   		
20506   			0.46   		   		
20512   			0.81   		   		
20518   			0.46   		   		
20524   			0.35   		   		
20529   			1.10   		   		
20535   			1.58   		   		
20541   			1.30   		   		
20547   			1.99   		   		
20552   			1.18   		   		
20558   			0.49   		   		
20564   			0.29   		   		
20569   			-0.12   		   		
20575   			0.00   		   		
20581   			-1.16   		   		
20587   			-0.35   		   		
20592   			-0.02   		   		
20598   			0.56   		   		
20604   			0.85   		   		
20610   			0.91   		   		
20615   			0.80   		   		
20621   			-0.02   		   		
20627   			-0.30   		   		
20632   			0.16   		   		
20638   			0.62   		   		
20644   			0.16   		   		
20650   			0.20   		   		
20655   			0.25   		   		
20661   			0.43   		   		
20667   			0.83   		   		
20672   			0.72   		   		
20678   			0.56   		   		
20684   			0.62   		   		
20690   			1.20   		   		
20695   			0.51   		   		
20701   			1.14   		   		
20707   			0.54   		   		
20713   			1.12   		   		
20718   			0.31   		   		
20724   			-0.44   		   		
20730   			-0.91   		   		
20735   			0.77   		   		
20741   			0.95   		   		
20747   			0.72   		   		
20753   			0.89   		   		
20758   			-0.04   		   		
20764   			1.01   		   		
20770   			0.25   		   		
20776   			0.72   		   		
20781   			0.89   		   		
20787   			1.41   		   		
20793   			-0.44   		   		
20798   			-0.33   		   		
20804   			-0.15   		   		
20810   			0.25   		   		
20816   			-0.04   		   		
20821   			0.04   		   		
20827   			-0.30   		   		
20833   			0.04   		   		
20839   			0.27   		   		
20844   			0.80   		   		
20850   			0.04   		   		
20856   			1.14   		   		
20861   			1.08   		   		
20867   			0.62   		   		
20873   			1.84   		   		
20879   			0.04   		   		
20884   			1.03   		   		
20890   			0.51   		   		
20896   			1.20   		   		
20902   			0.74   		   		
20907   			1.63   		   		
20913   			0.70   		   		
20919   			0.18   		   		
20924   			1.40   		   		
20930   			0.99   		   		
20936   			0.29   		   		
20942   			0.58   		   		
20947   			0.46   		   		
20953   			1.45   		   		
20959   			1.22   		   		
20965   			-0.09   		   		
20970   			1.24   		   		
20976   			0.83   		   		
20982   			1.12   		   		
20987   			0.66   		   		
20993   			0.54   		   		
20999   			-0.09   		   		
21005   			0.49   		   		
21010   			-0.04   		   		
21016   			0.14   		   		
21022   			0.14   		   		
21028   			0.20   		   		
21033   			0.25   		   		
21039   			-0.38   		   		
21045   			-0.79   		   		
21050   			0.00   		   		
21056   			-0.40   		   		
21062   			0.06   		   		
21068   			0.41   		   		
21073   			0.06   		   		
21079   			0.37   		   		
21085   			-0.38   		   		
21091   			0.25   		   		
21096   			-0.15   		   		
21102   			0.37   		   		
21108   			1.01   		   		
21113   			1.01   		   		
21119   			0.95   		   		
21125   			0.60   		   		
21131   			0.14   		   		
21136   			0.22   		   		
21142   			0.51   		   		
21148   			-0.42   		   		
21153   			1.14   		   		
21159   			1.32   		   		
21165   			0.80   		   		
21171   			0.85   		   		
21176   			-0.02   		   		
21182   			-0.30   		   		
21188   			0.10   		   		
21194   			-0.35   		   		
21199   			0.00   		   		
21205   			-0.40   		   		
21211   			-1.51   		   		
21216   			0.29   		   		
21222   			-0.09   		   		
21228   			-0.21   		   		
21234   			-1.37   		   		
21239   			-1.08   		   		
21245   			-0.15   		   		
21251   			-0.59   		   		
21257   			-1.06   		   		
21262   			-0.83   		   		
21268   			-0.77   		   		
21274   			-2.22   		   		
21279   			-0.50   		   		
21285   			-0.15   		   		
21291   			0.08   		   		
21297   			0.14   		   		
21302   			-1.08   		   		
21308   			-0.50   		   		
21314   			-0.62   		   		
21320   			-0.62   		   		
21325   			-1.25   		   		
21331   			-1.02   		   		
21337   			-2.97   		   		
21342   			-1.17   		   		
21348   			-0.59   		   		
21354   			-1.35   		   		
21360   			-0.77   		   		
21365   			-1.27   		   		
21371   			-0.81   		   		
21377   			-1.39   		   		
21383   			0.00   		   		
21388   			-0.75   		   		
21394   			-1.08   		   		
21400   			-2.24   		   		
21405   			-0.04   		   		
21411   			-0.44   		   		
21417   			-0.21   		   		
21423   			-0.52   		   		
21428   			-0.69   		   		
21434   			-0.69   		   		
21440   			0.00   		   		
21446   			-0.12   		   		
21451   			0.39   		   		
21457   			-0.02   		   		
21463   			-0.02   		   		
21468   			0.33   		   		
21474   			0.56   		   		
21480   			-0.36   		   		
21486   			-0.30   		   		
21491   			0.10   		   		
21497   			-0.77   		   		
21503   			0.22   		   		
21509   			0.72   		   		
21514   			0.20   		   		
21520   			-0.15   		   		
21526   			-1.54   		   		
21531   			0.08   		   		
21537   			-0.67   		   		
21543   			-0.27   		   		
21549   			-0.04   		   		
21554   			-0.56   		   		
21560   			-0.85   		   		
21566   			0.04   		   		
21572   			0.45   		   		
21577   			-0.02   		   		
21583   			-0.54   		   		
21589   			-0.19   		   		
21594   			-0.59   		   		
21600   			-0.02   		   		
21606   			-0.19   		   		
21612   			-0.30   		   		
21617   			-0.54   		   		
21623   			-0.79   		   		
21629   			0.72   		   		
21635   			0.02   		   		
21640   			0.89   		   		
21646   			0.31   		   		
21652   			0.56   		   		
21657   			0.33   		   		
21663   			-0.48   		   		
21669   			0.45   		   		
21675   			0.39   		   		
21680   			-0.50   		   		
21686   			0.08   		   		
21692   			0.43   		   		
21698   			-0.56   		   		
21703   			0.54   		   		
21709   			0.14   		   		
21715   			0.60   		   		
21720   			-0.33   		   		
21726   			-0.50   		   		
21732   			-0.73   		   		
21738   			-0.33   		   		
21743   			1.06   		   		
21749   			-0.15   		   		
21755   			-0.33   		   		
21761   			0.08   		   		
21766   			-1.44   		   		
21772   			-1.15   		   		
21778   			-0.81   		   		
21783   			-1.44   		   		
21789   			-0.92   		   		
21795   			-1.43   		   		
21801   			-0.15   		   		
21806   			-0.73   		   		
21812   			-2.12   		   		
21818   			-1.08   		   		
21824   			-1.12   		   		
21829   			-1.64   		   		
21835   			-1.58   		   		
21841   			-0.71   		   		
21846   			-0.42   		   		
21852   			-0.88   		   		
21858   			-0.54   		   		
21864   			-0.94   		   		
21869   			-0.88   		   		
21875   			-0.71   		   		
21881   			-0.12   		   		
21887   			-0.40   		   		
21892   			-0.06   		   		
21898   			-0.75   		   		
21904   			-0.12   		   		
21909   			-0.40   		   		
21915   			-0.06   		   		
21921   			-0.64   		   		
21927   			0.35   		   		
21932   			-0.75   		   		
21938   			-0.96   		   		
21944   			-1.20   		   		
21950   			-1.49   		   		
21955   			-0.73   		   		
21961   			-1.25   		   		
21967   			-0.86   		   		
