Timestamp		Force Z		Comments
0   			0.32   		   		
6   			0.07   		   		
11   			-0.05   		   		
17   			0.07   		   		
23   			-0.46   		   		
28   			0.24   		   		
34   			0.80   		   		
40   			-0.01   		   		
46   			0.34   		   		
51   			0.86   		   		
57   			1.03   		   		
63   			-0.03   		   		
69   			-0.03   		   		
74   			-0.09   		   		
80   			0.90   		   		
86   			0.90   		   		
91   			0.05   		   		
97   			0.92   		   		
103   			1.26   		   		
109   			-0.30   		   		
114   			-0.41   		   		
120   			1.19   		   		
126   			-0.09   		   		
132   			-0.38   		   		
137   			-0.72   		   		
143   			-0.15   		   		
149   			0.24   		   		
154   			1.00   		   		
160   			0.01   		   		
166   			0.94   		   		
172   			1.11   		   		
177   			0.05   		   		
183   			0.92   		   		
189   			-1.75   		   		
194   			-0.07   		   		
200   			0.16   		   		
206   			-0.24   		   		
212   			0.45   		   		
217   			0.05   		   		
223   			0.45   		   		
229   			0.57   		   		
235   			-0.18   		   		
240   			-0.01   		   		
246   			1.44   		   		
252   			-0.82   		   		
257   			-0.99   		   		
263   			0.42   		   		
269   			0.13   		   		
275   			0.36   		   		
280   			-0.34   		   		
286   			0.42   		   		
292   			-0.38   		   		
298   			0.03   		   		
303   			-0.55   		   		
309   			0.09   		   		
315   			-0.84   		   		
320   			-0.32   		   		
326   			-0.72   		   		
332   			-0.44   		   		
338   			-0.15   		   		
343   			0.38   		   		
349   			0.42   		   		
355   			0.71   		   		
361   			0.65   		   		
366   			0.36   		   		
372   			0.42   		   		
378   			0.16   		   		
383   			-0.01   		   		
389   			0.11   		   		
395   			0.05   		   		
401   			0.16   		   		
406   			-0.12   		   		
412   			-0.07   		   		
418   			0.63   		   		
424   			0.57   		   		
429   			-0.07   		   		
435   			0.66   		   		
441   			0.26   		   		
446   			-0.15   		   		
452   			-0.49   		   		
458   			0.14   		   		
464   			-0.39   		   		
469   			-0.34   		   		
475   			0.53   		   		
481   			0.01   		   		
487   			0.82   		   		
492   			0.84   		   		
498   			-0.61   		   		
504   			0.03   		   		
509   			-0.15   		   		
515   			0.55   		   		
521   			-0.61   		   		
527   			0.43   		   		
532   			0.84   		   		
538   			0.84   		   		
544   			0.84   		   		
550   			-0.09   		   		
555   			-0.03   		   		
561   			-0.72   		   		
567   			0.20   		   		
572   			0.55   		   		
578   			0.13   		   		
584   			0.65   		   		
590   			1.40   		   		
595   			0.24   		   		
601   			-0.05   		   		
607   			-0.07   		   		
613   			-0.36   		   		
618   			-0.07   		   		
624   			-0.12   		   		
630   			-0.12   		   		
635   			0.26   		   		
641   			0.14   		   		
647   			-0.15   		   		
653   			-0.84   		   		
658   			0.84   		   		
664   			0.74   		   		
670   			-0.24   		   		
676   			0.22   		   		
681   			-0.36   		   		
687   			-0.24   		   		
693   			0.43   		   		
698   			0.09   		   		
704   			-0.09   		   		
710   			-0.26   		   		
716   			0.03   		   		
721   			-0.82   		   		
727   			0.28   		   		
733   			-0.59   		   		
739   			0.57   		   		
744   			0.16   		   		
750   			0.14   		   		
756   			0.14   		   		
761   			-0.38   		   		
767   			-0.61   		   		
773   			-0.96   		   		
779   			-0.65   		   		
784   			-0.53   		   		
790   			-0.24   		   		
796   			-1.98   		   		
801   			0.16   		   		
807   			-0.53   		   		
813   			-0.41   		   		
819   			-0.07   		   		
824   			-0.47   		   		
830   			-0.36   		   		
836   			-0.15   		   		
842   			-0.72   		   		
847   			0.03   		   		
853   			-0.09   		   		
859   			-1.71   		   		
864   			-0.44   		   		
870   			-1.01   		   		
876   			-0.90   		   		
882   			-1.59   		   		
887   			-0.96   		   		
893   			0.03   		   		
899   			-0.20   		   		
905   			-0.03   		   		
910   			0.43   		   		
916   			0.55   		   		
922   			-0.03   		   		
927   			0.26   		   		
933   			-0.44   		   		
939   			-0.44   		   		
945   			-0.49   		   		
950   			-0.16   		   		
956   			0.01   		   		
962   			1.34   		   		
968   			0.42   		   		
973   			0.59   		   		
979   			1.11   		   		
985   			0.13   		   		
990   			-0.34   		   		
996   			-0.39   		   		
1002   			0.13   		   		
1008   			0.92   		   		
1013   			0.92   		   		
1019   			1.03   		   		
1025   			0.40   		   		
1031   			0.57   		   		
1036   			0.24   		   		
1042   			0.82   		   		
1048   			0.19   		   		
1053   			0.07   		   		
1059   			0.19   		   		
1065   			-0.28   		   		
1071   			0.07   		   		
1076   			-0.80   		   		
1082   			-0.46   		   		
1088   			-0.46   		   		
1094   			-0.26   		   		
1099   			-0.44   		   		
1105   			-0.15   		   		
1111   			-1.54   		   		
1116   			-0.96   		   		
1122   			-0.03   		   		
1128   			-0.15   		   		
1134   			0.38   		   		
1139   			0.26   		   		
1145   			0.03   		   		
1151   			-0.01   		   		
1157   			0.11   		   		
1162   			0.11   		   		
1168   			0.63   		   		
1174   			0.57   		   		
1179   			0.28   		   		
1185   			0.16   		   		
1191   			0.22   		   		
1197   			-0.41   		   		
1202   			-0.65   		   		
1208   			-0.07   		   		
1214   			-0.30   		   		
1220   			-0.76   		   		
1225   			-0.82   		   		
1231   			-1.05   		   		
1237   			-0.36   		   		
1242   			-0.94   		   		
1248   			-0.65   		   		
1254   			-0.99   		   		
1260   			-0.53   		   		
1265   			-0.82   		   		
1271   			-0.53   		   		
1277   			-0.24   		   		
1283   			-0.12   		   		
1288   			-0.59   		   		
1294   			-0.26   		   		
1300   			-0.72   		   		
1305   			-0.26   		   		
1311   			-0.55   		   		
1317   			0.20   		   		
1323   			-0.45   		   		
1328   			-0.57   		   		
1334   			0.07   		   		
1340   			-0.45   		   		
1346   			-0.28   		   		
1351   			-0.72   		   		
1357   			-0.49   		   		
1363   			-0.26   		   		
1368   			0.14   		   		
1374   			-0.38   		   		
1380   			-0.94   		   		
1386   			-0.70   		   		
1391   			0.28   		   		
1397   			-0.30   		   		
1403   			-0.18   		   		
1409   			-0.32   		   		
1414   			-0.44   		   		
1420   			-0.32   		   		
1426   			0.20   		   		
1431   			0.14   		   		
1437   			-0.74   		   		
1443   			-0.63   		   		
1449   			0.19   		   		
1454   			0.48   		   		
1460   			0.07   		   		
1466   			0.49   		   		
1472   			-0.03   		   		
1477   			0.55   		   		
1483   			-0.78   		   		
1489   			-0.26   		   		
1494   			-0.44   		   		
1500   			0.78   		   		
1506   			-0.20   		   		
1512   			-0.55   		   		
1517   			-0.72   		   		
1523   			0.53   		   		
1529   			-0.39   		   		
1535   			-0.34   		   		
1540   			-0.80   		   		
1546   			-1.44   		   		
1552   			-0.53   		   		
1557   			-0.07   		   		
1563   			-0.94   		   		
1569   			-0.88   		   		
1575   			-1.81   		   		
1580   			-0.32   		   		
1586   			-1.36   		   		
1592   			-2.52   		   		
1597   			-0.90   		   		
1603   			-0.15   		   		
1609   			-1.15   		   		
1615   			-0.69   		   		
1620   			-0.75   		   		
1626   			-0.92   		   		
1632   			-0.57   		   		
1638   			-0.67   		   		
1643   			-1.25   		   		
1649   			-0.49   		   		
1655   			-0.61   		   		
1660   			-0.44   		   		
1666   			0.48   		   		
1672   			-0.34   		   		
1678   			0.71   		   		
1683   			-0.80   		   		
1689   			-1.44   		   		
1695   			-1.13   		   		
1701   			-0.15   		   		
1706   			-0.15   		   		
1712   			-0.26   		   		
1718   			-0.96   		   		
1723   			-1.36   		   		
1729   			-0.96   		   		
1735   			-0.96   		   		
1741   			-0.96   		   		
1746   			-0.15   		   		
1752   			-0.49   		   		
1758   			-0.49   		   		
1764   			-0.72   		   		
1769   			-0.61   		   		
1775   			-1.07   		   		
1781   			-0.53   		   		
1786   			-0.65   		   		
1792   			-0.82   		   		
1798   			0.16   		   		
1804   			0.28   		   		
1809   			0.38   		   		
1815   			-0.67   		   		
1821   			0.32   		   		
1827   			-1.88   		   		
1832   			-0.96   		   		
1838   			-1.01   		   		
1844   			-0.49   		   		
1849   			-0.84   		   		
1855   			-0.96   		   		
1861   			-1.30   		   		
1867   			-1.19   		   		
1872   			-0.44   		   		
1878   			-1.42   		   		
1884   			-0.96   		   		
1890   			-1.13   		   		
1895   			-0.47   		   		
1901   			-0.24   		   		
1907   			-0.53   		   		
1912   			-0.76   		   		
1918   			-0.82   		   		
1924   			0.05   		   		
1930   			-0.94   		   		
1935   			-0.76   		   		
1941   			-0.47   		   		
1947   			-0.53   		   		
1953   			-0.15   		   		
1958   			-0.38   		   		
1964   			-1.07   		   		
1970   			-1.25   		   		
1975   			-1.54   		   		
1981   			-1.32   		   		
1987   			-0.80   		   		
1993   			-1.32   		   		
1998   			-1.61   		   		
2004   			-0.39   		   		
2010   			-1.57   		   		
2015   			-0.82   		   		
2021   			-0.76   		   		
2027   			-1.40   		   		
2033   			-1.52   		   		
2038   			-1.57   		   		
2044   			-1.46   		   		
2050   			-1.40   		   		
2056   			-0.99   		   		
2061   			-0.88   		   		
2067   			-0.07   		   		
2073   			-2.33   		   		
2078   			-0.01   		   		
2084   			0.22   		   		
2090   			-0.88   		   		
2096   			-0.59   		   		
2101   			-1.92   		   		
2107   			-1.11   		   		
2113   			-1.23   		   		
2119   			-1.28   		   		
2124   			-0.67   		   		
2130   			-0.84   		   		
2136   			-3.22   		   		
2141   			-0.78   		   		
2147   			-1.25   		   		
2153   			-0.76   		   		
2159   			-0.65   		   		
2164   			-0.99   		   		
2170   			-1.52   		   		
2176   			-1.11   		   		
2182   			-0.99   		   		
2187   			-1.69   		   		
2193   			-0.41   		   		
2199   			-0.59   		   		
2204   			0.28   		   		
2210   			0.55   		   		
2216   			-0.78   		   		
2222   			-0.38   		   		
2227   			-1.42   		   		
2233   			-0.72   		   		
2239   			-0.86   		   		
2245   			-0.28   		   		
2250   			0.59   		   		
2256   			-0.05   		   		
2262   			-0.45   		   		
2267   			-0.59   		   		
2273   			-0.65   		   		
2279   			-1.17   		   		
2285   			-0.82   		   		
2290   			-1.75   		   		
2296   			-1.01   		   		
2302   			-1.13   		   		
2308   			-0.09   		   		
2313   			-0.78   		   		
2319   			-0.03   		   		
2325   			-1.42   		   		
2330   			-1.42   		   		
2336   			-1.36   		   		
2342   			-1.42   		   		
2348   			-0.09   		   		
2353   			-0.67   		   		
2359   			0.61   		   		
2365   			0.26   		   		
2371   			0.55   		   		
2376   			-1.07   		   		
2382   			-0.39   		   		
2388   			0.01   		   		
2393   			-0.22   		   		
2399   			-0.05   		   		
2405   			0.19   		   		
2411   			0.36   		   		
2416   			-0.16   		   		
2422   			0.36   		   		
2428   			-0.10   		   		
2434   			-0.45   		   		
2439   			-0.67   		   		
2445   			-0.72   		   		
2451   			-0.49   		   		
2456   			0.20   		   		
2462   			-0.67   		   		
2468   			0.11   		   		
2474   			-0.41   		   		
2479   			-0.47   		   		
2485   			-0.30   		   		
2491   			-0.24   		   		
2497   			-0.34   		   		
2502   			0.59   		   		
2508   			0.36   		   		
2514   			0.01   		   		
2519   			0.13   		   		
2525   			0.03   		   		
2531   			-0.03   		   		
2537   			0.95   		   		
2542   			0.26   		   		
2548   			0.61   		   		
2554   			0.93   		   		
2559   			-0.11   		   		
2565   			0.35   		   		
2571   			0.59   		   		
2577   			0.53   		   		
2582   			1.40   		   		
2588   			0.13   		   		
2594   			-0.10   		   		
2600   			-0.05   		   		
2605   			-0.10   		   		
2611   			0.24   		   		
2617   			-2.02   		   		
2622   			0.30   		   		
2628   			1.05   		   		
2634   			0.76   		   		
2640   			0.76   		   		
2645   			1.34   		   		
2651   			0.65   		   		
2657   			1.00   		   		
2663   			0.59   		   		
2668   			-0.07   		   		
2674   			0.69   		   		
2680   			-1.23   		   		
2685   			0.69   		   		
2691   			0.80   		   		
2697   			-0.16   		   		
2703   			-0.45   		   		
2708   			-0.63   		   		
2714   			-0.63   		   		
2720   			-0.68   		   		
2726   			0.20   		   		
2731   			-1.25   		   		
2737   			0.09   		   		
2743   			-2.00   		   		
2748   			0.20   		   		
2754   			-0.72   		   		
2760   			-1.07   		   		
2766   			-0.61   		   		
2771   			-0.49   		   		
2777   			0.26   		   		
2783   			-0.55   		   		
2789   			-0.38   		   		
2794   			-0.90   		   		
2800   			0.38   		   		
2806   			-2.87   		   		
2811   			-0.78   		   		
2817   			-0.20   		   		
2823   			-0.09   		   		
2829   			0.43   		   		
2834   			0.61   		   		
2840   			-0.44   		   		
2846   			-0.15   		   		
2852   			-0.38   		   		
2857   			0.20   		   		
2863   			-0.09   		   		
2869   			-1.65   		   		
2874   			-1.01   		   		
2880   			0.15   		   		
2886   			-1.01   		   		
2892   			0.15   		   		
2897   			0.24   		   		
2903   			-0.63   		   		
2909   			0.07   		   		
2915   			-0.05   		   		
2920   			-1.33   		   		
2926   			-1.44   		   		
2932   			-1.26   		   		
2937   			-0.22   		   		
2943   			-0.16   		   		
2949   			-0.39   		   		
2955   			-0.63   		   		
2960   			0.13   		   		
2966   			0.48   		   		
2972   			0.65   		   		
2978   			0.65   		   		
2983   			-0.70   		   		
2989   			0.57   		   		
2995   			-0.76   		   		
3000   			0.34   		   		
3006   			0.22   		   		
3012   			-0.12   		   		
3018   			0.22   		   		
3023   			0.16   		   		
3029   			-0.41   		   		
3035   			0.34   		   		
3041   			-0.53   		   		
3046   			0.28   		   		
3052   			0.40   		   		
3058   			-1.75   		   		
3063   			-0.59   		   		
3069   			-0.53   		   		
3075   			-1.40   		   		
3081   			-0.94   		   		
3086   			-0.94   		   		
3092   			-1.28   		   		
3098   			-1.13   		   		
3104   			-1.42   		   		
3109   			-0.96   		   		
3115   			-0.72   		   		
3121   			-1.71   		   		
3126   			0.09   		   		
3132   			-0.32   		   		
3138   			0.38   		   		
3144   			0.03   		   		
3149   			-0.09   		   		
3155   			-0.51   		   		
3161   			0.42   		   		
3167   			0.71   		   		
3172   			0.24   		   		
3178   			0.59   		   		
3184   			-1.38   		   		
3189   			-0.46   		   		
3195   			0.12   		   		
3201   			0.12   		   		
3207   			-0.17   		   		
3212   			0.30   		   		
3218   			0.53   		   		
3224   			0.01   		   		
3230   			0.19   		   		
3235   			0.01   		   		
3241   			-0.45   		   		
3247   			1.52   		   		
3252   			0.53   		   		
3258   			1.00   		   		
3264   			-0.51   		   		
3270   			0.69   		   		
3275   			0.86   		   		
3281   			0.98   		   		
3287   			-0.12   		   		
3293   			-0.53   		   		
3298   			0.01   		   		
3304   			-0.68   		   		
3310   			0.71   		   		
3315   			0.30   		   		
3321   			0.48   		   		
3327   			-0.41   		   		
3333   			0.80   		   		
3338   			0.05   		   		
3344   			-0.12   		   		
3350   			-0.30   		   		
3356   			0.43   		   		
3361   			-0.78   		   		
3367   			-0.84   		   		
3373   			0.03   		   		
3378   			-0.20   		   		
3384   			0.32   		   		
3390   			0.09   		   		
3396   			0.66   		   		
3401   			0.20   		   		
3407   			0.03   		   		
3413   			-0.18   		   		
3419   			-0.47   		   		
3424   			-1.28   		   		
3430   			0.05   		   		
3436   			-1.05   		   		
3441   			-0.47   		   		
3447   			-0.24   		   		
3453   			0.28   		   		
3459   			0.45   		   		
3464   			0.98   		   		
3470   			0.55   		   		
3476   			1.01   		   		
3482   			-0.32   		   		
3487   			0.66   		   		
3493   			1.59   		   		
3499   			0.14   		   		
3504   			0.90   		   		
3510   			0.90   		   		
3516   			1.07   		   		
3522   			0.78   		   		
3527   			0.80   		   		
3533   			0.34   		   		
3539   			0.92   		   		
3545   			0.34   		   		
3550   			-0.24   		   		
3556   			0.11   		   		
3562   			0.16   		   		
3567   			1.21   		   		
3573   			0.11   		   		
3579   			0.69   		   		
3585   			0.01   		   		
3590   			-0.51   		   		
3596   			0.07   		   		
3602   			-0.80   		   		
3608   			-0.69   		   		
3613   			-0.65   		   		
3619   			-0.47   		   		
3625   			-0.47   		   		
3630   			0.63   		   		
3636   			0.28   		   		
3642   			-0.22   		   		
3648   			-0.39   		   		
3653   			-0.16   		   		
3659   			-0.80   		   		
3665   			0.30   		   		
3671   			0.49   		   		
3676   			-0.09   		   		
3682   			0.43   		   		
3688   			0.84   		   		
3693   			0.14   		   		
3699   			0.95   		   		
3705   			1.24   		   		
3711   			1.19   		   		
3716   			0.20   		   		
3722   			0.66   		   		
3728   			1.17   		   		
3734   			0.82   		   		
3739   			0.82   		   		
3745   			0.65   		   		
3751   			0.30   		   		
3756   			0.51   		   		
3762   			1.26   		   		
3768   			1.26   		   		
3774   			0.74   		   		
3779   			0.74   		   		
3785   			0.05   		   		
3791   			0.80   		   		
3797   			1.32   		   		
3802   			0.63   		   		
3808   			-0.12   		   		
3814   			0.32   		   		
3819   			0.26   		   		
3825   			-0.38   		   		
3831   			0.38   		   		
3837   			0.14   		   		
3842   			0.59   		   		
3848   			1.00   		   		
3854   			0.19   		   		
3860   			-0.16   		   		
3865   			1.11   		   		
3871   			0.28   		   		
3877   			0.28   		   		
3882   			0.22   		   		
3888   			1.15   		   		
3894   			0.16   		   		
3900   			0.55   		   		
3905   			0.26   		   		
3911   			0.38   		   		
3917   			0.55   		   		
3923   			0.55   		   		
3928   			0.11   		   		
3934   			0.51   		   		
3940   			1.09   		   		
3945   			0.51   		   		
3951   			-0.12   		   		
3957   			0.38   		   		
3963   			0.61   		   		
3968   			0.09   		   		
3974   			-0.26   		   		
3980   			0.61   		   		
3985   			-0.12   		   		
3991   			0.51   		   		
3997   			0.74   		   		
4003   			1.15   		   		
4008   			0.40   		   		
4014   			0.03   		   		
4020   			0.26   		   		
4026   			-0.84   		   		
4031   			-0.44   		   		
4037   			-0.49   		   		
4043   			-2.64   		   		
4048   			0.14   		   		
4054   			-0.72   		   		
4060   			-0.61   		   		
4066   			-0.49   		   		
4071   			-0.44   		   		
4077   			-0.78   		   		
4083   			0.03   		   		
4089   			-0.15   		   		
4094   			0.55   		   		
4100   			-0.36   		   		
4106   			-2.04   		   		
4111   			-0.30   		   		
4117   			-0.82   		   		
4123   			-0.12   		   		
4129   			0.35   		   		
4134   			-0.22   		   		
4140   			-0.17   		   		
4146   			0.53   		   		
4152   			0.35   		   		
4157   			0.09   		   		
4163   			-0.61   		   		
4169   			-0.55   		   		
4174   			-1.42   		   		
4180   			-1.13   		   		
4186   			-0.07   		   		
4192   			-1.17   		   		
4197   			-0.41   		   		
4203   			-0.65   		   		
4209   			-0.30   		   		
4215   			0.05   		   		
4220   			-0.01   		   		
4226   			-0.30   		   		
4232   			-0.65   		   		
4237   			0.98   		   		
4243   			1.07   		   		
4249   			0.66   		   		
4255   			0.14   		   		
4260   			0.78   		   		
4266   			0.72   		   		
4272   			-0.74   		   		
4278   			0.82   		   		
4283   			0.94   		   		
4289   			0.36   		   		
4295   			0.71   		   		
4300   			0.47   		   		
4306   			0.47   		   		
4312   			0.99   		   		
4318   			0.59   		   		
4323   			0.76   		   		
4329   			0.32   		   		
4335   			0.26   		   		
4341   			-0.26   		   		
4346   			-0.96   		   		
4352   			-0.44   		   		
4358   			0.88   		   		
4363   			-0.28   		   		
4369   			0.30   		   		
4375   			0.01   		   		
4381   			0.18   		   		
4386   			0.35   		   		
4392   			-0.57   		   		
4398   			-0.05   		   		
4404   			0.30   		   		
4409   			0.01   		   		
4415   			0.43   		   		
4421   			0.84   		   		
4426   			-0.15   		   		
4432   			0.14   		   		
4438   			0.43   		   		
4444   			0.38   		   		
4449   			0.20   		   		
4455   			0.14   		   		
4461   			0.61   		   		
4467   			0.95   		   		
4472   			0.78   		   		
4478   			0.49   		   		
4484   			-0.55   		   		
4489   			0.14   		   		
4495   			-0.55   		   		
4501   			-0.51   		   		
4507   			-0.69   		   		
4512   			-0.92   		   		
4518   			-0.40   		   		
4524   			-1.09   		   		
4530   			0.11   		   		
4535   			-0.76   		   		
4541   			0.16   		   		
4547   			-0.36   		   		
4552   			-0.30   		   		
4558   			-0.82   		   		
4564   			-0.82   		   		
4570   			0.16   		   		
4575   			-0.24   		   		
4581   			-0.30   		   		
4587   			0.03   		   		
4593   			-0.44   		   		
4598   			-0.44   		   		
4604   			0.55   		   		
4610   			-0.78   		   		
4615   			-0.82   		   		
4621   			-0.70   		   		
4627   			0.45   		   		
4633   			0.22   		   		
4638   			-0.18   		   		
4644   			0.40   		   		
4650   			0.05   		   		
4656   			0.92   		   		
4661   			0.16   		   		
4667   			0.05   		   		
4673   			0.48   		   		
4678   			0.19   		   		
4684   			-0.39   		   		
4690   			0.01   		   		
4696   			0.36   		   		
4701   			0.38   		   		
4707   			-0.55   		   		
4713   			0.09   		   		
4719   			-0.55   		   		
4724   			0.72   		   		
4730   			-0.51   		   		
4736   			-0.05   		   		
4741   			0.01   		   		
4747   			-0.22   		   		
4753   			0.53   		   		
4759   			0.16   		   		
4764   			-0.07   		   		
4770   			-0.65   		   		
4776   			-0.70   		   		
4782   			0.16   		   		
4787   			0.93   		   		
4793   			0.70   		   		
4799   			0.07   		   		
4804   			0.30   		   		
4810   			-0.11   		   		
4816   			-0.39   		   		
4822   			-0.28   		   		
4827   			0.07   		   		
4833   			-0.51   		   		
4839   			0.24   		   		
4845   			-0.41   		   		
4850   			-0.30   		   		
4856   			0.51   		   		
4862   			0.63   		   		
4867   			0.11   		   		
4873   			-0.30   		   		
4879   			-0.47   		   		
4885   			-0.82   		   		
4890   			-0.82   		   		
4896   			-1.28   		   		
4902   			-0.96   		   		
4908   			-0.78   		   		
4913   			-0.78   		   		
4919   			-0.38   		   		
4925   			0.20   		   		
4930   			-0.12   		   		
4936   			-0.99   		   		
4942   			-0.47   		   		
4948   			-0.18   		   		
4953   			-0.36   		   		
4959   			-0.99   		   		
4965   			-2.39   		   		
4970   			0.05   		   		
4976   			-1.05   		   		
4982   			-0.70   		   		
4988   			-0.90   		   		
4993   			-0.67   		   		
4999   			-0.72   		   		
5005   			-1.07   		   		
5011   			-1.13   		   		
5016   			-1.23   		   		
5022   			-1.05   		   		
5028   			-3.66   		   		
5033   			-0.99   		   		
5039   			-0.47   		   		
5045   			-1.28   		   		
5051   			-1.63   		   		
5056   			-0.59   		   		
5062   			-1.11   		   		
5068   			-0.65   		   		
5074   			-0.47   		   		
5079   			-0.94   		   		
5085   			-0.12   		   		
5091   			-1.86   		   		
5096   			-0.47   		   		
5102   			-0.36   		   		
5108   			-0.82   		   		
5114   			-0.70   		   		
5119   			-0.24   		   		
5125   			-0.12   		   		
5131   			-0.20   		   		
5137   			-0.20   		   		
5142   			0.84   		   		
5148   			1.07   		   		
5154   			0.49   		   		
5159   			0.45   		   		
5165   			0.05   		   		
5171   			-0.36   		   		
5177   			0.34   		   		
5182   			-0.12   		   		
5188   			0.45   		   		
5194   			0.22   		   		
5200   			0.11   		   		
5205   			-0.01   		   		
5211   			-1.17   		   		
5217   			-0.97   		   		
5222   			-1.03   		   		
5228   			-1.44   		   		
5234   			-0.05   		   		
5240   			-0.10   		   		
5245   			0.59   		   		
5251   			-0.16   		   		
5257   			0.24   		   		
5263   			-0.51   		   		
5268   			-0.22   		   		
5274   			0.16   		   		
5280   			0.22   		   		
5285   			0.11   		   		
5291   			-0.24   		   		
5297   			0.45   		   		
5303   			0.05   		   		
5308   			0.05   		   		
5314   			0.05   		   		
5320   			0.80   		   		
5326   			0.74   		   		
5331   			0.35   		   		
5337   			0.30   		   		
5343   			0.18   		   		
5348   			0.53   		   		
5354   			0.70   		   		
5360   			0.61   		   		
5366   			0.38   		   		
5371   			0.72   		   		
5377   			0.38   		   		
5383   			1.19   		   		
5389   			0.43   		   		
5394   			-0.44   		   		
5400   			-0.72   		   		
5406   			-0.09   		   		
5411   			-0.15   		   		
5417   			-0.38   		   		
5423   			-0.78   		   		
5429   			-0.78   		   		
5434   			-0.38   		   		
5440   			0.09   		   		
5446   			0.03   		   		
5452   			-0.32   		   		
5457   			0.03   		   		
5463   			-0.72   		   		
5469   			-0.78   		   		
5474   			-0.55   		   		
5480   			-0.26   		   		
5486   			-0.55   		   		
5492   			0.66   		   		
5497   			0.49   		   		
5503   			0.22   		   		
5509   			0.86   		   		
5515   			-0.07   		   		
5520   			0.92   		   		
5526   			0.57   		   		
5532   			0.86   		   		
5537   			0.57   		   		
5543   			1.26   		   		
5549   			0.40   		   		
5555   			0.86   		   		
5560   			0.45   		   		
5566   			1.26   		   		
5572   			1.73   		   		
5578   			0.92   		   		
5583   			1.61   		   		
5589   			1.13   		   		
5595   			1.01   		   		
5600   			0.49   		   		
5606   			0.09   		   		
5612   			1.19   		   		
5618   			1.03   		   		
5623   			0.92   		   		
5629   			0.69   		   		
5635   			0.98   		   		
5641   			0.74   		   		
5646   			1.15   		   		
5652   			0.69   		   		
5658   			1.26   		   		
5663   			0.51   		   		
5669   			1.44   		   		
5675   			0.98   		   		
5681   			0.92   		   		
5686   			0.57   		   		
5692   			1.09   		   		
5698   			-0.99   		   		
5703   			0.90   		   		
5709   			-0.03   		   		
5715   			0.49   		   		
5721   			0.61   		   		
5726   			1.42   		   		
5732   			0.19   		   		
5738   			0.53   		   		
5744   			0.76   		   		
5749   			1.86   		   		
5755   			1.52   		   		
5761   			-0.61   		   		
5766   			1.82   		   		
5772   			-0.15   		   		
5778   			0.84   		   		
5784   			0.90   		   		
5789   			1.26   		   		
5795   			1.03   		   		
5801   			1.67   		   		
5807   			1.44   		   		
5812   			1.03   		   		
5818   			1.07   		   		
5824   			-0.15   		   		
5829   			1.30   		   		
5835   			1.24   		   		
5841   			1.76   		   		
5847   			1.82   		   		
5852   			1.30   		   		
5858   			1.47   		   		
5864   			0.90   		   		
5870   			1.30   		   		
5875   			1.19   		   		
5881   			2.05   		   		
5887   			0.90   		   		
5892   			1.07   		   		
5898   			1.59   		   		
5904   			1.44   		   		
5910   			1.44   		   		
5915   			2.59   		   		
5921   			1.73   		   		
5927   			2.88   		   		
5933   			1.99   		   		
5938   			2.34   		   		
5944   			2.34   		   		
5950   			2.86   		   		
5955   			1.47   		   		
5961   			2.13   		   		
5967   			2.25   		   		
5973   			2.36   		   		
5978   			2.94   		   		
5984   			2.42   		   		
5990   			3.09   		   		
5996   			2.23   		   		
6001   			1.88   		   		
6007   			2.17   		   		
6013   			2.80   		   		
6018   			2.57   		   		
6024   			3.09   		   		
6030   			2.92   		   		
6036   			2.86   		   		
6041   			3.55   		   		
6047   			3.94   		   		
6053   			3.94   		   		
6059   			3.08   		   		
6064   			4.11   		   		
6070   			3.19   		   		
6076   			4.42   		   		
6081   			3.96   		   		
6087   			3.90   		   		
6093   			4.02   		   		
6099   			4.36   		   		
6104   			3.77   		   		
6110   			4.40   		   		
6116   			3.77   		   		
6122   			3.88   		   		
6127   			3.94   		   		
6133   			3.96   		   		
6139   			4.48   		   		
6144   			4.42   		   		
6150   			4.48   		   		
6156   			4.88   		   		
6162   			5.51   		   		
6167   			5.34   		   		
6173   			4.48   		   		
6179   			4.88   		   		
6185   			5.63   		   		
6190   			5.71   		   		
6196   			5.07   		   		
6202   			5.30   		   		
6207   			4.90   		   		
6213   			5.25   		   		
6219   			5.22   		   		
6225   			6.55   		   		
6230   			5.74   		   		
6236   			6.15   		   		
6242   			6.03   		   		
6248   			6.11   		   		
6253   			5.94   		   		
6259   			4.73   		   		
6265   			4.96   		   		
6270   			5.07   		   		
6276   			4.74   		   		
6282   			4.80   		   		
6288   			6.01   		   		
6293   			4.86   		   		
6299   			6.01   		   		
6305   			4.13   		   		
6310   			5.40   		   		
6316   			5.40   		   		
6322   			5.34   		   		
6328   			4.76   		   		
6333   			4.38   		   		
6339   			5.36   		   		
6345   			5.99   		   		
6351   			6.11   		   		
6356   			5.99   		   		
6362   			6.51   		   		
6368   			4.27   		   		
6373   			6.22   		   		
6379   			5.65   		   		
6385   			4.61   		   		
6391   			6.05   		   		
6396   			6.11   		   		
6402   			5.76   		   		
6408   			6.51   		   		
6414   			7.26   		   		
6419   			6.22   		   		
6425   			5.48   		   		
6431   			3.81   		   		
6436   			6.80   		   		
6442   			6.17   		   		
6448   			6.02   		   		
6454   			6.36   		   		
6459   			6.99   		   		
6465   			6.48   		   		
6471   			6.30   		   		
6477   			7.18   		   		
6482   			7.41   		   		
6488   			7.18   		   		
6494   			6.95   		   		
6499   			6.84   		   		
6505   			6.61   		   		
6511   			6.55   		   		
6517   			6.43   		   		
6522   			6.84   		   		
6528   			7.01   		   		
6534   			6.94   		   		
6540   			8.03   		   		
6545   			6.53   		   		
6551   			6.82   		   		
6557   			7.57   		   		
6562   			6.84   		   		
6568   			7.70   		   		
6574   			7.98   		   		
6580   			7.64   		   		
6585   			6.89   		   		
6591   			7.36   		   		
6597   			6.84   		   		
6603   			7.24   		   		
6608   			6.32   		   		
6614   			7.24   		   		
6620   			6.59   		   		
6625   			6.76   		   		
6631   			6.53   		   		
6637   			7.22   		   		
6643   			7.34   		   		
6648   			6.89   		   		
6654   			7.41   		   		
6660   			7.93   		   		
6666   			8.73   		   		
6671   			8.27   		   		
6677   			9.44   		   		
6683   			8.87   		   		
6688   			8.29   		   		
6694   			9.21   		   		
6700   			8.18   		   		
6706   			8.62   		   		
6711   			8.62   		   		
6717   			8.79   		   		
6723   			9.30   		   		
6729   			9.59   		   		
6734   			9.38   		   		
6740   			8.75   		   		
6746   			8.58   		   		
6751   			9.32   		   		
6757   			9.44   		   		
6763   			9.29   		   		
6769   			8.60   		   		
6774   			8.43   		   		
6780   			9.00   		   		
6786   			9.29   		   		
6792   			9.44   		   		
6797   			9.04   		   		
6803   			8.81   		   		
6809   			8.81   		   		
6814   			8.46   		   		
6820   			9.50   		   		
6826   			10.01   		   		
6832   			9.27   		   		
6837   			9.27   		   		
6843   			9.73   		   		
6849   			8.81   		   		
6855   			9.15   		   		
6860   			9.04   		   		
6866   			8.06   		   		
6872   			8.75   		   		
6877   			9.28   		   		
6883   			9.00   		   		
6889   			9.57   		   		
6895   			8.71   		   		
6900   			7.91   		   		
6906   			8.62   		   		
6912   			8.73   		   		
6918   			8.50   		   		
6923   			8.73   		   		
6929   			8.44   		   		
6935   			8.92   		   		
6940   			8.58   		   		
6946   			8.87   		   		
6952   			9.95   		   		
6958   			9.50   		   		
6963   			9.82   		   		
6969   			10.62   		   		
6975   			10.16   		   		
6981   			10.68   		   		
6986   			10.79   		   		
6992   			10.24   		   		
6998   			10.01   		   		
7003   			9.90   		   		
7009   			10.93   		   		
7015   			10.18   		   		
7021   			10.68   		   		
7026   			10.45   		   		
7032   			11.48   		   		
7038   			10.74   		   		
7044   			11.25   		   		
7049   			11.90   		   		
7055   			11.79   		   		
7061   			11.39   		   		
7066   			12.07   		   		
7072   			11.96   		   		
7078   			12.95   		   		
7084   			11.58   		   		
7089   			11.29   		   		
7095   			11.52   		   		
7101   			12.66   		   		
7107   			12.45   		   		
7112   			13.02   		   		
7118   			11.65   		   		
7124   			11.54   		   		
7129   			12.05   		   		
7135   			11.86   		   		
7141   			12.14   		   		
7147   			12.32   		   		
7152   			12.77   		   		
7158   			12.20   		   		
7164   			10.64   		   		
7169   			12.19   		   		
7175   			11.96   		   		
7181   			11.73   		   		
7187   			11.73   		   		
7192   			12.07   		   		
7198   			12.47   		   		
7204   			11.21   		   		
7210   			11.56   		   		
7215   			12.13   		   		
7221   			12.70   		   		
7227   			10.58   		   		
7232   			12.19   		   		
7238   			12.59   		   		
7244   			13.16   		   		
7250   			13.11   		   		
7255   			13.00   		   		
7261   			12.37   		   		
7267   			12.49   		   		
7273   			12.09   		   		
7278   			12.51   		   		
7284   			12.45   		   		
7290   			11.54   		   		
7295   			12.51   		   		
7301   			12.56   		   		
7307   			12.05   		   		
7313   			12.74   		   		
7318   			12.28   		   		
7324   			11.88   		   		
7330   			11.36   		   		
7336   			11.39   		   		
7341   			12.41   		   		
7347   			12.36   		   		
7353   			11.96   		   		
7358   			11.56   		   		
7364   			12.36   		   		
7370   			12.81   		   		
7376   			12.19   		   		
7381   			12.36   		   		
7387   			12.99   		   		
7393   			13.14   		   		
7399   			13.31   		   		
7404   			13.36   		   		
7410   			12.74   		   		
7416   			12.16   		   		
7421   			13.21   		   		
7427   			12.30   		   		
7433   			12.24   		   		
7439   			12.64   		   		
7444   			12.41   		   		
7450   			12.45   		   		
7456   			13.31   		   		
7462   			12.62   		   		
7467   			12.91   		   		
7473   			12.85   		   		
7479   			12.72   		   		
7484   			12.66   		   		
7490   			12.95   		   		
7496   			13.58   		   		
7502   			12.55   		   		
7507   			12.66   		   		
7513   			13.35   		   		
7519   			12.72   		   		
7525   			12.26   		   		
7530   			11.92   		   		
7536   			11.96   		   		
7542   			12.99   		   		
7547   			12.13   		   		
7553   			12.13   		   		
7559   			13.10   		   		
7565   			12.05   		   		
7570   			11.99   		   		
7576   			11.48   		   		
7582   			11.65   		   		
7588   			11.02   		   		
7593   			11.17   		   		
7599   			11.34   		   		
7605   			11.34   		   		
7610   			11.80   		   		
7616   			12.09   		   		
7622   			11.94   		   		
7628   			11.82   		   		
7633   			13.31   		   		
7639   			12.79   		   		
7645   			11.71   		   		
7651   			11.04   		   		
7656   			11.67   		   		
7662   			11.96   		   		
7668   			12.01   		   		
7673   			11.96   		   		
7679   			11.84   		   		
7685   			11.84   		   		
7691   			12.19   		   		
7696   			11.61   		   		
7702   			11.27   		   		
7708   			10.74   		   		
7714   			11.71   		   		
7719   			11.71   		   		
7725   			11.82   		   		
7731   			11.31   		   		
7736   			11.73   		   		
7742   			12.19   		   		
7748   			12.81   		   		
7754   			12.36   		   		
7759   			12.30   		   		
7765   			12.22   		   		
7771   			12.34   		   		
7777   			11.42   		   		
7782   			11.25   		   		
7788   			11.25   		   		
7794   			11.41   		   		
7799   			11.52   		   		
7805   			11.35   		   		
7811   			12.26   		   		
7817   			11.41   		   		
7822   			11.25   		   		
7828   			11.54   		   		
7834   			9.59   		   		
7839   			11.31   		   		
7845   			12.16   		   		
7851   			12.30   		   		
7857   			11.50   		   		
7862   			10.64   		   		
7868   			11.56   		   		
7874   			11.73   		   		
7880   			11.65   		   		
7885   			11.36   		   		
7891   			11.36   		   		
7897   			9.48   		   		
7902   			12.39   		   		
7908   			11.71   		   		
7914   			12.68   		   		
7920   			11.65   		   		
7925   			11.88   		   		
7931   			11.88   		   		
7937   			12.26   		   		
7943   			11.74   		   		
7948   			11.46   		   		
7954   			11.40   		   		
7960   			11.57   		   		
7965   			11.88   		   		
7971   			11.02   		   		
7977   			11.14   		   		
7983   			11.82   		   		
7988   			11.59   		   		
7994   			11.99   		   		
8000   			11.42   		   		
8006   			11.25   		   		
8011   			11.25   		   		
8017   			11.54   		   		
8023   			12.62   		   		
8028   			12.68   		   		
8034   			12.51   		   		
8040   			11.82   		   		
8046   			11.65   		   		
8051   			12.21   		   		
8057   			10.83   		   		
8063   			11.46   		   		
8069   			11.18   		   		
8074   			12.26   		   		
8080   			10.62   		   		
8086   			11.19   		   		
8091   			11.36   		   		
8097   			12.74   		   		
8103   			11.48   		   		
8109   			10.87   		   		
8114   			11.50   		   		
8120   			11.16   		   		
8126   			11.10   		   		
8132   			11.44   		   		
8137   			11.36   		   		
8143   			11.08   		   		
8149   			11.88   		   		
8154   			11.99   		   		
8160   			11.31   		   		
8166   			11.69   		   		
8172   			12.04   		   		
8177   			12.15   		   		
8183   			12.04   		   		
8189   			11.69   		   		
8195   			11.08   		   		
8200   			10.85   		   		
8206   			11.48   		   		
8212   			11.59   		   		
8217   			11.94   		   		
8223   			11.24   		   		
8229   			11.92   		   		
8235   			13.12   		   		
8240   			12.21   		   		
8246   			12.21   		   		
8252   			11.56   		   		
8258   			11.44   		   		
8263   			12.24   		   		
8269   			12.93   		   		
8275   			12.36   		   		
8280   			12.79   		   		
8286   			11.99   		   		
8292   			11.94   		   		
8298   			11.99   		   		
8303   			12.56   		   		
8309   			12.66   		   		
8315   			10.61   		   		
8320   			11.35   		   		
8326   			11.12   		   		
8332   			11.46   		   		
8338   			11.69   		   		
8343   			12.21   		   		
8349   			12.38   		   		
8355   			11.58   		   		
8361   			11.58   		   		
8366   			11.99   		   		
8372   			11.94   		   		
8378   			12.16   		   		
8383   			11.71   		   		
8389   			11.94   		   		
8395   			11.39   		   		
8401   			11.21   		   		
8406   			11.27   		   		
8412   			10.93   		   		
8418   			11.50   		   		
8424   			10.60   		   		
8429   			11.69   		   		
8435   			11.17   		   		
8441   			11.52   		   		
8446   			11.52   		   		
8452   			11.08   		   		
8458   			12.16   		   		
8464   			11.36   		   		
8469   			11.88   		   		
8475   			11.94   		   		
8481   			12.38   		   		
8487   			11.92   		   		
8492   			12.04   		   		
8498   			10.83   		   		
8504   			11.64   		   		
8509   			11.35   		   		
8515   			10.95   		   		
8521   			11.75   		   		
8527   			12.04   		   		
8532   			11.52   		   		
8538   			11.59   		   		
8544   			12.62   		   		
8550   			11.19   		   		
8555   			11.71   		   		
8561   			11.36   		   		
8567   			11.27   		   		
8572   			12.13   		   		
8578   			11.27   		   		
8584   			11.90   		   		
8590   			12.01   		   		
8595   			12.32   		   		
8601   			12.09   		   		
8607   			11.80   		   		
8613   			11.57   		   		
8618   			11.52   		   		
8624   			12.28   		   		
8630   			12.22   		   		
8635   			11.08   		   		
8641   			11.82   		   		
8647   			12.34   		   		
8653   			11.76   		   		
8658   			11.14   		   		
8664   			11.25   		   		
8670   			10.85   		   		
8675   			11.71   		   		
8681   			11.44   		   		
8687   			11.50   		   		
8693   			12.36   		   		
8698   			11.44   		   		
8704   			10.99   		   		
8710   			12.74   		   		
8716   			12.79   		   		
8721   			11.99   		   		
8727   			12.51   		   		
8733   			10.62   		   		
8738   			12.13   		   		
8744   			11.73   		   		
8750   			10.76   		   		
8756   			11.04   		   		
8761   			10.64   		   		
8767   			11.83   		   		
8773   			11.48   		   		
8779   			10.80   		   		
8784   			11.31   		   		
8790   			11.03   		   		
8796   			9.42   		   		
8801   			10.96   		   		
8807   			11.59   		   		
8813   			11.08   		   		
8819   			11.36   		   		
8824   			11.88   		   		
8830   			11.65   		   		
8836   			11.65   		   		
8842   			11.94   		   		
8847   			11.25   		   		
8853   			11.82   		   		
8859   			11.88   		   		
8864   			11.54   		   		
8870   			10.91   		   		
8876   			11.14   		   		
8882   			11.02   		   		
8887   			11.25   		   		
8893   			11.65   		   		
8899   			11.08   		   		
8905   			11.48   		   		
8910   			12.05   		   		
8916   			11.54   		   		
8922   			11.36   		   		
8927   			12.28   		   		
8933   			10.85   		   		
8939   			11.14   		   		
8945   			11.99   		   		
8950   			12.22   		   		
8956   			12.34   		   		
8962   			12.11   		   		
8968   			11.57   		   		
8973   			11.63   		   		
8979   			11.46   		   		
8985   			10.77   		   		
8990   			10.83   		   		
8996   			12.19   		   		
9002   			11.27   		   		
9008   			10.87   		   		
9013   			11.56   		   		
9019   			11.84   		   		
9025   			11.81   		   		
9031   			12.04   		   		
9036   			12.55   		   		
9042   			12.95   		   		
9048   			12.09   		   		
9053   			12.22   		   		
9059   			11.76   		   		
9065   			11.42   		   		
9071   			11.88   		   		
9076   			12.16   		   		
9082   			12.24   		   		
9088   			12.64   		   		
9093   			12.41   		   		
9099   			11.96   		   		
9105   			12.01   		   		
9111   			11.90   		   		
9116   			11.10   		   		
9122   			11.79   		   		
9128   			11.56   		   		
9134   			12.64   		   		
9139   			11.59   		   		
9145   			11.76   		   		
9151   			11.25   		   		
9156   			11.42   		   		
9162   			12.16   		   		
9168   			11.48   		   		
9174   			11.94   		   		
9179   			12.11   		   		
9185   			11.88   		   		
9191   			11.14   		   		
9197   			11.17   		   		
9202   			10.77   		   		
9208   			11.86   		   		
9214   			11.57   		   		
9219   			11.80   		   		
9225   			11.44   		   		
9231   			12.07   		   		
9237   			10.81   		   		
9242   			11.33   		   		
9248   			10.99   		   		
9254   			10.99   		   		
9260   			11.10   		   		
9265   			11.04   		   		
9271   			11.44   		   		
9277   			11.44   		   		
9282   			11.04   		   		
9288   			11.72   		   		
9294   			11.67   		   		
9300   			11.84   		   		
9305   			12.12   		   		
9311   			12.38   		   		
9317   			12.38   		   		
9323   			12.21   		   		
9328   			13.18   		   		
9334   			13.69   		   		
9340   			11.75   		   		
9345   			11.01   		   		
9351   			12.04   		   		
9357   			12.84   		   		
9363   			12.15   		   		
9368   			11.42   		   		
9374   			10.62   		   		
9380   			11.59   		   		
9386   			11.42   		   		
9391   			11.88   		   		
9397   			11.82   		   		
9403   			10.74   		   		
9408   			10.56   		   		
9414   			11.94   		   		
9420   			11.94   		   		
9426   			12.16   		   		
9431   			11.54   		   		
9437   			11.25   		   		
9443   			11.08   		   		
9449   			11.25   		   		
9454   			11.60   		   		
9460   			11.37   		   		
9466   			11.20   		   		
9471   			11.83   		   		
9477   			12.51   		   		
9483   			12.44   		   		
9489   			11.75   		   		
9494   			11.75   		   		
9500   			11.69   		   		
9506   			11.64   		   		
9512   			11.14   		   		
9517   			11.71   		   		
9523   			11.42   		   		
9529   			11.54   		   		
9534   			11.31   		   		
9540   			11.64   		   		
9546   			11.29   		   		
9552   			11.18   		   		
9557   			11.64   		   		
9563   			11.69   		   		
9569   			11.73   		   		
9575   			11.67   		   		
9580   			11.79   		   		
9586   			11.39   		   		
9592   			10.70   		   		
9597   			11.08   		   		
9603   			11.08   		   		
9609   			10.56   		   		
9615   			10.79   		   		
9620   			12.05   		   		
9626   			12.15   		   		
9632   			10.89   		   		
9637   			11.58   		   		
9643   			12.15   		   		
9649   			11.58   		   		
9655   			11.41   		   		
9660   			12.32   		   		
9666   			11.81   		   		
9672   			11.69   		   		
9678   			12.15   		   		
9683   			12.26   		   		
9689   			11.75   		   		
9695   			9.75   		   		
9700   			11.52   		   		
9706   			11.46   		   		
9712   			11.48   		   		
9718   			10.91   		   		
9723   			10.96   		   		
9729   			11.59   		   		
9735   			11.31   		   		
9741   			11.59   		   		
9746   			11.65   		   		
9752   			11.54   		   		
9758   			9.65   		   		
9763   			11.54   		   		
9769   			11.75   		   		
9775   			11.58   		   		
9781   			11.01   		   		
9786   			11.12   		   		
9792   			11.58   		   		
9798   			11.56   		   		
9804   			11.79   		   		
9809   			10.76   		   		
9815   			11.67   		   		
9821   			9.27   		   		
9826   			11.69   		   		
9832   			11.75   		   		
9838   			11.46   		   		
9844   			11.92   		   		
9849   			11.18   		   		
9855   			11.56   		   		
9861   			11.50   		   		
9867   			11.90   		   		
9872   			11.39   		   		
9878   			11.21   		   		
9884   			11.92   		   		
9889   			11.69   		   		
9895   			12.09   		   		
9901   			12.84   		   		
9907   			12.26   		   		
9912   			12.30   		   		
9918   			12.47   		   		
9924   			12.13   		   		
9930   			12.24   		   		
9935   			12.76   		   		
9941   			12.95   		   		
9947   			12.66   		   		
9952   			12.21   		   		
9958   			12.89   		   		
9964   			12.49   		   		
9970   			12.56   		   		
9975   			12.74   		   		
9981   			11.59   		   		
9987   			11.99   		   		
9993   			12.51   		   		
9998   			12.64   		   		
10004   			12.41   		   		
10010   			12.24   		   		
10015   			11.33   		   		
10021   			12.53   		   		
10027   			11.59   		   		
10033   			12.62   		   		
10038   			11.76   		   		
10044   			12.16   		   		
10050   			12.28   		   		
10056   			12.79   		   		
10061   			11.48   		   		
10067   			12.91   		   		
10073   			11.82   		   		
10078   			11.59   		   		
10084   			11.99   		   		
10090   			11.36   		   		
10096   			10.96   		   		
10101   			10.96   		   		
10107   			12.45   		   		
10113   			10.70   		   		
10119   			11.16   		   		
10124   			10.93   		   		
10130   			11.39   		   		
10136   			11.67   		   		
10141   			11.90   		   		
10147   			12.07   		   		
10153   			11.16   		   		
10159   			11.96   		   		
10164   			11.39   		   		
10170   			10.74   		   		
10176   			9.07   		   		
10181   			11.02   		   		
10187   			11.82   		   		
10193   			10.62   		   		
10199   			10.66   		   		
10204   			11.18   		   		
10210   			11.58   		   		
10216   			11.41   		   		
10222   			11.98   		   		
10227   			11.10   		   		
10233   			10.70   		   		
10239   			8.64   		   		
10244   			11.10   		   		
10250   			10.93   		   		
10256   			11.42   		   		
10262   			11.59   		   		
10267   			11.42   		   		
10273   			11.42   		   		
10279   			11.08   		   		
10285   			11.59   		   		
10290   			11.48   		   		
10296   			11.19   		   		
10302   			9.76   		   		
10307   			11.19   		   		
10313   			11.48   		   		
10319   			11.89   		   		
10325   			11.66   		   		
10330   			11.77   		   		
10336   			11.20   		   		
10342   			11.25   		   		
10348   			11.08   		   		
10353   			11.54   		   		
10359   			11.19   		   		
10365   			12.74   		   		
10370   			11.50   		   		
10376   			11.79   		   		
10382   			10.81   		   		
10388   			10.30   		   		
10393   			10.41   		   		
10399   			11.06   		   		
10405   			10.38   		   		
10411   			10.78   		   		
10416   			10.78   		   		
10422   			11.24   		   		
10428   			10.99   		   		
10433   			11.56   		   		
10439   			10.13   		   		
10445   			10.01   		   		
10451   			10.47   		   		
10456   			11.54   		   		
10462   			11.94   		   		
10468   			10.62   		   		
10474   			9.48   		   		
10479   			9.70   		   		
10485   			9.45   		   		
10491   			10.08   		   		
10496   			10.66   		   		
10502   			10.08   		   		
10508   			10.49   		   		
10514   			10.53   		   		
10519   			10.18   		   		
10525   			10.18   		   		
10531   			9.84   		   		
10537   			10.36   		   		
10542   			11.33   		   		
10548   			11.50   		   		
10554   			11.79   		   		
10559   			11.61   		   		
10565   			11.67   		   		
10571   			11.19   		   		
10577   			11.42   		   		
10582   			11.48   		   		
10588   			11.19   		   		
10594   			10.79   		   		
10600   			9.93   		   		
10605   			10.79   		   		
10611   			11.14   		   		
10617   			10.74   		   		
10622   			10.11   		   		
10628   			10.96   		   		
10634   			11.31   		   		
10640   			10.91   		   		
10645   			10.16   		   		
10651   			11.08   		   		
10657   			10.79   		   		
10663   			10.68   		   		
10668   			11.48   		   		
10674   			10.56   		   		
10680   			11.65   		   		
10685   			11.04   		   		
10691   			11.39   		   		
10697   			11.27   		   		
10703   			10.81   		   		
10708   			10.87   		   		
10714   			11.71   		   		
10720   			11.59   		   		
10725   			11.76   		   		
10731   			11.42   		   		
10737   			11.36   		   		
10743   			11.96   		   		
10748   			11.04   		   		
10754   			11.90   		   		
10760   			11.39   		   		
10766   			10.58   		   		
10771   			11.76   		   		
10777   			12.11   		   		
10783   			9.70   		   		
10788   			11.31   		   		
10794   			10.96   		   		
10800   			10.18   		   		
10806   			11.90   		   		
10811   			11.56   		   		
10817   			10.58   		   		
10823   			11.56   		   		
10829   			11.65   		   		
10834   			11.31   		   		
10840   			11.71   		   		
10846   			9.82   		   		
10851   			11.71   		   		
10857   			11.12   		   		
10863   			11.46   		   		
10869   			10.95   		   		
10874   			11.29   		   		
10880   			11.29   		   		
10886   			11.02   		   		
10892   			11.14   		   		
10897   			11.02   		   		
10903   			11.02   		   		
10909   			11.19   		   		
10914   			11.50   		   		
10920   			11.67   		   		
10926   			11.73   		   		
10932   			11.16   		   		
10937   			10.99   		   		
10943   			11.39   		   		
10949   			10.47   		   		
10955   			11.33   		   		
10960   			11.90   		   		
10966   			11.10   		   		
10972   			10.64   		   		
10977   			10.76   		   		
10983   			11.04   		   		
10989   			11.61   		   		
10995   			10.64   		   		
11000   			11.33   		   		
11006   			11.79   		   		
11012   			11.27   		   		
11018   			10.64   		   		
11023   			11.56   		   		
11029   			11.25   		   		
11035   			11.42   		   		
11040   			11.54   		   		
11046   			11.82   		   		
11052   			11.59   		   		
11058   			10.80   		   		
11063   			10.28   		   		
11069   			10.45   		   		
11075   			11.37   		   		
11081   			10.97   		   		
11086   			10.20   		   		
11092   			10.72   		   		
11098   			11.18   		   		
11103   			10.43   		   		
11109   			11.69   		   		
11115   			11.65   		   		
11121   			11.94   		   		
11126   			11.14   		   		
11132   			12.05   		   		
11138   			12.34   		   		
11144   			11.24   		   		
11149   			11.01   		   		
11155   			10.83   		   		
11161   			10.95   		   		
11166   			10.89   		   		
11172   			10.89   		   		
11178   			10.72   		   		
11184   			11.41   		   		
11189   			11.35   		   		
11195   			11.29   		   		
11201   			10.55   		   		
11207   			10.26   		   		
11212   			11.01   		   		
11218   			10.78   		   		
11224   			11.41   		   		
11229   			10.87   		   		
11235   			11.50   		   		
11241   			11.61   		   		
11247   			10.76   		   		
11252   			11.16   		   		
11258   			11.79   		   		
11264   			10.87   		   		
11270   			10.93   		   		
11275   			10.58   		   		
11281   			10.18   		   		
11287   			9.88   		   		
11292   			10.91   		   		
11298   			9.70   		   		
11304   			10.11   		   		
11310   			10.91   		   		
11315   			10.96   		   		
11321   			10.62   		   		
11327   			9.36   		   		
11332   			11.02   		   		
11338   			10.85   		   		
11344   			11.36   		   		
11350   			10.79   		   		
11355   			11.19   		   		
11361   			11.14   		   		
11367   			11.65   		   		
11373   			11.88   		   		
11378   			11.94   		   		
11384   			11.76   		   		
11390   			9.25   		   		
11395   			10.22   		   		
11401   			10.51   		   		
11407   			10.62   		   		
11413   			11.54   		   		
11418   			11.71   		   		
11424   			10.85   		   		
11430   			10.96   		   		
11436   			11.31   		   		
11441   			11.25   		   		
11447   			10.68   		   		
11453   			10.79   		   		
11458   			10.30   		   		
11464   			10.30   		   		
11470   			10.13   		   		
11476   			10.36   		   		
11481   			11.16   		   		
11487   			10.95   		   		
11493   			12.09   		   		
11499   			10.89   		   		
11504   			11.52   		   		
11510   			11.35   		   		
11516   			11.39   		   		
11521   			11.50   		   		
11527   			10.87   		   		
11533   			10.87   		   		
11539   			11.16   		   		
11544   			11.42   		   		
11550   			11.42   		   		
11556   			11.88   		   		
11562   			10.74   		   		
11567   			10.11   		   		
11573   			10.79   		   		
11579   			10.22   		   		
11584   			11.08   		   		
11590   			10.56   		   		
11596   			11.59   		   		
11602   			10.68   		   		
11607   			11.99   		   		
11613   			11.42   		   		
11619   			10.51   		   		
11625   			10.16   		   		
11630   			11.54   		   		
11636   			11.60   		   		
11642   			10.05   		   		
11647   			10.40   		   		
11653   			10.57   		   		
11659   			11.08   		   		
11665   			11.02   		   		
11670   			10.39   		   		
11676   			11.14   		   		
11682   			11.14   		   		
11688   			11.46   		   		
11693   			11.46   		   		
11699   			11.41   		   		
11705   			10.89   		   		
11710   			10.89   		   		
11716   			11.02   		   		
11722   			10.39   		   		
11728   			10.16   		   		
11733   			10.68   		   		
11739   			10.79   		   		
11745   			10.76   		   		
11750   			11.04   		   		
11756   			10.41   		   		
11762   			10.13   		   		
11768   			11.27   		   		
11773   			10.81   		   		
11779   			10.64   		   		
11785   			10.64   		   		
11791   			11.16   		   		
11796   			11.27   		   		
11802   			11.71   		   		
11808   			9.25   		   		
11813   			10.74   		   		
11819   			10.79   		   		
11825   			11.14   		   		
11831   			10.62   		   		
11836   			11.14   		   		
11842   			10.91   		   		
11848   			11.42   		   		
11854   			10.96   		   		
11859   			11.59   		   		
11865   			11.42   		   		
11871   			9.65   		   		
11876   			11.19   		   		
11882   			11.31   		   		
11888   			11.42   		   		
11894   			11.82   		   		
11899   			12.05   		   		
11905   			11.14   		   		
11911   			12.34   		   		
11917   			10.96   		   		
11922   			10.56   		   		
11928   			10.74   		   		
11934   			9.25   		   		
11939   			11.19   		   		
11945   			12.07   		   		
11951   			11.61   		   		
11957   			10.70   		   		
11962   			11.10   		   		
11968   			11.44   		   		
11974   			11.56   		   		
11980   			10.58   		   		
11985   			11.21   		   		
11991   			11.16   		   		
11997   			11.16   		   		
12002   			11.69   		   		
12008   			11.12   		   		
12014   			11.69   		   		
12020   			11.41   		   		
12025   			11.64   		   		
12031   			11.48   		   		
12037   			10.91   		   		
12043   			10.62   		   		
12048   			10.56   		   		
12054   			11.08   		   		
12060   			9.84   		   		
12065   			11.56   		   		
12071   			11.04   		   		
12077   			11.21   		   		
12083   			11.84   		   		
12088   			11.04   		   		
12094   			10.47   		   		
12100   			11.21   		   		
12106   			10.70   		   		
12111   			11.56   		   		
12117   			10.96   		   		
12123   			11.19   		   		
12128   			11.02   		   		
12134   			10.85   		   		
12140   			11.25   		   		
12146   			11.19   		   		
12151   			10.68   		   		
12157   			10.91   		   		
12163   			11.02   		   		
12169   			10.91   		   		
12174   			10.83   		   		
12180   			11.41   		   		
12186   			11.69   		   		
12191   			11.12   		   		
12197   			11.69   		   		
12203   			11.42   		   		
12209   			11.48   		   		
12214   			12.05   		   		
12220   			10.56   		   		
12226   			11.82   		   		
12232   			10.95   		   		
12237   			11.18   		   		
12243   			10.49   		   		
12249   			9.98   		   		
12254   			11.12   		   		
12260   			9.65   		   		
12266   			10.33   		   		
12272   			10.16   		   		
12277   			10.51   		   		
12283   			10.33   		   		
12289   			11.08   		   		
12295   			11.36   		   		
12300   			10.85   		   		
12306   			11.02   		   		
12312   			10.56   		   		
12317   			10.58   		   		
12323   			10.58   		   		
12329   			10.07   		   		
12335   			11.33   		   		
12340   			11.27   		   		
12346   			10.43   		   		
12352   			11.35   		   		
12358   			10.72   		   		
12363   			10.83   		   		
12369   			10.66   		   		
12375   			10.33   		   		
12380   			9.82   		   		
12386   			10.96   		   		
12392   			9.88   		   		
12398   			10.33   		   		
12403   			10.68   		   		
12409   			10.33   		   		
12415   			10.56   		   		
12421   			10.74   		   		
12426   			9.82   		   		
12432   			9.57   		   		
12438   			10.78   		   		
12443   			9.86   		   		
12449   			9.40   		   		
12455   			9.86   		   		
12461   			10.28   		   		
12466   			10.11   		   		
12472   			9.59   		   		
12478   			7.93   		   		
12483   			9.59   		   		
12489   			9.95   		   		
12495   			9.44   		   		
12501   			8.98   		   		
12506   			9.73   		   		
12512   			9.50   		   		
12518   			9.88   		   		
12524   			10.28   		   		
12529   			9.99   		   		
12535   			9.36   		   		
12541   			7.93   		   		
12546   			10.60   		   		
12552   			9.68   		   		
12558   			10.49   		   		
12564   			9.74   		   		
12569   			9.68   		   		
12575   			10.01   		   		
12581   			10.18   		   		
12587   			9.67   		   		
12592   			9.90   		   		
12598   			10.18   		   		
12604   			8.56   		   		
12609   			9.76   		   		
12615   			9.65   		   		
12621   			10.22   		   		
12627   			10.51   		   		
12632   			10.68   		   		
12638   			10.22   		   		
12644   			9.25   		   		
12650   			10.11   		   		
12655   			9.82   		   		
12661   			11.19   		   		
12667   			9.48   		   		
12672   			10.62   		   		
12678   			10.85   		   		
12684   			10.45   		   		
12690   			10.99   		   		
12695   			10.53   		   		
12701   			10.36   		   		
12707   			10.24   		   		
12713   			10.76   		   		
12718   			10.22   		   		
12724   			11.36   		   		
12730   			9.88   		   		
12735   			11.25   		   		
12741   			11.08   		   		
12747   			10.58   		   		
12753   			9.95   		   		
12758   			10.01   		   		
12764   			9.95   		   		
12770   			10.18   		   		
12776   			10.15   		   		
12781   			9.86   		   		
12787   			9.86   		   		
12793   			9.80   		   		
12798   			10.32   		   		
12804   			10.28   		   		
12810   			11.08   		   		
12816   			10.56   		   		
12821   			10.33   		   		
12827   			10.91   		   		
12833   			11.54   		   		
12839   			11.14   		   		
12844   			10.45   		   		
12850   			9.59   		   		
12856   			10.56   		   		
12861   			10.39   		   		
12867   			10.22   		   		
12873   			11.02   		   		
12879   			11.02   		   		
12884   			10.68   		   		
12890   			10.51   		   		
12896   			10.28   		   		
12902   			9.42   		   		
12907   			9.93   		   		
12913   			10.22   		   		
12919   			9.76   		   		
12924   			10.68   		   		
12930   			9.13   		   		
12936   			10.16   		   		
12942   			10.11   		   		
12947   			9.53   		   		
12953   			9.65   		   		
12959   			10.62   		   		
12965   			9.93   		   		
12970   			8.84   		   		
12976   			9.36   		   		
12982   			9.70   		   		
12987   			9.30   		   		
12993   			9.07   		   		
12999   			9.93   		   		
13005   			9.78   		   		
13010   			9.55   		   		
13016   			10.30   		   		
13022   			10.47   		   		
13027   			10.07   		   		
13033   			10.13   		   		
13039   			10.01   		   		
13045   			10.30   		   		
13050   			9.27   		   		
13056   			8.87   		   		
13062   			10.24   		   		
13068   			9.32   		   		
13073   			9.73   		   		
13079   			9.10   		   		
13085   			8.29   		   		
13090   			9.84   		   		
13096   			9.38   		   		
13102   			9.73   		   		
13108   			9.84   		   		
13113   			10.01   		   		
13119   			10.18   		   		
13125   			10.24   		   		
13131   			10.24   		   		
13136   			9.95   		   		
13142   			10.01   		   		
13148   			7.83   		   		
13153   			9.61   		   		
13159   			8.69   		   		
13165   			8.92   		   		
13171   			8.87   		   		
13176   			9.65   		   		
13182   			9.93   		   		
13188   			9.99   		   		
13194   			10.22   		   		
13199   			9.70   		   		
13205   			10.76   		   		
13211   			9.27   		   		
13216   			8.87   		   		
13222   			9.95   		   		
13228   			9.55   		   		
13234   			10.05   		   		
13239   			9.88   		   		
13245   			9.36   		   		
13251   			9.59   		   		
13257   			9.70   		   		
13262   			10.05   		   		
13268   			9.70   		   		
13274   			9.53   		   		
13279   			9.30   		   		
13285   			9.30   		   		
13291   			9.65   		   		
13297   			8.84   		   		
13302   			9.42   		   		
13308   			9.88   		   		
13314   			9.36   		   		
13320   			8.90   		   		
13325   			9.42   		   		
13331   			9.93   		   		
13337   			9.42   		   		
13342   			8.73   		   		
13348   			9.17   		   		
13354   			9.75   		   		
13360   			9.80   		   		
13365   			10.66   		   		
13371   			10.32   		   		
13377   			10.99   		   		
13383   			10.76   		   		
13388   			10.13   		   		
13394   			9.61   		   		
13400   			9.38   		   		
13405   			9.86   		   		
13411   			9.98   		   		
13417   			9.75   		   		
13423   			9.75   		   		
13428   			9.46   		   		
13434   			9.29   		   		
13440   			8.89   		   		
13446   			9.46   		   		
13451   			9.40   		   		
13457   			9.52   		   		
13463   			9.76   		   		
13468   			9.70   		   		
13474   			9.65   		   		
13480   			9.65   		   		
13486   			9.82   		   		
13491   			9.98   		   		
13497   			10.38   		   		
13503   			9.52   		   		
13509   			10.09   		   		
13514   			9.29   		   		
13520   			8.92   		   		
13526   			10.24   		   		
13531   			8.98   		   		
13537   			9.32   		   		
13543   			10.30   		   		
13549   			10.11   		   		
13554   			9.99   		   		
13560   			9.99   		   		
13566   			10.28   		   		
13572   			10.74   		   		
13577   			10.56   		   		
13583   			11.25   		   		
13589   			10.85   		   		
13594   			10.45   		   		
13600   			10.05   		   		
13606   			10.56   		   		
13612   			11.14   		   		
13617   			11.02   		   		
13623   			9.88   		   		
13629   			9.59   		   		
13635   			9.73   		   		
13640   			9.95   		   		
13646   			9.50   		   		
13652   			9.61   		   		
13657   			9.67   		   		
13663   			10.26   		   		
13669   			9.63   		   		
13675   			10.32   		   		
13680   			9.80   		   		
13686   			10.66   		   		
13692   			10.08   		   		
13698   			9.51   		   		
13703   			9.23   		   		
13709   			8.82   		   		
13715   			10.43   		   		
13720   			9.99   		   		
13726   			9.88   		   		
13732   			10.22   		   		
13738   			10.33   		   		
13743   			10.28   		   		
13749   			10.32   		   		
13755   			8.37   		   		
13760   			10.49   		   		
13766   			9.86   		   		
13772   			10.20   		   		
13778   			10.79   		   		
13783   			10.05   		   		
13789   			10.22   		   		
13795   			10.11   		   		
13801   			10.56   		   		
13806   			10.22   		   		
13812   			10.96   		   		
13818   			8.56   		   		
13823   			10.05   		   		
13829   			9.70   		   		
13835   			10.16   		   		
13841   			9.99   		   		
13846   			10.56   		   		
13852   			9.59   		   		
13858   			10.62   		   		
13864   			10.36   		   		
13869   			10.93   		   		
13875   			10.47   		   		
13881   			8.87   		   		
13886   			10.13   		   		
13892   			10.05   		   		
13898   			9.59   		   		
13904   			9.76   		   		
13909   			10.56   		   		
13915   			10.16   		   		
13921   			9.63   		   		
13927   			10.66   		   		
13932   			10.32   		   		
13938   			9.63   		   		
13944   			9.63   		   		
13949   			9.06   		   		
13955   			9.75   		   		
13961   			9.57   		   		
13967   			9.92   		   		
13972   			9.29   		   		
13978   			9.53   		   		
13984   			11.36   		   		
13990   			10.91   		   		
13995   			10.28   		   		
14001   			9.65   		   		
14007   			10.64   		   		
14012   			10.18   		   		
14018   			10.24   		   		
14024   			10.93   		   		
14030   			10.58   		   		
14035   			10.20   		   		
14041   			10.43   		   		
14047   			10.78   		   		
14053   			10.95   		   		
14058   			10.95   		   		
14064   			10.30   		   		
14070   			10.47   		   		
14075   			10.41   		   		
14081   			10.53   		   		
14087   			10.47   		   		
14093   			10.68   		   		
14098   			10.22   		   		
14104   			10.05   		   		
14110   			9.59   		   		
14116   			9.65   		   		
14121   			9.88   		   		
14127   			10.28   		   		
14133   			9.88   		   		
14138   			9.88   		   		
14144   			10.17   		   		
14150   			10.24   		   		
14156   			9.90   		   		
14161   			10.01   		   		
14167   			10.58   		   		
14173   			9.67   		   		
14179   			10.03   		   		
14184   			11.11   		   		
14190   			10.49   		   		
14196   			10.54   		   		
14201   			10.20   		   		
14207   			9.86   		   		
14213   			9.74   		   		
14219   			9.74   		   		
14224   			9.28   		   		
14230   			10.49   		   		
14236   			10.79   		   		
14242   			10.11   		   		
14247   			11.02   		   		
14253   			10.22   		   		
14259   			11.08   		   		
14264   			10.68   		   		
14270   			10.45   		   		
14276   			10.68   		   		
14282   			10.91   		   		
14287   			10.80   		   		
14293   			11.16   		   		
14299   			10.47   		   		
14304   			9.90   		   		
14310   			10.18   		   		
14316   			10.36   		   		
14322   			10.30   		   		
14327   			10.58   		   		
14333   			10.13   		   		
14339   			10.18   		   		
14345   			10.07   		   		
14350   			10.45   		   		
14356   			10.68   		   		
14362   			4.65   		   		
14367   			10.05   		   		
14373   			9.93   		   		
14379   			9.74   		   		
14385   			9.91   		   		
14390   			9.74   		   		
14396   			10.43   		   		
14402   			9.97   		   		
14408   			9.73   		   		
14413   			9.27   		   		
14419   			9.95   		   		
14425   			10.24   		   		
14430   			10.07   		   		
14436   			9.73   		   		
14442   			10.36   		   		
14448   			9.67   		   		
14453   			9.78   		   		
14459   			9.84   		   		
14465   			9.84   		   		
14471   			9.78   		   		
14476   			10.36   		   		
14482   			10.18   		   		
14488   			10.24   		   		
14493   			9.86   		   		
14499   			10.55   		   		
14505   			10.78   		   		
14511   			10.32   		   		
14516   			10.15   		   		
14522   			10.91   		   		
14528   			10.56   		   		
14534   			10.62   		   		
14539   			11.08   		   		
14545   			10.85   		   		
14551   			10.81   		   		
14556   			9.73   		   		
14562   			9.32   		   		
14568   			9.84   		   		
14574   			9.78   		   		
14579   			8.84   		   		
14585   			9.65   		   		
14591   			9.70   		   		
14597   			9.76   		   		
14602   			10.39   		   		
14608   			10.56   		   		
14614   			10.79   		   		
14619   			10.11   		   		
14625   			9.82   		   		
14631   			9.59   		   		
14637   			9.82   		   		
14642   			10.05   		   		
14648   			10.56   		   		
14654   			10.96   		   		
14660   			10.62   		   		
14665   			11.25   		   		
14671   			10.45   		   		
14677   			9.99   		   		
14682   			9.93   		   		
14688   			8.96   		   		
14694   			10.13   		   		
14700   			9.95   		   		
14705   			9.61   		   		
14711   			10.47   		   		
14717   			10.07   		   		
14723   			10.45   		   		
14728   			10.28   		   		
14734   			9.30   		   		
14740   			10.45   		   		
14745   			10.56   		   		
14751   			9.99   		   		
14757   			9.70   		   		
14763   			9.59   		   		
14768   			10.39   		   		
14774   			10.68   		   		
14780   			10.38   		   		
14786   			10.95   		   		
14791   			10.55   		   		
14797   			9.92   		   		
14803   			9.80   		   		
14808   			10.05   		   		
14814   			9.93   		   		
14820   			9.70   		   		
14826   			9.82   		   		
14831   			9.99   		   		
14837   			9.53   		   		
14843   			9.59   		   		
14849   			9.99   		   		
14854   			9.36   		   		
14860   			9.48   		   		
14866   			10.36   		   		
14871   			10.53   		   		
14877   			9.84   		   		
14883   			10.53   		   		
14889   			10.01   		   		
14894   			10.83   		   		
14900   			10.83   		   		
14906   			9.86   		   		
14911   			10.55   		   		
14917   			10.66   		   		
14923   			10.51   		   		
14929   			11.02   		   		
14934   			10.96   		   		
14940   			9.76   		   		
14946   			10.22   		   		
14952   			10.28   		   		
14957   			10.74   		   		
14963   			10.79   		   		
14969   			9.30   		   		
14974   			11.14   		   		
14980   			10.28   		   		
14986   			10.11   		   		
14992   			10.51   		   		
14997   			9.65   		   		
15003   			9.82   		   		
15009   			9.80   		   		
15015   			9.97   		   		
15020   			9.91   		   		
15026   			9.91   		   		
15032   			11.06   		   		
15037   			10.47   		   		
15043   			10.93   		   		
15049   			10.41   		   		
15055   			11.16   		   		
15060   			11.27   		   		
15066   			11.84   		   		
15072   			11.84   		   		
15078   			11.04   		   		
15083   			10.81   		   		
15089   			11.61   		   		
15095   			11.76   		   		
15100   			11.76   		   		
15106   			11.94   		   		
15112   			11.31   		   		
15118   			11.82   		   		
15123   			11.17   		   		
15129   			11.11   		   		
15135   			10.60   		   		
15141   			10.26   		   		
15146   			10.77   		   		
15152   			11.03   		   		
15158   			11.20   		   		
15163   			10.91   		   		
15169   			10.45   		   		
15175   			10.63   		   		
15181   			11.73   		   		
15186   			11.44   		   		
15192   			11.27   		   		
15198   			11.27   		   		
15204   			11.21   		   		
15209   			11.42   		   		
15215   			10.79   		   		
15221   			11.42   		   		
15226   			11.31   		   		
15232   			11.59   		   		
15238   			10.93   		   		
15244   			11.73   		   		
15249   			10.87   		   		
15255   			11.10   		   		
15261   			11.39   		   		
15266   			11.92   		   		
15272   			11.46   		   		
15278   			11.01   		   		
15284   			10.61   		   		
15289   			10.38   		   		
15295   			11.35   		   		
15301   			10.95   		   		
15307   			11.06   		   		
15312   			10.38   		   		
15318   			11.18   		   		
15324   			8.90   		   		
15329   			10.62   		   		
15335   			11.25   		   		
15341   			11.59   		   		
15347   			11.59   		   		
15352   			11.64   		   		
15358   			11.41   		   		
15364   			12.21   		   		
15370   			11.24   		   		
15375   			11.41   		   		
15381   			10.74   		   		
15387   			8.27   		   		
15392   			10.68   		   		
15398   			11.48   		   		
15404   			10.62   		   		
15410   			11.21   		   		
15415   			11.67   		   		
15421   			11.50   		   		
15427   			11.61   		   		
15433   			11.16   		   		
15438   			10.81   		   		
15444   			11.44   		   		
15450   			12.13   		   		
15455   			10.93   		   		
15461   			10.76   		   		
15467   			11.06   		   		
15473   			10.83   		   		
15478   			11.17   		   		
15484   			10.77   		   		
15490   			10.54   		   		
15496   			10.99   		   		
15501   			10.58   		   		
15507   			10.99   		   		
15513   			11.90   		   		
15518   			11.10   		   		
15524   			10.64   		   		
15530   			11.10   		   		
15536   			10.93   		   		
15541   			11.27   		   		
15547   			11.27   		   		
15553   			10.85   		   		
15559   			10.56   		   		
15564   			10.39   		   		
15570   			11.36   		   		
15576   			10.33   		   		
15581   			10.60   		   		
15587   			10.31   		   		
15593   			10.31   		   		
15599   			10.08   		   		
15604   			11.11   		   		
15610   			10.61   		   		
15616   			10.72   		   		
15622   			10.89   		   		
15627   			10.38   		   		
15633   			9.92   		   		
15639   			10.45   		   		
15644   			10.51   		   		
15650   			10.39   		   		
15656   			10.85   		   		
15662   			9.70   		   		
15667   			10.76   		   		
15673   			10.93   		   		
15679   			11.33   		   		
15685   			10.93   		   		
15690   			10.81   		   		
15696   			10.47   		   		
15702   			10.76   		   		
15707   			9.95   		   		
15713   			9.55   		   		
15719   			10.76   		   		
15725   			10.18   		   		
15730   			10.53   		   		
15736   			10.58   		   		
15742   			11.79   		   		
15748   			10.01   		   		
15753   			10.09   		   		
15759   			10.20   		   		
15765   			9.98   		   		
15770   			10.95   		   		
15776   			10.26   		   		
15782   			9.95   		   		
15788   			11.04   		   		
15793   			10.93   		   		
15799   			11.79   		   		
15805   			10.93   		   		
15811   			10.53   		   		
15816   			10.18   		   		
15822   			10.30   		   		
15828   			10.76   		   		
15833   			9.84   		   		
15839   			10.41   		   		
15845   			10.13   		   		
15851   			10.76   		   		
15856   			10.47   		   		
15862   			9.90   		   		
15868   			9.78   		   		
15874   			9.84   		   		
15879   			9.38   		   		
15885   			9.55   		   		
15891   			8.41   		   		
15896   			8.56   		   		
15902   			8.73   		   		
15908   			9.13   		   		
15914   			8.67   		   		
15919   			8.44   		   		
15925   			8.20   		   		
15931   			7.91   		   		
15937   			7.85   		   		
15942   			8.20   		   		
15948   			7.62   		   		
15954   			8.35   		   		
15959   			7.60   		   		
15965   			7.60   		   		
15971   			7.43   		   		
15977   			7.26   		   		
15982   			7.35   		   		
15988   			6.78   		   		
15994   			6.49   		   		
16000   			6.84   		   		
16005   			6.89   		   		
16011   			6.97   		   		
16017   			7.43   		   		
16022   			7.32   		   		
16028   			7.14   		   		
16034   			7.72   		   		
16040   			6.70   		   		
16045   			6.41   		   		
16051   			6.07   		   		
16057   			6.18   		   		
16063   			5.95   		   		
16068   			6.74   		   		
16074   			6.51   		   		
16080   			6.51   		   		
16085   			6.22   		   		
16091   			7.32   		   		
16097   			5.92   		   		
16103   			6.20   		   		
16108   			5.40   		   		
16114   			5.57   		   		
16120   			2.98   		   		
16125   			5.11   		   		
16131   			5.63   		   		
16137   			5.63   		   		
16143   			5.97   		   		
16148   			5.69   		   		
16154   			5.82   		   		
16160   			5.07   		   		
16166   			4.55   		   		
16171   			4.90   		   		
16177   			5.48   		   		
16183   			3.01   		   		
16188   			5.72   		   		
16194   			4.40   		   		
16200   			5.49   		   		
16206   			5.43   		   		
16211   			4.34   		   		
16217   			4.69   		   		
16223   			4.22   		   		
16229   			4.34   		   		
16234   			4.17   		   		
16240   			4.65   		   		
16246   			1.99   		   		
16251   			4.65   		   		
16257   			4.07   		   		
16263   			4.36   		   		
16269   			3.67   		   		
16274   			4.71   		   		
16280   			4.82   		   		
16286   			3.96   		   		
16292   			4.48   		   		
16297   			4.53   		   		
16303   			3.78   		   		
16309   			1.59   		   		
16314   			4.19   		   		
16320   			3.55   		   		
16326   			3.82   		   		
16332   			3.99   		   		
16337   			3.53   		   		
16343   			3.47   		   		
16349   			3.65   		   		
16355   			3.61   		   		
16360   			4.76   		   		
16366   			4.13   		   		
16372   			4.36   		   		
16377   			4.42   		   		
16383   			4.19   		   		
16389   			4.19   		   		
16395   			4.25   		   		
16400   			3.44   		   		
16406   			3.84   		   		
16412   			4.15   		   		
16418   			3.98   		   		
16423   			3.86   		   		
16429   			4.50   		   		
16435   			3.86   		   		
16440   			4.21   		   		
16446   			4.04   		   		
16452   			2.94   		   		
16458   			3.11   		   		
16463   			3.46   		   		
16469   			2.56   		   		
16475   			3.25   		   		
16481   			2.50   		   		
16486   			2.21   		   		
16492   			2.79   		   		
16498   			2.17   		   		
16503   			1.59   		   		
16509   			1.42   		   		
16515   			2.46   		   		
16521   			2.69   		   		
16526   			2.02   		   		
16532   			2.42   		   		
16538   			2.02   		   		
16544   			1.50   		   		
16549   			1.44   		   		
16555   			2.13   		   		
16561   			1.38   		   		
16566   			1.96   		   		
16572   			2.25   		   		
16578   			1.67   		   		
16584   			1.34   		   		
16589   			1.17   		   		
16595   			1.17   		   		
16601   			1.57   		   		
16607   			1.29   		   		
16612   			1.40   		   		
16618   			1.51   		   		
16624   			2.38   		   		
16629   			1.97   		   		
16635   			2.55   		   		
16641   			1.24   		   		
16647   			1.71   		   		
16652   			0.20   		   		
16658   			1.59   		   		
16664   			1.88   		   		
16669   			0.95   		   		
16675   			1.65   		   		
16681   			1.13   		   		
16687   			0.95   		   		
16692   			0.84   		   		
16698   			1.23   		   		
16704   			1.17   		   		
16710   			0.65   		   		
16715   			0.65   		   		
16721   			1.00   		   		
16727   			-1.26   		   		
16732   			0.71   		   		
16738   			1.34   		   		
16744   			1.40   		   		
16750   			1.34   		   		
16755   			0.61   		   		
16761   			1.42   		   		
16767   			1.99   		   		
16773   			1.76   		   		
16778   			1.71   		   		
16784   			2.40   		   		
16790   			0.84   		   		
16795   			1.36   		   		
16801   			1.13   		   		
16807   			0.72   		   		
16813   			1.59   		   		
16818   			1.59   		   		
16824   			1.71   		   		
16830   			2.28   		   		
16836   			1.82   		   		
16841   			0.86   		   		
16847   			1.67   		   		
16853   			2.30   		   		
16858   			1.84   		   		
16864   			2.13   		   		
16870   			1.86   		   		
16876   			1.05   		   		
16881   			0.70   		   		
16887   			1.11   		   		
16893   			1.86   		   		
16899   			1.46   		   		
16904   			1.23   		   		
16910   			0.59   		   		
16916   			1.98   		   		
16921   			1.69   		   		
16927   			1.78   		   		
16933   			0.51   		   		
16939   			0.74   		   		
16944   			1.32   		   		
16950   			0.11   		   		
16956   			-0.20   		   		
16962   			0.26   		   		
16967   			0.95   		   		
16973   			1.13   		   		
16979   			0.95   		   		
16984   			0.66   		   		
16990   			0.66   		   		
16996   			0.55   		   		
17002   			1.65   		   		
17007   			1.71   		   		
17013   			1.03   		   		
17019   			0.28   		   		
17024   			2.02   		   		
17030   			1.67   		   		
17036   			1.38   		   		
17042   			1.34   		   		
17047   			0.59   		   		
17053   			1.00   		   		
17059   			1.46   		   		
17065   			0.76   		   		
17070   			1.61   		   		
17076   			0.51   		   		
17082   			-1.17   		   		
17087   			-0.01   		   		
17093   			0.92   		   		
17099   			0.61   		   		
17105   			1.13   		   		
17110   			0.78   		   		
17116   			0.03   		   		
17122   			0.90   		   		
17128   			0.30   		   		
17133   			-0.05   		   		
17139   			0.88   		   		
17145   			-1.15   		   		
17150   			0.65   		   		
17156   			0.45   		   		
17162   			1.09   		   		
17168   			0.80   		   		
17173   			1.84   		   		
17179   			1.03   		   		
17185   			0.35   		   		
17191   			1.16   		   		
17196   			0.59   		   		
17202   			0.18   		   		
17208   			0.53   		   		
17213   			-0.67   		   		
17219   			0.14   		   		
17225   			-0.49   		   		
17231   			0.72   		   		
17236   			-0.38   		   		
17242   			0.34   		   		
17248   			0.16   		   		
17254   			0.34   		   		
17259   			0.16   		   		
17265   			-0.47   		   		
17271   			-0.59   		   		
17276   			-0.41   		   		
17282   			-0.41   		   		
17288   			-0.47   		   		
17294   			-0.18   		   		
17299   			1.46   		   		
17305   			0.59   		   		
17311   			-0.22   		   		
17317   			-0.10   		   		
17322   			0.13   		   		
17328   			0.66   		   		
17334   			1.24   		   		
17339   			0.43   		   		
17345   			0.14   		   		
17351   			-0.09   		   		
17357   			-1.05   		   		
17362   			-1.11   		   		
17368   			-0.88   		   		
17374   			-0.82   		   		
17380   			-0.24   		   		
17385   			-1.11   		   		
17391   			0.11   		   		
17397   			-0.18   		   		
17402   			-0.18   		   		
17408   			0.45   		   		
17414   			-0.26   		   		
17420   			-0.09   		   		
17425   			0.20   		   		
17431   			0.09   		   		
17437   			-0.38   		   		
17443   			-0.07   		   		
17448   			-0.53   		   		
17454   			-0.94   		   		
17460   			-1.11   		   		
17465   			0.22   		   		
17471   			0.09   		   		
17477   			0.38   		   		
17483   			0.72   		   		
17488   			-0.84   		   		
17494   			0.38   		   		
17500   			0.20   		   		
17506   			0.61   		   		
17511   			-0.44   		   		
17517   			-0.32   		   		
17523   			-0.32   		   		
17528   			-0.53   		   		
17534   			1.15   		   		
17540   			0.11   		   		
17546   			0.63   		   		
17551   			0.16   		   		
17557   			-0.67   		   		
17563   			-0.09   		   		
17569   			0.78   		   		
17574   			0.26   		   		
17580   			-0.67   		   		
17586   			-0.44   		   		
17591   			0.43   		   		
17597   			-0.49   		   		
17603   			-0.90   		   		
17609   			-1.07   		   		
17614   			-0.20   		   		
17620   			-0.72   		   		
17626   			-2.41   		   		
17631   			-1.19   		   		
17637   			-0.96   		   		
17643   			-0.98   		   		
17649   			0.01   		   		
17654   			-0.80   		   		
17660   			-1.21   		   		
17666   			-0.75   		   		
17672   			-0.26   		   		
17677   			-0.44   		   		
17683   			-1.07   		   		
17689   			-2.47   		   		
17694   			-0.20   		   		
17700   			-1.25   		   		
17706   			-1.13   		   		
17712   			-0.72   		   		
17717   			-0.49   		   		
17723   			-0.09   		   		
17729   			-0.70   		   		
17735   			0.34   		   		
17740   			-0.94   		   		
17746   			-0.53   		   		
17752   			-0.70   		   		
17757   			-0.78   		   		
17763   			-0.32   		   		
17769   			-0.44   		   		
17775   			0.55   		   		
17780   			0.66   		   		
17786   			0.43   		   		
17792   			0.03   		   		
17798   			-0.72   		   		
17803   			0.20   		   		
17809   			-0.32   		   		
17815   			0.14   		   		
17820   			0.03   		   		
17826   			0.72   		   		
17832   			-0.15   		   		
17838   			-0.49   		   		
17843   			-0.55   		   		
17849   			-0.78   		   		
17855   			-0.96   		   		
17861   			0.14   		   		
17866   			-0.55   		   		
17872   			0.22   		   		
17878   			-0.53   		   		
17883   			-0.94   		   		
17889   			-0.36   		   		
17895   			-0.65   		   		
17901   			-0.24   		   		
17906   			-1.34   		   		
17912   			-0.88   		   		
17918   			-0.88   		   		
17924   			-0.88   		   		
17929   			-0.89   		   		
17935   			-0.78   		   		
17941   			-1.82   		   		
17946   			-1.07   		   		
17952   			-1.07   		   		
17958   			-0.65   		   		
17964   			-0.47   		   		
17969   			-0.88   		   		
17975   			-1.23   		   		
17981   			-0.88   		   		
17987   			-0.78   		   		
17992   			0.03   		   		
17998   			0.03   		   		
18004   			-0.03   		   		
18009   			-0.09   		   		
18015   			1.86   		   		
18021   			0.13   		   		
18027   			0.19   		   		
18032   			-0.74   		   		
18038   			0.24   		   		
18044   			0.16   		   		
18050   			0.11   		   		
18055   			0.28   		   		
18061   			-0.82   		   		
18067   			-0.36   		   		
18072   			-0.72   		   		
18078   			-0.38   		   		
18084   			0.43   		   		
18090   			-0.90   		   		
18095   			0.09   		   		
18101   			0.16   		   		
18107   			-1.57   		   		
18112   			-0.70   		   		
18118   			-0.65   		   		
18124   			-0.41   		   		
18130   			-0.68   		   		
18135   			-0.51   		   		
18141   			0.13   		   		
18147   			-0.05   		   		
18153   			-0.86   		   		
18158   			-0.55   		   		
18164   			-0.78   		   		
18170   			-3.39   		   		
18175   			-1.25   		   		
18181   			-0.96   		   		
18187   			-0.49   		   		
18193   			-1.48   		   		
18198   			-1.59   		   		
18204   			-0.32   		   		
18210   			-0.90   		   		
18216   			-1.07   		   		
18221   			0.20   		   		
18227   			-0.84   		   		
18233   			-2.06   		   		
18238   			-0.49   		   		
18244   			0.42   		   		
18250   			0.42   		   		
18256   			-0.10   		   		
18261   			0.30   		   		
18267   			0.13   		   		
18273   			-0.10   		   		
18279   			0.88   		   		
18284   			0.19   		   		
18290   			-0.74   		   		
18296   			-1.49   		   		
18301   			-0.40   		   		
18307   			-0.22   		   		
18313   			-0.11   		   		
18319   			-0.40   		   		
18324   			-0.75   		   		
18330   			-0.53   		   		
18336   			-0.53   		   		
18342   			-0.88   		   		
18347   			-1.34   		   		
18353   			-1.40   		   		
18359   			-1.48   		   		
18364   			-1.19   		   		
18370   			-1.54   		   		
18376   			-1.83   		   		
18382   			-1.65   		   		
18387   			-1.48   		   		
18393   			-0.44   		   		
18399   			-1.19   		   		
18405   			-0.38   		   		
18410   			-0.90   		   		
18416   			-0.20   		   		
18422   			-0.26   		   		
18427   			-0.67   		   		
18433   			-1.07   		   		
18439   			-0.96   		   		
18445   			0.69   		   		
18450   			0.16   		   		
18456   			-0.24   		   		
18462   			-0.36   		   		
18468   			0.22   		   		
18473   			-1.01   		   		
18479   			-1.94   		   		
18485   			-1.19   		   		
18490   			-1.54   		   		
18496   			-1.36   		   		
18502   			-1.07   		   		
18508   			0.09   		   		
18513   			-0.84   		   		
18519   			-0.20   		   		
18525   			0.03   		   		
18531   			0.12   		   		
18536   			0.07   		   		
18542   			-0.80   		   		
18548   			-0.40   		   		
18553   			-0.51   		   		
18559   			-0.32   		   		
18565   			-1.25   		   		
18571   			-0.49   		   		
18576   			-0.20   		   		
18582   			-0.26   		   		
18588   			-0.17   		   		
18594   			-0.75   		   		
18599   			-0.46   		   		
18605   			-1.33   		   		
18611   			-0.51   		   		
18616   			-1.01   		   		
18622   			-1.30   		   		
18628   			-0.49   		   		
18634   			-0.32   		   		
18639   			-0.15   		   		
18645   			0.13   		   		
18651   			0.01   		   		
18657   			0.30   		   		
18662   			-0.97   		   		
18668   			-0.80   		   		
18674   			-0.32   		   		
18679   			-1.59   		   		
18685   			-1.36   		   		
18691   			-0.84   		   		
18697   			-1.71   		   		
18702   			-0.55   		   		
18708   			-1.42   		   		
18714   			-0.95   		   		
18720   			-0.20   		   		
18725   			-0.14   		   		
18731   			-0.20   		   		
18737   			-0.32   		   		
18742   			0.14   		   		
18748   			-0.26   		   		
18754   			0.32   		   		
18760   			0.16   		   		
18765   			0.22   		   		
18771   			0.51   		   		
18777   			-0.18   		   		
18783   			0.22   		   		
18788   			-0.26   		   		
18794   			-0.72   		   		
18800   			-0.61   		   		
18805   			-0.61   		   		
18811   			-0.38   		   		
18817   			-0.68   		   		
18823   			-0.80   		   		
18828   			-0.86   		   		
18834   			-0.10   		   		
18840   			0.01   		   		
18846   			-0.34   		   		
18851   			0.76   		   		
18857   			0.18   		   		
18863   			-0.22   		   		
18868   			0.82   		   		
18874   			-0.10   		   		
18880   			-0.34   		   		
18886   			-0.86   		   		
18891   			-0.28   		   		
18897   			-0.39   		   		
18903   			-0.41   		   		
18909   			0.05   		   		
18914   			0.11   		   		
18920   			-0.59   		   		
18926   			-0.24   		   		
18931   			-0.65   		   		
18937   			-0.59   		   		
18943   			-0.76   		   		
18949   			-0.41   		   		
18954   			-0.41   		   		
18960   			-0.68   		   		
18966   			-2.19   		   		
18971   			0.07   		   		
18977   			-0.45   		   		
18983   			-0.86   		   		
18989   			-0.28   		   		
18994   			-0.28   		   		
19000   			-0.16   		   		
19006   			-0.05   		   		
19012   			0.24   		   		
19017   			0.69   		   		
19023   			0.51   		   		
19029   			-1.46   		   		
19034   			-0.94   		   		
19040   			-0.24   		   		
19046   			-0.05   		   		
19052   			-0.22   		   		
19057   			-1.09   		   		
19063   			-0.51   		   		
19069   			-0.57   		   		
19075   			0.09   		   		
19080   			-0.49   		   		
19086   			0.84   		   		
19092   			-1.48   		   		
19097   			0.26   		   		
19103   			-0.15   		   		
19109   			0.26   		   		
19115   			-0.84   		   		
19120   			0.14   		   		
19126   			0.55   		   		
19132   			0.55   		   		
19138   			0.03   		   		
19143   			-0.03   		   		
19149   			0.84   		   		
19155   			-1.25   		   		
19160   			0.26   		   		
19166   			0.95   		   		
19172   			-0.09   		   		
19178   			0.32   		   		
19183   			-0.32   		   		
19189   			-0.20   		   		
19195   			0.43   		   		
19201   			-0.03   		   		
19206   			-0.26   		   		
19212   			-0.09   		   		
19218   			1.09   		   		
19223   			0.40   		   		
19229   			-0.18   		   		
19235   			-0.12   		   		
19241   			0.05   		   		
19246   			0.49   		   		
19252   			0.78   		   		
19258   			0.43   		   		
19264   			-0.32   		   		
19269   			-0.03   		   		
19275   			-0.26   		   		
19281   			0.38   		   		
19286   			-0.44   		   		
19292   			0.55   		   		
19298   			0.43   		   		
19304   			-0.15   		   		
19309   			-0.03   		   		
19315   			-0.15   		   		
19321   			0.14   		   		
19327   			0.66   		   		
19332   			0.14   		   		
19338   			0.09   		   		
19344   			0.55   		   		
19349   			0.09   		   		
19355   			0.14   		   		
19361   			0.42   		   		
19367   			0.30   		   		
19372   			0.94   		   		
19378   			0.59   		   		
19384   			0.59   		   		
19390   			-0.09   		   		
19395   			-0.55   		   		
19401   			-0.96   		   		
19407   			-0.72   		   		
19412   			-1.13   		   		
19418   			0.20   		   		
19424   			0.14   		   		
19430   			0.14   		   		
19435   			-1.07   		   		
19441   			-0.78   		   		
19447   			-0.45   		   		
19453   			-0.80   		   		
19458   			-0.51   		   		
19464   			-0.22   		   		
19470   			-0.16   		   		
19475   			-0.01   		   		
19481   			0.28   		   		
19487   			0.28   		   		
19493   			-0.12   		   		
19498   			0.40   		   		
19504   			-0.18   		   		
19510   			-0.41   		   		
19516   			-0.36   		   		
19521   			-0.41   		   		
19527   			-0.24   		   		
19533   			0.09   		   		
19538   			0.55   		   		
19544   			1.42   		   		
19550   			0.72   		   		
19556   			-0.03   		   		
19561   			0.19   		   		
19567   			0.94   		   		
19573   			1.17   		   		
19579   			0.24   		   		
19584   			0.07   		   		
19590   			0.55   		   		
19596   			0.38   		   		
19601   			0.61   		   		
19607   			-0.03   		   		
19613   			0.55   		   		
19619   			0.65   		   		
19624   			-0.05   		   		
19630   			0.36   		   		
19636   			0.24   		   		
19641   			0.07   		   		
19647   			-0.63   		   		
19653   			-1.09   		   		
19659   			-0.34   		   		
19664   			-0.10   		   		
19670   			-1.20   		   		
19676   			-0.84   		   		
19682   			0.20   		   		
19687   			0.26   		   		
19693   			0.14   		   		
19699   			-0.72   		   		
19705   			0.32   		   		
19710   			-0.96   		   		
19716   			-0.49   		   		
19722   			-2.35   		   		
19727   			-0.61   		   		
19733   			0.14   		   		
19739   			-0.55   		   		
19745   			-0.72   		   		
19750   			-0.49   		   		
19756   			0.49   		   		
19762   			0.51   		   		
19768   			0.34   		   		
19773   			-0.47   		   		
19779   			-0.18   		   		
19785   			-0.47   		   		
19790   			0.14   		   		
19796   			0.43   		   		
19802   			0.61   		   		
19808   			-0.67   		   		
19813   			0.38   		   		
19819   			0.16   		   		
19825   			0.28   		   		
19831   			0.86   		   		
19836   			0.34   		   		
19842   			-0.07   		   		
19848   			0.90   		   		
19853   			-0.03   		   		
19859   			-0.44   		   		
19865   			0.38   		   		
19871   			-0.90   		   		
19876   			0.07   		   		
19882   			-0.34   		   		
19888   			-0.91   		   		
19894   			0.01   		   		
19899   			-0.39   		   		
19905   			-0.09   		   		
19911   			-0.38   		   		
19916   			0.20   		   		
19922   			0.55   		   		
19928   			-0.09   		   		
19934   			0.90   		   		
19939   			-0.49   		   		
19945   			0.26   		   		
19951   			-1.77   		   		
19956   			0.66   		   		
19962   			0.43   		   		
19968   			-0.03   		   		
19974   			0.20   		   		
19979   			0.49   		   		
19985   			0.38   		   		
19991   			-0.03   		   		
19997   			-0.44   		   		
20002   			0.61   		   		
20008   			0.49   		   		
20014   			-1.36   		   		
20019   			1.17   		   		
20025   			0.94   		   		
20031   			0.24   		   		
20037   			1.00   		   		
20042   			1.00   		   		
20048   			1.05   		   		
20054   			0.82   		   		
20060   			0.24   		   		
20065   			-0.63   		   		
20071   			-0.16   		   		
20077   			-0.82   		   		
20082   			-0.12   		   		
20088   			-0.18   		   		
20094   			-0.12   		   		
20100   			-0.94   		   		
20105   			-1.13   		   		
20111   			-0.44   		   		
20117   			0.43   		   		
20123   			-0.61   		   		
20128   			-0.90   		   		
20134   			-0.46   		   		
20140   			-0.75   		   		
20145   			-0.57   		   		
20151   			-0.40   		   		
20157   			-0.51   		   		
20163   			-1.01   		   		
20168   			-0.84   		   		
20174   			-0.32   		   		
20180   			-0.49   		   		
20186   			-0.72   		   		
20191   			-0.40   		   		
20197   			-0.05   		   		
20203   			-0.17   		   		
20208   			-0.92   		   		
20214   			-0.98   		   		
20220   			-0.72   		   		
20226   			-0.90   		   		
20231   			0.09   		   		
20237   			-1.07   		   		
20243   			-0.26   		   		
20249   			-0.47   		   		
20254   			-0.07   		   		
20260   			-0.47   		   		
20266   			0.22   		   		
20271   			0.22   		   		
20277   			0.01   		   		
20283   			-0.68   		   		
20289   			-0.28   		   		
20294   			-1.20   		   		
20300   			-0.91   		   		
20306   			-0.92   		   		
20312   			0.30   		   		
20317   			-0.63   		   		
20323   			-0.22   		   		
20329   			-0.05   		   		
20334   			-0.44   		   		
20340   			0.32   		   		
20346   			0.20   		   		
20352   			0.03   		   		
20357   			0.43   		   		
20363   			-0.18   		   		
20369   			-0.24   		   		
20375   			0.45   		   		
20380   			-0.07   		   		
20386   			0.51   		   		
20392   			-0.38   		   		
20397   			0.14   		   		
20403   			-0.20   		   		
20409   			-0.03   		   		
20415   			0.09   		   		
20420   			0.69   		   		
20426   			-0.24   		   		
20432   			-0.07   		   		
20437   			0.16   		   		
20443   			0.34   		   		
20449   			-0.05   		   		
20455   			0.59   		   		
20460   			-0.05   		   		
20466   			-0.57   		   		
20472   			0.24   		   		
20478   			-0.26   		   		
20483   			-0.32   		   		
20489   			-1.25   		   		
20495   			-2.93   		   		
20500   			0.32   		   		
20506   			-0.03   		   		
20512   			0.26   		   		
20518   			0.72   		   		
20523   			-0.09   		   		
20529   			0.55   		   		
20535   			0.43   		   		
20541   			1.01   		   		
20546   			0.90   		   		
20552   			0.61   		   		
20558   			-2.00   		   		
20563   			-0.55   		   		
20569   			-1.19   		   		
20575   			-1.42   		   		
20581   			-0.38   		   		
20586   			-0.15   		   		
20592   			0.16   		   		
20598   			-0.24   		   		
20604   			0.51   		   		
20609   			-0.53   		   		
20615   			0.92   		   		
20621   			-0.32   		   		
20626   			1.30   		   		
20632   			-0.09   		   		
20638   			1.30   		   		
20644   			0.32   		   		
20649   			-0.78   		   		
20655   			-0.03   		   		
20661   			-0.20   		   		
20667   			0.84   		   		
20672   			1.36   		   		
20678   			0.38   		   		
20684   			-1.19   		   		
20689   			0.38   		   		
20695   			1.07   		   		
20701   			0.49   		   		
20707   			-0.12   		   		
20712   			-0.12   		   		
20718   			0.92   		   		
20724   			-0.47   		   		
20730   			-1.17   		   		
20735   			-0.96   		   		
20741   			-1.19   		   		
20747   			-2.29   		   		
20752   			-0.72   		   		
20758   			-0.67   		   		
20764   			-0.41   		   		
20770   			-0.36   		   		
20775   			0.51   		   		
20781   			0.34   		   		
20787   			0.11   		   		
20793   			-0.70   		   		
20798   			-0.82   		   		
20804   			-0.65   		   		
20810   			0.05   		   		
20815   			-0.07   		   		
20821   			-0.36   		   		
20827   			0.28   		   		
20833   			0.57   		   		
20838   			-0.36   		   		
20844   			0.11   		   		
20850   			-0.26   		   		
20856   			0.09   		   		
20861   			0.26   		   		
20867   			-0.67   		   		
20873   			-0.38   		   		
20878   			-1.30   		   		
20884   			-0.90   		   		
20890   			-0.38   		   		
20896   			-0.96   		   		
20901   			-1.01   		   		
20907   			0.55   		   		
20913   			-0.32   		   		
20919   			-1.30   		   		
20924   			-0.61   		   		
20930   			-0.03   		   		
20936   			0.11   		   		
20941   			-0.65   		   		
20947   			-0.53   		   		
